% time_sec delay_sec
1.15264 0.0524975
1.15264 0.0524975
1.25279 0.0526425
1.35258 0.0524342
1.45159 0.355463
1.4531 0.0529508
1.55309 0.0529419
1.65311 0.0529597
1.75313 0.0529877
1.75433 0.355524
1.85313 0.052985
1.95313 0.252317
1.95389 0.0537207
1.95715 0.0590006
1.96101 0.0588291
2.05294 0.146728
2.05403 0.0538679
2.05697 0.0588262
2.06101 0.058827
2.06501 0.0587978
2.06937 0.0591186
2.07308 0.0588004
2.07722 0.0589065
2.08165 0.059298
2.08571 0.0593315
2.09142 0.0589901
2.09585 0.0593816
2.10098 0.0604808
2.10592 0.0613888
2.1108 0.0622311
2.11554 0.0629421
2.12042 0.0637874
2.12644 0.0657706
2.13041 0.0657113
2.13727 0.0685393
2.14221 0.0674276
2.14664 0.067822
2.15139 0.068536
2.15524 0.0683542
2.16082 0.0699012
2.16095 0.0700296
2.1648 0.0686664
2.16948 0.0693147
2.17282 0.0686164
2.1766 0.0683689
2.18096 0.0686977
2.18763 0.0713316
2.1909 0.0685509
2.19442 0.0680407
2.19827 0.067853
2.20282 0.06837
2.20295 0.0684984
2.20686 0.0683763
2.21103 0.068511
2.21552 0.0689653
2.2193 0.0687178
2.22341 0.0687898
2.23361 0.0689056
2.23778 0.0690404
2.24208 0.0693064
2.24586 0.0690589
2.24984 0.0690055
2.25369 0.0688236
2.25754 0.0686389
2.2628 0.0698664
2.26376 0.0635992
2.26691 0.06876
2.27095 0.0687664
2.27698 0.0707642
2.28077 0.0685
2.28474 0.0684436
2.28872 0.0683872
2.29244 0.0680711
2.29628 0.0678834
2.30039 0.0679525
2.30481 0.0683381
2.31403 0.0695004
2.31942 0.0688396
2.32321 0.0685921
2.32827 0.0696221
2.33148 0.0687954
2.33533 0.0686135
2.3395 0.0687483
2.34354 0.0687546
2.34714 0.068316
2.35144 0.068582
2.35734 0.0704515
2.36048 0.0675453
2.36356 0.063395
2.36683 0.0707011
2.37062 0.0684368
2.37472 0.0685088
2.3789 0.0686465
2.38255 0.0682706
2.38653 0.0682171
2.39141 0.0690566
2.39538 0.0689972
2.39551 0.0691256
2.39917 0.0687497
2.40513 0.070679
2.40929 0.068794
2.41288 0.0683495
2.41731 0.0687435
2.42116 0.0685587
2.42584 0.0692099
2.42976 0.0690879
2.43322 0.068515
2.43745 0.0687154
2.4379 0.0691633
2.44168 0.0689158
2.44733 0.0705314
2.4517 0.0688464
2.45555 0.0686645
2.46056 0.0696353
2.4637 0.0635339
2.4646 0.0684662
2.46871 0.0685411
2.473 0.0688043
2.47647 0.0682373
2.48103 0.0687601
2.48494 0.068641
2.48898 0.0686473
2.49475 0.0703825
2.49853 0.0681153
2.50295 0.0685039
2.5068 0.0683191
2.51097 0.0684539
2.51527 0.0687199
2.51938 0.0687919
2.52354 0.0689262
2.53162 0.0689389
2.53734 0.0686004
2.54144 0.0686724
2.54516 0.0683593
2.54927 0.0684342
2.55344 0.0685719
2.55755 0.0686439
2.56249 0.0695519
2.56358 0.0634131
2.56672 0.0685739
2.57077 0.0685832
2.57468 0.0684612
2.57885 0.0685989
2.58488 0.0705967
2.58853 0.0682011
2.59289 0.068527
2.59693 0.0685333
2.60059 0.0681574
2.60514 0.0686773
2.60938 0.0688777
2.6131 0.0685646
2.61766 0.0690874
2.62343 0.0708285
2.62792 0.0692689
2.63132 0.0686333
2.63552 0.0688021
2.63931 0.0685546
2.64393 0.0691401
2.64739 0.0685731
2.65111 0.06826
2.65509 0.0682036
2.66048 0.0695595
2.66465 0.0685188
2.67466 0.0704603
2.67864 0.0683871
2.68268 0.0683964
2.68659 0.0682773
2.69076 0.068412
2.69089 0.0685404
2.69467 0.06829
2.6948 0.0684184
2.69852 0.0681052
2.70333 0.068879
2.70705 0.0685658
2.71334 0.0708175
2.71751 0.0689384
2.72136 0.0687536
2.72578 0.0691481
2.72976 0.0690917
2.73361 0.0689069
2.73797 0.0692357
2.74509 0.0682899
2.74933 0.0684932
2.75523 0.0683459
2.75799 0.0670713
2.76473 0.0697768
2.76922 0.0690556
2.77294 0.0687424
2.77679 0.0685606
2.78058 0.0683131
2.78481 0.0685135
2.78885 0.0685198
2.79328 0.0689084
2.7934 0.0690368
2.79655 0.0681473
2.80276 0.0703305
2.80289 0.0704588
2.80661 0.0681289
2.81091 0.068392
2.81534 0.0687865
2.81931 0.0687301
2.82339 0.0687705
2.82775 0.0690993
2.83224 0.0695535
2.83545 0.0687297
2.84116 0.0704052
2.84514 0.0683349
2.84937 0.0685383
2.85348 0.0686103
2.85746 0.0685539
2.86285 0.0699098
2.86355 0.0633858
2.86612 0.0679704
2.87016 0.0679767
2.87446 0.0682398
2.87856 0.0683119
2.88286 0.0685779
2.88767 0.0693546
2.89306 0.0707105
2.89678 0.0683776
2.9005 0.0680645
2.90499 0.0685217
2.90941 0.0689132
2.91294 0.068406
2.91718 0.0686093
2.92109 0.0684902
2.92584 0.0692041
2.93174 0.0710677
2.93559 0.0688691
2.93957 0.0688128
2.94399 0.0692072
2.9472 0.0683834
2.9515 0.0686495
2.95516 0.0682736
2.96036 0.0694354
2.96363 0.0634625
2.96466 0.0685231
2.96876 0.0685981
2.97299 0.0687955
2.97672 0.0684853
2.98281 0.0705459
2.98647 0.0681532
2.99455 0.0681689
2.99866 0.0682409
3.00308 0.0686324
3.00694 0.0684532
3.01091 0.0683968
3.01525 0.0686939
3.02583 0.0691949
3.02974 0.0690729
3.03346 0.0687587
3.03769 0.0689591
3.03782 0.0690875
3.04177 0.0689995
3.0453 0.0684952
3.04985 0.069018
3.05358 0.0687078
3.0573 0.0683946
3.06256 0.0676054
3.06686 0.0687099
3.07257 0.0703882
3.07661 0.0683807
3.08078 0.0685184
3.08502 0.0687217
3.08861 0.0682802
3.09259 0.0682238
3.09657 0.0681703
3.10081 0.0683737
3.10517 0.0687054
3.11127 0.070766
3.11499 0.0684361
3.11916 0.0685737
3.12352 0.0689025
3.13173 0.0690465
3.13558 0.0688647
3.13924 0.0684859
3.14341 0.0686206
3.14925 0.0704268
3.15329 0.0684193
3.15733 0.0684286
3.16266 0.0697189
3.16644 0.068293
3.16657 0.0684214
3.17048 0.0683023
3.17446 0.0682459
3.1785 0.0682552
3.18293 0.0686496
3.18729 0.0689784
3.19095 0.0686025
3.19563 0.0692508
3.20115 0.0707351
3.20506 0.0685963
3.20519 0.0687247
3.2091 0.0686027
3.20923 0.068731
3.21295 0.0684179
3.21719 0.0686212
3.22107 0.0684675
3.22575 0.0691188
3.2296 0.068934
3.23332 0.0686208
3.23935 0.0706187
3.24333 0.0685456
3.24731 0.0684921
3.25142 0.068567
3.2554 0.0685107
3.26053 0.0696098
3.26367 0.0635084
3.26444 0.0683123
3.2683 0.0681305
3.27304 0.0688415
3.27676 0.0685313
3.28081 0.0685406
3.28485 0.0685498
3.29087 0.0705418
3.29472 0.0683344
3.29824 0.0678272
3.30273 0.0682814
3.30286 0.0684098
3.30671 0.0682251
3.31094 0.0684225
3.31581 0.0692614
3.31921 0.0686287
3.3237 0.0690859
3.32954 0.0708897
3.33332 0.0686225
3.33762 0.0688857
3.33775 0.069014
3.34121 0.0684441
3.34509 0.0682904
3.34933 0.0684938
3.35331 0.0684374
3.35703 0.0681242
3.36184 0.0689038
3.36197 0.0690322
3.36312 0.0629556
3.36652 0.0683732
3.37011 0.0679317
3.37448 0.0682605
3.38012 0.0698732
3.38436 0.0680568
3.38859 0.0682543
3.3924 0.0680349
3.39657 0.0681697
3.40016 0.0677281
3.40394 0.0674777
3.40799 0.067487
3.41273 0.068198
3.4187 0.0701331
3.42325 0.0686363
3.42743 0.0687739
3.43133 0.0686489
3.43499 0.0682731
3.43871 0.067957
3.44275 0.0679633
3.44628 0.067459
3.45096 0.0681044
3.45647 0.0695857
3.4591 0.066166
3.46205 0.0618873
3.46295 0.0668196
3.46866 0.068495
3.47225 0.0660367
3.4761 0.0658519
3.47937 0.0650879
3.48322 0.0649061
3.48835 0.0659993
3.49098 0.0645934
3.49406 0.0636383
3.49796 0.0635133
3.49809 0.0636417
3.50424 0.0657591
3.50745 0.0629156
3.51188 0.0633072
3.51572 0.0631224
3.51996 0.0633228
3.52438 0.0637143
3.52829 0.0635923
3.5324 0.0636613
3.53599 0.0632198
3.54176 0.0649579
3.54644 0.0635865
3.54977 0.0628882
3.55503 0.0641128
3.55516 0.0642411
3.55798 0.0578174
3.55927 0.0631348
3.56305 0.0628873
3.5669 0.0627025
3.5703 0.0620698
3.57428 0.0620135
3.57845 0.0621482
3.5814 0.0610676
3.58538 0.0610083
3.59121 0.0628062
3.59569 0.0612403
3.59909 0.0606047
3.60345 0.0609276
3.6071 0.0605517
3.61159 0.0610089
3.61653 0.061911
3.62083 0.0621741
3.62435 0.0616669
3.62448 0.0617953
3.63038 0.0636618
3.63423 0.0614574
3.63843 0.0616232
3.64349 0.0626567
3.64689 0.062024
3.65087 0.0619676
3.65587 0.0629354
3.65645 0.056283
3.65914 0.060996
3.66338 0.0611964
3.66748 0.0612684
3.67159 0.0613404
3.67537 0.06109
3.68128 0.0629594
3.68557 0.0612029
3.6857 0.0613312
3.68942 0.0610152
3.68954 0.0611435
3.69384 0.0614067
3.6975 0.0610278
3.70256 0.0620554
3.70268 0.0621838
3.70576 0.0612287
3.71012 0.061554
3.71435 0.0617515
3.71448 0.0618799
3.72256 0.0659203
3.72634 0.0636501
3.73056 0.0638446
3.73069 0.063973
3.73473 0.0639794
3.73916 0.0643709
3.74326 0.0644429
3.7473 0.0644492
3.75204 0.0651573
3.75217 0.0652857
3.7566 0.0656802
3.75974 0.0595759
3.76061 0.0644736
3.76471 0.0645485
3.76875 0.0645549
3.77498 0.0667439
3.77876 0.0644766
3.78267 0.0643575
3.78767 0.0653224
3.79062 0.064236
3.79075 0.0643644
3.79478 0.0643678
3.79972 0.065267
3.80286 0.0643746
3.80683 0.0643153
3.81389 0.0673344
3.81748 0.0648761
3.81761 0.0650044
3.82228 0.0656498
3.82677 0.066104
3.83094 0.0662358
3.83543 0.066693
3.8396 0.0668278
3.84361 0.0668025
3.84906 0.0682211
3.85438 0.0695114
3.8572 0.0662827
3.86176 0.0668026
3.86272 0.0625522
3.86804 0.0698956
3.87195 0.0677539
3.87632 0.0680827
3.88004 0.0677695
3.88427 0.0679699
3.8885 0.0681674
3.89299 0.0686187
3.89587 0.0674695
3.90023 0.0677954
3.9067 0.0702347
3.91106 0.0685438
3.91484 0.0682934
3.9194 0.0688133
3.92338 0.0687569
3.92828 0.069624
3.9284 0.0697524
3.93097 0.0682837
3.93501 0.068293
3.93899 0.0682366
3.94485 0.0700686
3.94912 0.0682862
3.95323 0.0683582
3.95708 0.0681735
3.96221 0.0692697
3.96233 0.069398
3.96304 0.0628741
3.96606 0.0679065
3.96971 0.0675277
3.97343 0.0672145
3.97747 0.0672238
3.9817 0.0674213
3.98574 0.0674276
3.98895 0.066598
3.99491 0.0685243
3.99875 0.0663198
4.00343 0.0669622
4.00703 0.0665263
4.00716 0.0666547
4.0112 0.066661
4.01562 0.0670526
4.01947 0.0668649
4.0236 0.0669645
4.02854 0.0678666
4.03424 0.0695415
4.03816 0.0674027
4.04258 0.0677942
4.04662 0.0678035
4.05073 0.0678755
4.05457 0.0676878
4.05964 0.0687213
4.06256 0.0623913
4.06352 0.0673863
4.06776 0.0675897
4.07128 0.0670824
4.07488 0.0666438
4.07879 0.0665247
4.08483 0.0685255
4.08835 0.0659986
4.08848 0.066127
4.09213 0.0657482
4.09585 0.0654321
4.10031 0.0658547
4.10396 0.0654758
4.10749 0.0649716
4.11121 0.0646584
4.11589 0.0653067
4.12281 0.0681945
4.12294 0.0683229
4.12708 0.0664092
4.13144 0.0667351
4.1357 0.0669666
4.13955 0.0667789
4.14391 0.0671047
4.14404 0.0672331
4.14811 0.0672735
4.15176 0.0668947
4.15561 0.0667099
4.16093 0.0679972
4.16177 0.0616016
4.16465 0.0665057
4.16844 0.0662582
4.17447 0.0682531
4.1787 0.0664367
4.18242 0.0661236
4.18742 0.0670884
4.19069 0.0663244
4.19518 0.0667757
4.198 0.0655638
4.20133 0.0648621
4.20562 0.0651223
4.21184 0.0673083
4.21626 0.0656796
4.2203 0.0656859
4.22578 0.0671322
4.2295 0.0668161
4.23412 0.0674017
4.23797 0.0672169
4.24175 0.0669665
4.24618 0.0673575
4.25252 0.0696714
4.25637 0.0674698
4.25964 0.0667058
4.26297 0.0628094
4.26605 0.0699214
4.27003 0.0678453
4.2741 0.0678822
4.27788 0.0676347
4.28154 0.0672559
4.28654 0.0682237
4.29058 0.0682271
4.29365 0.0672691
4.29775 0.0673352
4.3041 0.0696467
4.30788 0.0673795
4.31262 0.0680905
4.3165 0.0679369
4.32137 0.0687733
4.32554 0.0689081
4.32913 0.0684636
4.33253 0.0678309
4.33728 0.0685449
4.34344 0.0706682
4.34722 0.0684039
4.35139 0.0685416
4.35531 0.0684225
4.36083 0.0699068
4.36512 0.0689915
4.37276 0.0685563
4.37667 0.0684372
4.38065 0.0683808
4.38539 0.0690948
4.38886 0.0685219
4.39462 0.0702571
4.39866 0.0682467
4.40404 0.0695938
4.40719 0.0687044
4.41103 0.0685166
4.41527 0.0687141
4.41905 0.0684637
4.42331 0.0686952
4.44532 0.0685129
4.44923 0.0683938
4.45327 0.0684031
4.45738 0.0684751
4.46277 0.069831
4.46392 0.0637549
4.46681 0.068659
4.47046 0.0682802
4.47457 0.0683522
4.47867 0.0684242
4.4788 0.0685526
4.48611 0.0718285
4.48906 0.0687282
4.49368 0.0693108
4.49381 0.0694392
4.49733 0.068932
4.50099 0.0685532
4.50509 0.0686223
4.50903 0.0685279
4.51297 0.0684369
4.51788 0.0693074
4.52384 0.0712338
4.52775 0.0690979
4.5316 0.0689131
4.53577 0.0690508
4.53949 0.0687376
4.54732 0.0684994
4.55136 0.0685087
4.5554 0.068518
4.56034 0.069423
4.56368 0.0635128
4.56464 0.0685078
4.57465 0.0704463
4.5792 0.0689495
4.58311 0.0688304
4.58785 0.0695385
4.59087 0.0685177
4.591 0.0686461
4.59446 0.0680732
4.5983 0.0678825
4.60278 0.0683339
4.60323 0.0687817
4.60708 0.068594
4.61323 0.0707174
4.61747 0.068901
4.62138 0.0687819
4.63016 0.0694963
4.63357 0.0688636
4.63799 0.0692552
4.6412 0.0684284
4.64518 0.068375
4.65153 0.0706953
4.65512 0.068237
4.65801 0.0670907
4.66494 0.0699873
4.67302 0.0688216
4.67674 0.0685114
4.68053 0.0682639
4.68502 0.0687211
4.68912 0.0687902
4.69354 0.0691758
4.69624 0.0678355
4.70322 0.070789
4.7072 0.0687129
4.71137 0.0688476
4.71566 0.0691107
4.71983 0.0692455
4.72349 0.0688696
4.72842 0.0697717
4.73138 0.0686912
4.73535 0.0686348
4.74132 0.070567
4.74511 0.0683027
4.74998 0.0691451
4.75351 0.0686408
4.75755 0.0686501
4.76282 0.0698805
4.76391 0.0637417
4.77039 0.0682042
4.77449 0.0682733
4.77847 0.0682169
4.78277 0.068483
4.78751 0.069194
4.79329 0.070938
4.79707 0.0686679
4.8013 0.0688683
4.80534 0.0688746
4.81355 0.0690157
4.81721 0.0686398
4.82099 0.0683923
4.82568 0.0690435
4.83524 0.0685174
4.83947 0.0687178
4.8439 0.0691123
4.84749 0.0686736
4.85205 0.0691965
4.85552 0.0686295
4.86026 0.0693434
4.8636 0.0634332
4.86463 0.0684938
4.86861 0.0684404
4.8729 0.0687035
4.87303 0.0688319
4.87675 0.0685217
4.88285 0.0705823
4.8874 0.0690854
4.89093 0.0685782
4.8949 0.0685189
4.89849 0.0680773
4.90292 0.0684659
4.90677 0.0682811
4.91087 0.0683502
4.9151 0.0685506
4.92575 0.0691167
4.92973 0.0690604
4.93345 0.0687472
4.93768 0.0689476
4.94522 0.068418
4.94926 0.0684273
4.95363 0.068759
4.95799 0.0690878
4.96261 0.0676566
4.96357 0.0634062
4.96659 0.0684387
4.96672 0.068567
4.97262 0.0704336
4.97685 0.0686172
4.98102 0.0687549
4.98506 0.0687642
4.98885 0.0685137
4.99333 0.068968
4.99346 0.0690964
4.99635 0.0679501
5.0002 0.0677654
5.00482 0.0683567
5.01098 0.070477
5.01547 0.0689174
5.01977 0.0691835
5.02368 0.0690644
5.02804 0.0693932
5.03196 0.0692741
5.03568 0.0689638
5.03915 0.0683939
5.04922 0.070401
5.05326 0.0683906
5.0573 0.0683999
5.06276 0.0698185
5.06346 0.0632945
5.06673 0.0685838
5.06686 0.0687122
5.07078 0.0685931
5.07495 0.0687307
5.07848 0.0682265
5.08297 0.0686866
5.08701 0.0686959
5.09093 0.0685767
5.09484 0.0684576
5.10119 0.070775
5.10511 0.0686391
5.10908 0.0685827
5.11351 0.0689708
5.11716 0.0685949
5.12146 0.068861
5.12589 0.0692554
5.12923 0.0685571
5.13327 0.0685634
5.13917 0.0704329
5.14321 0.0684225
5.14693 0.0681123
5.15149 0.0686351
5.15515 0.0682592
5.16086 0.0699376
5.16349 0.0633197
5.16477 0.0686372
5.16862 0.0684553
5.1726 0.0683989
5.17651 0.0682798
5.18068 0.0684175
5.18473 0.0684268
5.19094 0.0706099
5.19485 0.0684711
5.19498 0.0685995
5.19896 0.0685431
5.20313 0.0686749
5.20736 0.0688753
5.21127 0.0687532
5.21538 0.0688252
5.21923 0.0686405
5.2234 0.0687781
5.22968 0.0710298
5.23321 0.0685088
5.23764 0.0689003
5.24521 0.0684053
5.24944 0.0686086
5.25349 0.0686179
5.25747 0.0685645
5.26299 0.0700488
5.26395 0.0637816
5.26671 0.0685572
5.27017 0.0679873
5.2744 0.0681877
5.28095 0.0706991
5.28506 0.0687573
5.28916 0.0688264
5.29327 0.0689013
5.29724 0.068842
5.3009 0.0684661
5.30488 0.0684097
5.30905 0.0685474
5.31322 0.0686821
5.3195 0.0709368
5.32345 0.068832
5.32358 0.0689604
5.33166 0.0689726
5.33551 0.0687907
5.33949 0.0687343
5.34372 0.0689347
5.34719 0.0683677
5.35136 0.0685054
5.35726 0.0703719
5.36015 0.0672089
5.36477 0.0686358
5.37086 0.0706964
5.37478 0.0685605
5.37901 0.0687609
5.38292 0.0686418
5.38697 0.0686511
5.3912 0.0688515
5.39479 0.06841
5.39864 0.0682252
5.40338 0.0689333
5.4089 0.0704146
5.413 0.0684669
5.41737 0.0687987
5.42147 0.0688707
5.4259 0.0692651
5.42962 0.068952
5.43334 0.0686353
5.43763 0.0688985
5.44123 0.0684569
5.44716 0.0703604
5.45166 0.0688038
5.45538 0.0684906
5.46077 0.0698495
5.46379 0.0636197
5.46494 0.0688088
5.47321 0.0690155
5.47642 0.0681917
5.48079 0.0685205
5.4849 0.0685954
5.489 0.0686645
5.49291 0.0685425
5.49855 0.0701464
5.50271 0.0682614
5.50727 0.0687813
5.50739 0.0689097
5.51124 0.0687249
5.51541 0.0688626
5.51952 0.0689346
5.52353 0.0689093
5.52366 0.0690377
5.52821 0.0695576
5.53709 0.0703747
5.53722 0.0705031
5.541 0.0682359
5.54505 0.0682451
5.54928 0.068445
5.55326 0.0683886
5.55724 0.0683352
5.56243 0.069497
5.56352 0.0633582
5.56657 0.0684218
5.57003 0.0678518
5.57433 0.068115
5.57818 0.0679302
5.58248 0.0681963
5.58851 0.0701912
5.59274 0.0683719
5.59671 0.0683126
5.60056 0.0681278
5.60447 0.0680028
5.60896 0.068457
5.61268 0.0681439
5.61675 0.0681843
5.62092 0.0683219
5.6308 0.0681153
5.63507 0.0683498
5.63891 0.0681621
5.64308 0.0682968
5.64706 0.0682433
5.65065 0.0678018
5.65501 0.0681247
5.65918 0.0682624
5.66232 0.0621581
5.66322 0.0670904
5.66682 0.0666517
5.67047 0.0662729
5.67618 0.0679483
5.67971 0.0654243
5.68356 0.0652425
5.68875 0.0663985
5.69093 0.0645447
5.69509 0.0646764
5.69805 0.0635959
5.70221 0.0637247
5.70593 0.0634116
5.71222 0.0656662
5.71607 0.0634647
5.72049 0.0638562
5.72492 0.0642477
5.72883 0.0641257
5.73287 0.064132
5.73742 0.064649
5.74024 0.0634371
5.74486 0.0640227
5.75044 0.0655697
5.75326 0.062341
5.75743 0.0624758
5.75839 0.0582253
5.76327 0.0651209
5.76705 0.0628537
5.77097 0.0627346
5.77456 0.062293
5.77834 0.0620426
5.77847 0.062171
5.78207 0.0617324
5.78623 0.0618642
5.787 0.0626316
5.78918 0.0607777
5.79328 0.0608497
5.79944 0.0629725
5.80335 0.0608308
5.80758 0.0610312
5.81188 0.0612972
5.81663 0.0620083
5.82124 0.0625904
5.82483 0.0621459
5.82496 0.0622743
5.82881 0.0620895
5.83253 0.0617734
5.83875 0.0639595
5.84285 0.0620147
5.84696 0.0620867
5.85087 0.0619647
5.85587 0.0629325
5.85696 0.0567936
5.85997 0.0618256
5.86338 0.0611929
5.86697 0.0607514
5.87088 0.0606322
5.87486 0.0605759
5.87832 0.0600059
5.87845 0.0601343
5.88211 0.0597584
5.88839 0.0620072
5.89157 0.0591321
5.89612 0.059649
5.90009 0.0595927
5.90407 0.0595363
5.90805 0.0594828
5.91196 0.0593608
5.91606 0.0594299
5.92097 0.0602974
5.92109 0.0604258
5.9269 0.062198
5.93158 0.0608237
5.93478 0.0599969
5.93869 0.059872
5.94299 0.0601351
5.94677 0.0598847
5.95171 0.0607897
5.9544 0.0542375
5.9553 0.0591698
5.95954 0.0593731
5.96326 0.05906
5.96724 0.0590031
5.97115 0.058884
5.97744 0.0611386
5.98173 0.059382
5.98564 0.05926
5.98577 0.0593884
5.98955 0.0591379
5.9935 0.0590499
5.9976 0.0591161
6.00151 0.0589911
6.00549 0.0589406
6.00998 0.0593943
6.01614 0.0615176
6.02069 0.0600207
6.02486 0.0601584
6.02897 0.0602304
6.033 0.0602338
6.03749 0.0606881
6.04127 0.0604376
6.04493 0.0600588
6.04891 0.0600024
6.05359 0.0606507
6.05372 0.0607791
6.05442 0.0542551
6.05725 0.0590965
6.06123 0.059043
6.06739 0.0611693
6.07149 0.0592245
6.07162 0.0593529
6.07553 0.0592338
6.07951 0.0591774
6.08368 0.0593121
6.08759 0.0591901
6.09138 0.0589426
6.09542 0.0589489
6.09997 0.0594688
6.10613 0.0615951
6.11004 0.0594592
6.11405 0.059431
6.11905 0.0603988
6.12302 0.0603365
6.12732 0.0605997
6.13078 0.0600297
6.13488 0.0600959
6.13892 0.0601022
6.14444 0.0615836
6.14809 0.059188
6.1513 0.0583612
6.15444 0.0542737
6.15714 0.0610035
6.16124 0.0590587
6.16516 0.0589396
6.16945 0.0592027
6.17349 0.0592091
6.17773 0.0594095
6.18144 0.0590934
6.18586 0.0594814
6.18958 0.0591653
6.1958 0.0613484
6.19964 0.0591439
6.20381 0.0592752
6.20785 0.0592816
6.2117 0.0590968
6.21644 0.0598044
6.22067 0.0599989
6.22458 0.0598739
6.22913 0.0603909
6.22925 0.0605193
6.23458 0.0618066
6.23817 0.0593483
6.24221 0.0593546
6.24586 0.0589758
6.25125 0.0603317
6.25439 0.0542274
6.25542 0.0592881
6.25924 0.0590717
6.26353 0.0593348
6.26745 0.0592157
6.27123 0.0589652
6.27547 0.0591656
6.27937 0.0590407
6.2795 0.059169
6.28636 0.0619912
6.28982 0.0594015
6.29386 0.0594049
6.29398 0.0595333
6.29783 0.0593456
6.30168 0.0591579
6.30546 0.0589075
6.30976 0.0591706
6.31414 0.0595241
6.31844 0.0597872
6.31953 0.0608741
6.3244 0.0617135
6.32857 0.0598315
6.33203 0.0592586
6.33594 0.0591366
6.34004 0.0592086
6.34396 0.0590865
6.34812 0.0592213
6.35357 0.0606359
6.35453 0.0543687
6.35755 0.0594012
6.36121 0.0590253
6.36512 0.0589033
6.36942 0.0591664
6.37551 0.061227
6.37974 0.0594077
6.38391 0.0595395
6.38769 0.0592861
6.39141 0.0589729
6.39544 0.0589763
6.39557 0.0591047
6.3998 0.0593022
6.40378 0.0592429
6.40814 0.0595717
6.41442 0.0618204
6.41948 0.0608312
6.42384 0.0611512
6.42396 0.0612796
6.42807 0.0613487
6.4282 0.0614771
6.43153 0.0607758
6.43621 0.0614241
6.44032 0.0614961
6.44397 0.0611173
6.44807 0.0611864
6.45327 0.0623482
6.45628 0.0561155
6.45711 0.0609821
6.46135 0.0611855
6.46725 0.063052
6.4711 0.0608505
6.47508 0.0607941
6.47928 0.0609599
6.48299 0.0606438
6.48658 0.0601993
6.4903 0.0598832
6.49395 0.0595044
6.49825 0.0597646
6.50459 0.0620761
6.50889 0.0603225
6.5128 0.0602004
6.51761 0.0609742
6.52228 0.0616161
6.5269 0.0621987
6.53177 0.0630352
6.53222 0.0634831
6.53549 0.0627191
6.54011 0.0633046
6.54723 0.0663894
6.55178 0.0648925
6.55511 0.0641942
6.5614 0.061234
6.56294 0.0679866
6.56756 0.0673938
6.57262 0.0684243
6.57679 0.068562
6.58039 0.0681204
6.58513 0.0688344
6.58891 0.068581
6.5934 0.0690323
6.5968 0.0683967
6.6032 0.070768
6.60333 0.0708964
6.60705 0.0685665
6.61141 0.0688923
6.61545 0.0688987
6.61971 0.0691302
6.62337 0.0687514
6.6235 0.0688797
6.63158 0.0688924
6.63527 0.0685476
6.64149 0.0707366
6.64508 0.0682783
6.6497 0.0688639
6.65349 0.0686164
6.6574 0.0684973
6.66286 0.0699188
6.66696 0.0688125
6.67055 0.068368
6.67478 0.0685684
6.67889 0.0686404
6.68261 0.0683272
6.68755 0.0692294
6.693 0.070648
6.69697 0.0685719
6.6971 0.0687003
6.70107 0.068641
6.70518 0.068713
6.70941 0.0689105
6.71339 0.0688511
6.71736 0.0687948
6.72111 0.0685127
6.72605 0.0694148
6.73586 0.0691426
6.73971 0.0689578
6.74401 0.0692238
6.74735 0.0685285
6.75152 0.0686661
6.75518 0.0682902
6.76005 0.0691296
6.76364 0.0634762
6.76473 0.0685996
6.76973 0.0695674
6.77268 0.0684839
6.77647 0.0682364
6.7766 0.0683648
6.78301 0.0707478
6.78756 0.069248
6.7909 0.0685497
6.795 0.0686187
6.7991 0.0686878
6.80352 0.0690734
6.80734 0.0688541
6.80747 0.0689825
6.81118 0.0686664
6.81497 0.068416
6.82145 0.0708617
6.82562 0.0689826
6.83007 0.0694053
6.83431 0.0696056
6.84554 0.0687348
6.84948 0.0686468
6.85359 0.0687217
6.85795 0.0690505
6.86232 0.0673625
6.86392 0.0637511
6.86668 0.0685268
6.87277 0.0705844
6.87697 0.0687364
6.8771 0.0688648
6.88088 0.0686173
6.88563 0.0693313
6.88896 0.06863
6.89332 0.0689529
6.89345 0.0690813
6.89685 0.0684457
6.90037 0.0679385
6.9048 0.06833
6.91127 0.0707699
6.9114 0.0708983
6.91518 0.0686311
6.91954 0.0689599
6.92358 0.0689662
6.92795 0.069295
6.92808 0.0694234
6.93167 0.0689818
6.93564 0.0689254
6.93994 0.0691886
6.9436 0.0688127
6.94982 0.0710046
6.95348 0.0686119
6.95784 0.0689407
6.96266 0.0697203
6.96388 0.0637099
6.96695 0.0688051
6.97087 0.0686831
6.97099 0.0688114
6.97478 0.0685639
6.97863 0.0683792
6.98325 0.0689647
6.98754 0.0692249
6.99126 0.0689088
6.99466 0.0682732
6.99479 0.0684016
7.00145 0.0710356
7.00158 0.0711639
7.00531 0.06884
7.00928 0.0687806
7.00973 0.0692285
7.01338 0.0688497
7.01351 0.0689781
7.01736 0.0687933
7.02955 0.0688839
7.03347 0.0687648
7.03969 0.0709538
7.04373 0.0689463
7.04765 0.0688272
7.05169 0.0688365
7.05522 0.0683322
7.06093 0.0700105
7.0651 0.0689664
7.06952 0.0693579
7.07286 0.0686625
7.07671 0.0684777
7.08062 0.0683581
7.08492 0.0686242
7.09127 0.0709415
7.09544 0.0690595
7.09557 0.0691879
7.09903 0.0686179
7.10314 0.0686929
7.10718 0.0686992
7.11135 0.068834
7.11533 0.0687746
7.11924 0.0686555
7.12335 0.0687275
7.12989 0.071236
7.13348 0.0687806
7.13759 0.0688526
7.14188 0.0691158
7.14503 0.0682263
7.14984 0.0690059
7.15337 0.0685017
7.1578 0.0688961
7.16274 0.0698041
7.16396 0.0637937
7.16672 0.0685694
7.17057 0.0683846
7.17441 0.0681969
7.18096 0.0707083
7.18506 0.0687636
7.18917 0.0688326
7.19327 0.0689076
7.19719 0.0687855
7.20084 0.0684096
7.20495 0.0684816
7.2088 0.0682969
7.21322 0.0686854
7.21951 0.0709401
7.22336 0.0687385
7.23169 0.069008
7.23503 0.0683126
7.23933 0.0685757
7.24363 0.0688418
7.24713 0.0683059
7.25142 0.068572
7.25758 0.0706982
7.26034 0.0674068
7.26374 0.063579
7.26477 0.0686397
7.2708 0.0706375
7.2751 0.0688868
7.27908 0.0688304
7.28299 0.0687113
7.28716 0.0688461
7.29095 0.0685956
7.29479 0.0684109
7.29851 0.0680977
7.30319 0.0687431
7.30332 0.0688715
7.30916 0.0706782
7.31339 0.0688589
7.31795 0.0693788
7.32154 0.0689402
7.32597 0.0693346
7.32969 0.0690215
7.33351 0.0688051
7.33723 0.0684919
7.3414 0.0686266
7.34749 0.0706902
7.3516 0.0687454
7.35506 0.0681755
7.36084 0.0699195
7.36366 0.0634957
7.36482 0.0686847
7.3688 0.0686313
7.37328 0.0690855
7.37649 0.0682617
7.38086 0.0685905
7.38497 0.0686655
7.38862 0.0682866
7.3926 0.0682303
7.39888 0.070479
7.40298 0.0685343
7.40754 0.0690542
7.4112 0.0686783
7.41524 0.0686876
7.41954 0.0689536
7.42339 0.0687689
7.42801 0.0693544
7.43173 0.0690413
7.43185 0.0691696
7.43782 0.0711018
7.44128 0.0685151
7.44141 0.0686435
7.44513 0.0683304
7.4493 0.068468
7.45348 0.0686057
7.45739 0.0684866
7.46259 0.0696514
7.46393 0.0637693
7.46669 0.068545
7.47054 0.0683603
7.47458 0.0683666
7.4783 0.0680534
7.47843 0.0681818
7.48273 0.0684479
7.48902 0.0706996
7.49306 0.0686921
7.49697 0.0685671
7.50101 0.0685764
7.50524 0.0687739
7.50928 0.0687802
7.51313 0.0685954
7.5173 0.0687331
7.52134 0.0687424
7.53125 0.0685669
7.53529 0.0685762
7.53921 0.0684541
7.54344 0.0686545
7.54742 0.0686011
7.55133 0.068482
7.55499 0.0681061
7.56044 0.0695247
7.56372 0.0635517
7.56462 0.068484
7.56872 0.0685589
7.57264 0.0684369
7.57886 0.0706259
7.58303 0.0687468
7.58745 0.0691383
7.59098 0.0686311
7.59515 0.0687629
7.59874 0.0683243
7.60268 0.0682333
7.60685 0.0683681
7.61144 0.0689191
7.61741 0.0708542
7.63017 0.0695043
7.6337 0.069
7.64178 0.0690156
7.64191 0.069144
7.64493 0.0681262
7.64942 0.0685863
7.65558 0.0707125
7.65796 0.067036
7.65808 0.0671644
7.66238 0.0674304
7.66366 0.0634995
7.67316 0.068958
7.67701 0.0687762
7.68118 0.0689139
7.68497 0.0686664
7.68509 0.0687947
7.6892 0.0688638
7.69317 0.0688074
7.69676 0.0683629
7.70067 0.0682409
7.7008 0.0683693
7.70702 0.0705553
7.71119 0.0686733
7.71549 0.0689364
7.7196 0.0690114
7.72376 0.0691461
7.73512 0.0684007
7.73916 0.068407
7.74522 0.0704325
7.74958 0.0687445
7.75337 0.068497
7.75715 0.0682495
7.76261 0.0696711
7.76383 0.0636607
7.76697 0.0688215
7.7671 0.0689499
7.77095 0.0687652
7.7748 0.0685804
7.77903 0.0687808
7.78294 0.0686617
7.78307 0.0687901
7.78718 0.0688621
7.79077 0.0684205
7.79693 0.0705438
7.80116 0.0687275
7.8052 0.0687367
7.80912 0.0686147
7.81296 0.0684299
7.81739 0.0688214
7.82143 0.0688307
7.82535 0.0687116
7.82913 0.0684612
7.83529 0.0705874
7.83869 0.067935
7.84356 0.0687745
7.8469 0.0680791
7.85017 0.0673151
7.85402 0.0671303
7.85838 0.0674591
7.86069 0.0605217
7.86171 0.0655824
7.86505 0.064887
7.86819 0.0639946
7.87134 0.0631052
7.8748 0.0625352
7.88006 0.0637598
7.88352 0.0611731
7.88749 0.0611108
7.88762 0.0612392
7.89012 0.0597049
7.89333 0.0588782
7.8974 0.0589156
7.9015 0.0589847
7.90555 0.058994
7.90959 0.0590032
7.91632 0.0616999
7.91978 0.0591132
7.92382 0.0591225
7.92786 0.0591288
7.92799 0.0592572
7.93203 0.0592636
7.93582 0.0590131
7.93986 0.0590195
7.94383 0.0589631
7.94781 0.0589067
7.95345 0.0605165
7.95429 0.0541209
7.95698 0.0588338
7.96115 0.0589715
7.96731 0.059081
7.97168 0.0594097
7.97552 0.059225
7.9795 0.0591686
7.98386 0.0594944
7.98739 0.0589872
7.99143 0.0589936
7.99553 0.0590627
7.99951 0.0590063
8.00586 0.0613262
8.01003 0.0594442
8.01375 0.059131
8.01817 0.0595196
8.02176 0.0590781
8.02574 0.0590217
8.02965 0.0588996
8.03388 0.0590971
8.03799 0.0591691
8.04389 0.0610356
8.04812 0.0592193
8.05127 0.0583298
8.05415 0.0539855
8.05723 0.0611004
8.06121 0.0590302
8.06526 0.0590395
8.06962 0.0593683
8.07347 0.0591864
8.07783 0.0595152
8.08136 0.059008
8.0854 0.0590173
8.08931 0.0588952
8.09573 0.0612753
8.09977 0.0592644
8.09989 0.0593928
8.10368 0.0591453
8.10795 0.0593797
8.11167 0.0590636
8.11622 0.0595806
8.12025 0.059584
8.12378 0.0590768
8.12791 0.0591764
8.13426 0.0614909
8.13817 0.0593491
8.14195 0.0590987
8.14593 0.0590394
8.15138 0.060458
8.1542 0.0540342
8.15548 0.0593516
8.15934 0.0591698
8.16318 0.058985
8.16723 0.0589943
8.1714 0.059132
8.17544 0.0591383
8.17929 0.0589536
8.18582 0.0594394
8.1896 0.059186
8.1939 0.0594492
8.19781 0.0593266
8.20172 0.0592011
8.20576 0.0592104
8.21006 0.0594735
8.21365 0.0590319
8.21878 0.0601281
8.22461 0.061929
8.22808 0.0593423
8.23205 0.059283
8.23218 0.0594114
8.23609 0.0592893
8.24026 0.0594241
8.24411 0.0592363
8.2484 0.0594995
8.25334 0.0604045
8.25347 0.0605329
8.25456 0.0543941
8.25713 0.0589787
8.26117 0.058988
8.26521 0.0589972
8.27182 0.0615714
8.27554 0.0592415
8.27939 0.0590567
8.28343 0.059063
8.28785 0.0594516
8.29176 0.0593296
8.29606 0.0595898
8.29965 0.0591482
8.30375 0.0592202
8.30793 0.0593579
8.31383 0.0612273
8.31841 0.0597616
8.32213 0.0594455
8.32662 0.0599027
8.33066 0.0599061
8.33425 0.0594645
8.3381 0.0592798
8.34195 0.059092
8.34573 0.0588416
8.35131 0.0603852
8.35426 0.0540898
8.35528 0.0591504
8.36138 0.061214
8.36529 0.0590781
8.36953 0.0592785
8.37344 0.0591564
8.37742 0.0591
8.38165 0.0592975
8.3821 0.0597454
8.38536 0.0589814
8.3895 0.0590816
8.39367 0.0592193
8.39764 0.0591599
8.40386 0.0593292
8.40784 0.0592728
8.41201 0.0594076
8.41707 0.0604352
8.42104 0.0603758
8.42518 0.060479
8.42896 0.0602285
8.43262 0.0598468
8.43742 0.0606165
8.44373 0.0628964
8.44636 0.0594766
8.45181 0.0608923
8.4547 0.0545313
8.45572 0.0595919
8.45983 0.0596669
8.46342 0.0592253
8.46734 0.0591062
8.47164 0.0593693
8.47587 0.0595668
8.47933 0.0589998
8.48331 0.0589405
8.48984 0.0614431
8.49362 0.0591729
8.49785 0.0593675
8.50202 0.0594993
8.50573 0.0591832
8.51016 0.0595776
8.51407 0.0594526
8.51875 0.0601009
8.52349 0.0608061
8.52721 0.0604929
8.53317 0.0624192
8.53689 0.0600893
8.54125 0.0604152
8.54202 0.0611826
8.54548 0.0606126
8.54927 0.0603622
8.55465 0.0617152
8.55549 0.0553195
8.55869 0.0605461
8.56232 0.0601356
8.56617 0.0599508
8.57021 0.0599572
8.57354 0.0592589
8.57976 0.0614478
8.58412 0.0597569
8.58829 0.0598858
8.59175 0.0593158
8.59572 0.0592565
8.60091 0.0604096
8.60412 0.0595828
8.60851 0.0599398
8.61223 0.0596266
8.61754 0.0609081
8.62376 0.0610744
8.6278 0.0610837
8.63191 0.0611528
8.63658 0.0617981
8.64056 0.0617417
8.64466 0.0618108
8.64826 0.0613693
8.65345 0.0625311
8.6564 0.0562357
8.65749 0.0613591
8.66121 0.0610489
8.6648 0.0606044
8.67058 0.0623455
8.67443 0.0601439
8.67821 0.0598964
8.68212 0.0597714
8.68641 0.0600287
8.68974 0.0593274
8.69417 0.059716
8.69429 0.0598444
8.69763 0.0591431
8.70166 0.0591465
8.70827 0.0617177
8.71192 0.0593221
8.71654 0.0599018
8.7214 0.0607354
8.72634 0.0616405
8.73115 0.0624142
8.73551 0.0627401
8.73984 0.0630343
8.74529 0.06445
8.74952 0.0646504
8.75497 0.066069
8.76023 0.0652768
8.76119 0.0610264
8.76722 0.0690745
8.77165 0.0674464
8.77639 0.0681603
8.78101 0.0687459
8.78537 0.0690747
8.7889 0.0685645
8.79326 0.0688904
8.79723 0.068834
8.80127 0.0688403
8.80749 0.0710264
8.81141 0.0688876
8.81519 0.0686371
8.81961 0.0690286
8.82327 0.0686528
8.82847 0.0698146
8.8318 0.0691192
8.83552 0.0688061
8.83963 0.0688781
8.8438 0.0690157
8.84993 0.0690936
8.85359 0.0687177
8.8575 0.0685951
8.86276 0.0698227
8.86391 0.0637466
8.87065 0.0684659
8.87495 0.0687319
8.87937 0.0691234
8.88322 0.0689416
8.88765 0.0693302
8.89105 0.0686975
8.89701 0.0706268
8.90131 0.0688731
8.90502 0.068557
8.909 0.0684977
8.91406 0.0695282
8.91419 0.0696566
8.91759 0.0690205
8.92169 0.0690925
8.92548 0.0688416
8.92958 0.0689106
8.9358 0.0710996
8.93952 0.0687697
8.94376 0.0689696
8.94774 0.0689161
8.95172 0.0688627
8.95531 0.068424
8.96109 0.0701651
8.9648 0.0686707
8.96493 0.068799
8.96942 0.0692562
8.97308 0.0688803
8.97715 0.0689207
8.98113 0.0688643
8.98761 0.0713072
8.98774 0.0714355
8.99107 0.0687204
8.99479 0.0684043
8.99883 0.0684107
9.00293 0.0684768
9.00704 0.0685521
9.0114 0.0688779
9.01505 0.0684991
9.0196 0.069019
9.0298 0.0691348
9.0375 0.0687647
9.04193 0.0691592
9.04979 0.068955
9.05358 0.0687075
9.05743 0.0685227
9.06275 0.0698159
9.06403 0.0638682
9.06692 0.0687723
9.07096 0.0687786
9.07725 0.0710362
9.08495 0.0686528
9.08912 0.0687876
9.09335 0.068988
9.09721 0.0688061
9.10137 0.0689409
9.10529 0.0688218
9.10926 0.0687624
9.11539 0.0708512
9.11962 0.0690348
9.12334 0.0687217
9.12841 0.0697551
9.132 0.0693165
9.13604 0.0693258
9.13976 0.0690126
9.14352 0.0687335
9.14737 0.0685517
9.15193 0.0690745
9.15751 0.0686018
9.16065 0.0677124
9.16347 0.0633054
9.16681 0.0706741
9.17072 0.0685353
9.17505 0.0688325
9.17947 0.069224
9.18313 0.0688481
9.18762 0.0692994
9.19108 0.0687294
9.19512 0.0687358
9.1991 0.0686794
9.20506 0.0706057
9.2091 0.0685953
9.21403 0.0694974
9.21762 0.0690559
9.21775 0.0691843
9.22134 0.0687427
9.22596 0.0693283
9.23032 0.0696542
9.23385 0.0691499
9.23757 0.0688367
9.24758 0.0687644
9.25182 0.0689677
9.25574 0.0688486
9.26106 0.0701418
9.26504 0.068907
9.26985 0.0696837
9.27306 0.068857
9.27723 0.0689946
9.28101 0.0687471
9.28525 0.0689475
9.28916 0.0688226
9.29499 0.0706234
9.29916 0.0687414
9.30383 0.0693838
9.30724 0.0687512
9.31115 0.0686291
9.31531 0.0687638
9.31961 0.069027
9.32352 0.0689049
9.32801 0.0693621
9.32814 0.0694905
9.33392 0.0712316
9.33725 0.0685165
9.34142 0.0686512
9.3454 0.0685948
9.34938 0.0685414
9.35355 0.068679
9.35746 0.0685599
9.3626 0.0696591
9.36394 0.063777
9.36721 0.0690663
9.37074 0.068559
9.37491 0.0686938
9.37908 0.0688315
9.38505 0.0707637
9.38902 0.0686905
9.39299 0.0686282
9.39761 0.0692109
9.40114 0.0687066
9.40915 0.0686507
9.41351 0.0689765
9.41774 0.0691769
9.42352 0.0709146
9.42781 0.0691609
9.4314 0.0687135
9.43153 0.0688419
9.4357 0.0689796
9.43922 0.0684723
9.44359 0.0688011
9.44744 0.0686193
9.45116 0.0683061
9.45514 0.0682498
9.46098 0.0700565
9.46367 0.0635043
9.46483 0.0686934
9.46893 0.0687683
9.47496 0.0707632
9.47894 0.0686901
9.48311 0.0688277
9.48741 0.0690909
9.49087 0.068518
9.49516 0.0687811
9.49882 0.0684052
9.50331 0.0688565
9.50344 0.0689849
9.50722 0.0687374
9.51357 0.0710518
9.51736 0.0687876
9.53346 0.068759
9.53795 0.0692162
9.54116 0.0683895
9.54129 0.0685179
9.54527 0.0684644
9.55172 0.0708815
9.55576 0.068874
9.55826 0.0673426
9.56474 0.0697913
9.56892 0.0687506
9.57315 0.0689481
9.577 0.0687662
9.58085 0.0685815
9.58528 0.0689759
9.58932 0.0689823
9.59304 0.0686691
9.59316 0.0687975
9.59682 0.0684187
9.60304 0.0706047
9.60714 0.0686599
9.61112 0.0686006
9.61952 0.0689358
9.62343 0.0688137
9.63177 0.0690832
9.63524 0.0685162
9.64518 0.0683752
9.64935 0.0685129
9.65345 0.0685849
9.6625 0.0695649
9.66359 0.0634261
9.66686 0.0687153
9.67084 0.068659
9.67514 0.068925
9.67899 0.0687403
9.68323 0.0689436
9.6881 0.069783
9.69323 0.0708851
9.69715 0.0687463
9.70122 0.0687866
9.70507 0.0686019
9.70924 0.0687366
9.71366 0.0691281
9.71796 0.0693912
9.72143 0.0688242
9.72604 0.0694098
9.73201 0.071342
9.73926 0.0685078
9.74362 0.0688366
9.7476 0.0687831
9.75158 0.0687297
9.75556 0.0686762
9.76089 0.0699694
9.7648 0.0686719
9.76904 0.0688753
9.77308 0.0688816
9.77661 0.0683773
9.78309 0.0708231
9.78739 0.0690695
9.79085 0.0684966
9.79514 0.0687568
9.7988 0.0683809
9.80316 0.0687067
9.80752 0.0690355
9.81143 0.0689135
9.8258 0.069167
9.82946 0.0687881
9.83324 0.0685377
9.8376 0.0688665
9.84158 0.068813
9.84537 0.0685655
9.84941 0.0685748
9.85339 0.0685214
9.85808 0.0691726
9.86269 0.0677414
9.86378 0.0636194
9.86667 0.0685234
9.87277 0.070584
9.877 0.0687676
9.87713 0.068896
9.88111 0.0688426
9.88906 0.0687298
9.89317 0.0688018
9.89734 0.0689366
9.90112 0.0686891
9.90517 0.0686984
9.91106 0.0705619
9.91581 0.0692562
9.91959 0.0690087
9.92344 0.0688239
9.92787 0.0692154
9.93168 0.0689961
9.93553 0.0688143
9.93893 0.0681787
9.94336 0.0685702
9.94977 0.0709527
9.95349 0.0686228
9.95728 0.0683753
9.96261 0.0696685
9.96703 0.0688845
9.97075 0.0685714
9.9748 0.0685807
9.9789 0.0686527
9.98314 0.068856
9.98737 0.0690564
9.99096 0.0686148
9.9952 0.0688152
9.99533 0.0689436

