% time_sec delay_sec
1.13233 0.0316669
1.13233 0.0316669
1.23231 0.0316479
1.33231 0.0316431
1.43004 0.33406
1.43227 0.0316065
1.53225 0.031587
1.63227 0.0316088
1.73226 0.0315936
1.7327 0.33404
1.83225 0.0315905
1.93135 0.230687
1.93324 0.0332223
1.93556 0.0375612
1.93944 0.0374061
2.03142 0.125353
2.03359 0.0335749
2.03558 0.037579
2.03951 0.0374796
2.0436 0.0375402
2.0476 0.037507
2.05166 0.0375315
2.05583 0.0376627
2.05976 0.0375663
2.06383 0.0375992
2.06975 0.0374711
2.07376 0.0374408
2.07786 0.0375158
2.08203 0.0376505
2.0861 0.037684
2.09014 0.0376903
2.09508 0.0385954
2.09521 0.0387238
2.09951 0.0389898
2.10413 0.0395754
2.11157 0.0429856
2.11631 0.0416798
2.12196 0.0432896
2.1267 0.0439947
2.13118 0.044449
2.13715 0.0463782
2.14183 0.0418146
2.14209 0.0461049
2.14716 0.0471413
2.15165 0.0475985
2.15537 0.0472883
2.1596 0.0474887
2.16544 0.0492925
2.17018 0.0479867
2.17333 0.0470973
2.17737 0.0471066
2.18161 0.047307
2.18552 0.0471849
2.19026 0.047893
2.19039 0.0480214
2.19378 0.0473829
2.19788 0.0474519
2.20128 0.0468163
2.20173 0.0472642
2.20763 0.0491308
2.21116 0.0466068
2.21603 0.0474462
2.21969 0.0470703
2.22444 0.0477843
2.22937 0.0486864
2.23258 0.0478626
2.23643 0.0476778
2.24182 0.0490337
2.24599 0.047993
2.2501 0.048068
2.25504 0.048976
2.25921 0.0470969
2.26345 0.0472973
2.26729 0.0471125
2.2757 0.0474477
2.27961 0.0473286
2.28346 0.0471438
2.28769 0.0473442
2.29141 0.0470281
2.29737 0.0469406
2.30083 0.0463677
2.30096 0.0464961
2.30519 0.0466906
2.30929 0.0467597
2.31429 0.0477245
2.31782 0.0472203
2.32205 0.0474207
2.32655 0.0478778
2.33629 0.0495591
2.33963 0.046844
2.34508 0.049101
2.34951 0.0474787
2.35317 0.0471028
2.36125 0.0471214
2.36561 0.0474502
2.36959 0.0473938
2.37331 0.0470806
2.38332 0.049025
2.38749 0.0471459
2.39153 0.0471523
2.39564 0.0472214
2.39942 0.0469739
2.40385 0.0473624
2.40757 0.0470493
2.41167 0.0471154
2.41628 0.0477005
2.42026 0.0476441
2.42662 0.0499644
2.4311 0.0483989
2.4336 0.0468675
2.43931 0.0485429
2.44348 0.0475022
2.44798 0.0479623
2.45183 0.0477805
2.45568 0.0475987
2.45947 0.0473512
2.46338 0.0472321
2.46768 0.0474981
2.47326 0.0490452
2.47339 0.0491735
2.47737 0.0471033
2.48154 0.047241
2.48533 0.0469935
2.48937 0.0469998
2.49366 0.04726
2.49379 0.0473884
2.49719 0.0467528
2.5011 0.0466308
2.50533 0.0468282
2.5095 0.046963
2.51636 0.0477771
2.51957 0.0469499
2.52393 0.0472787
2.52867 0.0479897
2.53227 0.0475481
2.53599 0.0472379
2.54131 0.0485282
2.5433 0.0432881
2.54542 0.0474218
2.54953 0.0474967
2.55331 0.0472492
2.55729 0.0471929
2.56313 0.0489996
2.56724 0.0470548
2.5716 0.0473836
2.57532 0.0470705
2.57962 0.0473365
2.58353 0.0472174
2.58789 0.0475433
2.59123 0.0468449
2.59527 0.0468513
2.60136 0.0489119
2.60566 0.0471582
2.60951 0.0469735
2.61348 0.0469171
2.61778 0.0471831
2.62195 0.0473208
2.62657 0.0479064
2.63093 0.0482322
2.63408 0.0473428
2.63931 0.0485387
2.64367 0.0436556
2.64393 0.0479459
2.64739 0.0473789
2.65291 0.0488602
2.65695 0.0468527
2.66112 0.0469904
2.66542 0.0472565
2.66966 0.0474569
2.67325 0.0470153
2.67799 0.0477293
2.68159 0.0472907
2.68569 0.0473627
2.69185 0.049486
2.6957 0.0472815
2.69878 0.0463293
2.70346 0.0469747
2.70763 0.0471094
2.71147 0.0469247
2.71622 0.0476386
2.71994 0.0473255
2.72463 0.0479767
2.7286 0.0479203
2.73476 0.0480298
2.73759 0.0468179
2.74317 0.043153
2.74342 0.0486217
2.74728 0.0472615
2.75106 0.047014
2.75523 0.0471517
2.75902 0.0469042
2.76332 0.0471702
2.76787 0.0476931
2.7714 0.0471888
2.77577 0.0475176
2.78122 0.0489391
2.78558 0.0472512
2.78924 0.0468723
2.79353 0.0471325
2.79366 0.0472609
2.79693 0.0464999
2.80129 0.0468257
2.80539 0.0468948
2.80956 0.0470295
2.81405 0.0474867
2.82012 0.0495157
2.8239 0.0472514
2.82788 0.047195
2.83237 0.0476493
2.8325 0.0477776
2.83583 0.0470822
2.84103 0.0482441
2.84527 0.0472691
2.84982 0.0477919
2.85335 0.0472876
2.8572 0.0471029
2.86157 0.0474346
2.86522 0.0470558
2.87157 0.0493702
2.87523 0.0469775
2.8792 0.0469211
2.88337 0.0470588
2.88812 0.0477698
2.89146 0.0470744
2.8955 0.0470808
2.89915 0.046702
2.90364 0.0471591
2.9098 0.0492825
2.91358 0.0470152
2.91756 0.0469618
2.92186 0.0472279
2.92654 0.0478762
2.9309 0.048202
2.9343 0.0475693
2.93982 0.0490536
2.94374 0.0437226
2.94399 0.0480129
2.94759 0.0475743
2.95125 0.0471984
2.95593 0.0478467
2.96138 0.0492683
2.96517 0.047004
2.96921 0.0470133
2.97325 0.0470197
2.978 0.0477336
2.98134 0.0470382
2.98544 0.0471102
2.98961 0.0472479
2.99962 0.0491864
3.00347 0.0469849
3.00732 0.0468057
3.01117 0.0466209
3.01608 0.0474943
3.01986 0.0472468
3.02429 0.0476384
3.02846 0.0477731
3.03256 0.0478441
3.03641 0.0476622
3.04164 0.0468384
3.0435 0.0434867
3.04543 0.0474293
3.05139 0.0493644
3.05505 0.0469718
3.05518 0.0471002
3.05871 0.0465959
3.06307 0.0469247
3.06737 0.0471908
3.07141 0.0472
3.07559 0.0473377
3.07963 0.047347
3.08374 0.0474219
3.08964 0.0492914
3.09323 0.0468331
3.09696 0.0465228
3.10132 0.0468546
3.10569 0.0471863
3.10966 0.0471299
3.11383 0.0472647
3.11787 0.0472739
3.12224 0.0476057
3.12859 0.0499201
3.1325 0.0477842
3.13584 0.0470888
3.14103 0.0482477
3.14315 0.043136
3.14501 0.0470125
3.14937 0.0473442
3.15303 0.0469683
3.1572 0.047106
3.16137 0.0472436
3.16535 0.0471873
3.16933 0.0471309
3.17331 0.0470745
3.17953 0.0492664
3.18345 0.0471305
3.18742 0.0470741
3.19147 0.0470834
3.19589 0.0474749
3.20012 0.0476753
3.20025 0.0478037
3.20359 0.0471054
3.20757 0.047049
3.21161 0.0470554
3.21828 0.0496952
3.22197 0.0473336
3.22614 0.0474713
3.22999 0.0472865
3.23384 0.0471017
3.23923 0.0484576
3.24307 0.043061
3.24333 0.0473513
3.2477 0.047683
3.25168 0.0476296
3.25527 0.047188
3.25918 0.0470689
3.26323 0.0470782
3.26939 0.0492044
3.27317 0.0469372
3.2733 0.0470656
3.27715 0.0468838
3.28132 0.0470215
3.28543 0.0470935
3.28555 0.0472219
3.28934 0.0469714
3.29357 0.0471659
3.29703 0.0465931
3.30132 0.0468562
3.3078 0.049299
3.31133 0.046775
3.31581 0.0472288
3.31594 0.0473571
3.31973 0.0471096
3.32396 0.04731
3.32839 0.0477016
3.33217 0.0474511
3.33589 0.0471409
3.34108 0.0482998
3.3432 0.0431881
3.34522 0.0472246
3.3492 0.0471711
3.35318 0.0471147
3.3587 0.048599
3.36254 0.046397
3.36678 0.0465974
3.37088 0.0466694
3.37512 0.0468698
3.3791 0.0468134
3.38314 0.0468227
3.38743 0.0470858
3.39106 0.0466724
3.39683 0.0484106
3.39727 0.0488585
3.40029 0.0458238
3.4042 0.0457018
3.40837 0.0458395
3.41286 0.0462937
3.41755 0.0469449
3.42185 0.047211
3.42608 0.0474114
3.42961 0.0469042
3.43551 0.0487707
3.43845 0.0456675
3.44249 0.0424787
3.44262 0.0466406
3.44846 0.0484445
3.45218 0.0461116
3.45577 0.04567
3.45949 0.0453569
3.46372 0.0455573
3.46776 0.0455636
3.47103 0.0448026
3.47495 0.0446805
3.47854 0.044239
3.48386 0.0455321
3.48861 0.0442235
3.49111 0.0426891
3.49559 0.0431404
3.49912 0.0426332
3.49924 0.0427616
3.50296 0.0424455
3.50309 0.0425739
3.50668 0.0421294
3.51059 0.0420103
3.51451 0.0418883
3.5206 0.0439488
3.52477 0.0420668
3.52868 0.0419448
3.53368 0.0429126
3.53753 0.037513
3.53791 0.0419317
3.54163 0.0416185
3.54567 0.0416248
3.54965 0.0415655
3.55394 0.0418287
3.55766 0.0415155
3.56215 0.0419727
3.56555 0.04134
3.57107 0.0428243
3.57479 0.0404944
3.57858 0.0402439
3.583 0.0406354
3.58659 0.040191
3.58973 0.0392986
3.59377 0.0393044
3.59761 0.0391138
3.6028 0.0402697
3.60806 0.0414973
3.61211 0.0394898
3.61666 0.0400067
3.62095 0.0402699
3.62531 0.0405957
3.62903 0.0402826
3.63397 0.0411847
3.63637 0.0363609
3.63855 0.0405573
3.64349 0.0414624
3.64664 0.040573
3.65061 0.0405166
3.65433 0.0402034
3.66062 0.0424551
3.66447 0.0402536
3.668 0.0397493
3.6721 0.0398213
3.67601 0.0396993
3.67999 0.0396429
3.6839 0.0395208
3.68794 0.0395242
3.69192 0.0394679
3.69846 0.0419734
3.70294 0.0404079
3.70615 0.0395812
3.7107 0.0400977
3.71083 0.0402261
3.71544 0.0408087
3.71974 0.0410718
3.72486 0.0421621
3.72947 0.0427389
3.7296 0.0428673
3.73447 0.0437067
3.7389 0.0388863
3.73903 0.0430482
3.73916 0.0431766
3.74339 0.043377
3.74717 0.0431266
3.75358 0.0455037
3.75763 0.0434963
3.7615 0.0433397
3.76555 0.0433489
3.76933 0.0430985
3.77344 0.0431705
3.77748 0.0431798
3.78139 0.0430577
3.78543 0.043067
3.79184 0.0454383
3.7953 0.0428487
3.79985 0.0433627
3.80312 0.0425987
3.80722 0.0426678
3.81177 0.0431877
3.81607 0.0434508
3.82062 0.0439678
3.82587 0.0451894
3.83216 0.0474382
3.83504 0.0442752
3.8396 0.0447951
3.84136 0.0413461
3.84604 0.0480476
3.85008 0.0460372
3.85483 0.0467482
3.85823 0.0461156
3.86285 0.0466982
3.86676 0.0465791
3.87118 0.0469677
3.87529 0.0470397
3.87927 0.0469833
3.88581 0.0494918
3.88594 0.0496202
3.88914 0.0467767
3.89311 0.0467144
3.89324 0.0468428
3.89702 0.0465894
3.90106 0.0465958
3.90507 0.0465676
3.90914 0.046605
3.91382 0.0472504
3.91799 0.0473851
3.9244 0.0497652
3.9284 0.0477197
3.93123 0.0465078
3.93565 0.0469023
3.94066 0.0478701
3.94299 0.0429806
3.94498 0.0469859
3.94899 0.0469636
3.9531 0.0470356
3.9608 0.046666
3.9649 0.0467351
3.96875 0.0465503
3.97433 0.0480974
3.97818 0.0458958
3.97831 0.0460242
3.98196 0.0456454
3.986 0.0456517
3.98959 0.0452072
3.99382 0.0454018
3.99747 0.04502
4.0017 0.0452175
4.00575 0.0452295
4.01184 0.0472871
4.01626 0.0456618
4.01998 0.0453457
4.02411 0.0454454
4.02879 0.0460908
4.03283 0.0460966
4.0379 0.0471301
4.04232 0.0423097
4.04258 0.0466
4.04701 0.0469944
4.0506 0.0465529
4.05457 0.0464936
4.05842 0.0463088
4.06442 0.0482692
4.06859 0.0463901
4.0718 0.0455633
4.07565 0.0453815
4.07956 0.0452624
4.08328 0.0449522
4.0872 0.0448301
4.09098 0.0445767
4.09534 0.0449026
4.10088 0.0464151
4.10447 0.0439567
4.10787 0.0433241
4.11198 0.0433961
4.1164 0.0437876
4.12217 0.0455199
4.12579 0.0451094
4.12592 0.0452378
4.13002 0.0453069
4.13423 0.0454757
4.13436 0.0456041
4.13942 0.0466346
4.14154 0.0415229
4.14404 0.0460388
4.14785 0.0458224
4.1535 0.0474322
4.15741 0.0452934
4.16145 0.0452997
4.1653 0.045115
4.16991 0.0456976
4.17344 0.0451933
4.1771 0.0448174
4.18101 0.0446954
4.18563 0.0452809
4.1912 0.0468221
4.19556 0.0451282
4.19813 0.0436596
4.20248 0.043982
4.2062 0.0436659
4.21062 0.0440574
4.21075 0.0441858
4.21479 0.0441892
4.21889 0.0442577
4.22376 0.0450966
4.23046 0.0477617
4.23059 0.0478901
4.23502 0.0462677
4.23784 0.0450559
4.2415 0.0414819
4.24406 0.0480803
4.24906 0.0470308
4.2524 0.046332
4.25714 0.047043
4.26073 0.0466014
4.26477 0.0466048
4.26939 0.0471875
4.26951 0.0473159
4.27246 0.0462324
4.27673 0.0464633
4.28257 0.0482671
4.28737 0.0470241
4.29071 0.0463229
4.29423 0.0458127
4.29801 0.0455593
4.30346 0.0469721
4.30724 0.0467217
4.31076 0.0462145
4.31519 0.046606
4.32189 0.049271
4.32965 0.0469445
4.33317 0.0464402
4.33927 0.0485008
4.34331 0.0432952
4.34344 0.0474572
4.34735 0.047338
4.35544 0.0473566
4.35954 0.0474286
4.36352 0.0473722
4.36756 0.0473815
4.37327 0.049054
4.37757 0.0473033
4.38142 0.0471185
4.38565 0.0473189
4.3895 0.0471312
4.39719 0.0467558
4.40142 0.0469533
4.4059 0.0474046
4.41187 0.0493338
4.41604 0.0474518
4.41946 0.0468473
4.42396 0.0473045
4.4288 0.0481123
4.43249 0.0477675
4.43627 0.04752
4.44326 0.0432477
4.44544 0.0474471
4.44981 0.0477759
4.4534 0.0473372
4.45725 0.0471525
4.46405 0.0499177
4.46777 0.0475878
4.47162 0.0474001
4.4754 0.0471526
4.47963 0.047353
4.48342 0.0471055
4.48791 0.0475568
4.49144 0.0470525
4.49573 0.0473127
4.50176 0.0493076
4.50582 0.0473249
4.50941 0.0468804
4.514 0.0474284
4.51813 0.0475316
4.52332 0.0486875
4.52659 0.0479265
4.53044 0.0477417
4.53461 0.0478794
4.53975 0.0489785
4.5436 0.0435818
4.54745 0.0474335
4.55335 0.049303
4.55771 0.047615
4.56124 0.0471107
4.56541 0.0472455
4.57003 0.0478281
4.5731 0.046873
4.57766 0.0473958
4.58151 0.0472111
4.586 0.0476653
4.5917 0.0493349
4.59183 0.0494632
4.59561 0.0471931
4.59856 0.0461067
4.60413 0.0476449
4.60746 0.0469465
4.6115 0.0469529
4.61631 0.0477296
4.61997 0.0473537
4.62478 0.0481274
4.631 0.0503135
4.63113 0.0504419
4.63748 0.0467089
4.64742 0.0474093
4.65166 0.0476126
4.65538 0.0472995
4.65955 0.0474372
4.66353 0.0473808
4.66802 0.0478379
4.6718 0.0475875
4.67559 0.04734
4.68175 0.0494663
4.68579 0.0474588
4.68957 0.0472054
4.6938 0.0473999
4.69393 0.0475283
4.69701 0.0465732
4.70117 0.0467079
4.70566 0.0471592
4.70957 0.0470372
4.71406 0.0474914
4.72022 0.0496148
4.72439 0.0477357
4.72855 0.0478675
4.73612 0.0473725
4.74132 0.0485343
4.74305 0.0430374
4.74536 0.0473652
4.75351 0.0474465
4.75768 0.0475842
4.76153 0.0474024
4.76551 0.047346
4.77256 0.0503651
4.77545 0.0472021
4.77924 0.0469546
4.7836 0.0472834
4.7879 0.0475465
4.79149 0.0471079
4.79604 0.0476248
4.79957 0.0471206
4.80393 0.0474464
4.81002 0.049507
4.81419 0.047625
4.81804 0.0474402
4.82189 0.0472584
4.82677 0.0481007
4.83036 0.0476592
4.83408 0.047346
4.83934 0.0485735
4.84403 0.0480464
4.84788 0.0478645
4.8516 0.0475543
4.85539 0.0473068
4.86193 0.0498182
4.8654 0.0472315
4.86931 0.0471124
4.87329 0.047056
4.87804 0.04777
4.8815 0.047203
4.88586 0.0475318
4.88939 0.0470246
4.89356 0.0471564
4.8999 0.0494708
4.90362 0.0471379
4.90728 0.046762
4.91151 0.0469595
4.91606 0.0474794
4.91991 0.0472941
4.92408 0.0474318
4.92832 0.0476322
4.93242 0.0477042
4.93698 0.048227
4.94365 0.0436352
4.94535 0.0473522
4.9517 0.0496725
4.95536 0.0472798
4.95928 0.0471607
4.96325 0.0471043
4.96736 0.0471763
4.97185 0.0476306
4.9755 0.0472547
4.97935 0.0470699
4.98359 0.0472732
4.98987 0.0495249
4.99385 0.0474489
4.99725 0.0468133
5.00116 0.0466941
5.00572 0.0472227
5.00963 0.0470977
5.01387 0.0472981
5.0181 0.0474985
5.02221 0.0475735
5.02856 0.0498909
5.03286 0.0481401
5.03632 0.0475731
5.04145 0.0486693
5.04319 0.0431725
5.04537 0.0473719
5.0498 0.0477663
5.05313 0.047068
5.05717 0.0470773
5.06096 0.0468298
5.06539 0.0472213
5.06936 0.0471649
5.07328 0.0470458
5.07976 0.0494945
5.08348 0.0471675
5.08714 0.0467916
5.09157 0.047186
5.0958 0.0473864
5.09959 0.0471389
5.10369 0.0472109
5.10755 0.0470291
5.11184 0.0472893
5.11197 0.0474177
5.118 0.0494121
5.12249 0.0478554
5.1266 0.0479274
5.12987 0.0471664
5.13404 0.0473011
5.14295 0.0429379
5.14745 0.0474316
5.15187 0.047826
5.1554 0.0473217
5.15957 0.0474594
5.16361 0.0474657
5.16958 0.0494009
5.17311 0.0468798
5.17728 0.0470175
5.18158 0.0472836
5.18569 0.0473556
5.18941 0.0470395
5.19351 0.0471085
5.19723 0.0467954
5.20236 0.0478886
5.20787 0.0493729
5.21191 0.0473625
5.21576 0.0471777
5.21974 0.0471214
5.22404 0.0473874
5.22878 0.0480984
5.23244 0.0477226
5.23604 0.0472839
5.24142 0.0486369
5.24315 0.04314
5.24534 0.0473394
5.24989 0.0478623
5.25336 0.0472953
5.25965 0.0495528
5.26408 0.0479276
5.26722 0.0470381
5.27126 0.0470445
5.27543 0.0471822
5.27941 0.0471258
5.2839 0.0475859
5.28794 0.0475922
5.29173 0.0473447
5.29788 0.049468
5.30154 0.0470754
5.30539 0.0468906
5.30962 0.047091
5.31386 0.0472914
5.3179 0.0473007
5.32236 0.0477262
5.32663 0.0479578
5.33679 0.0500587
5.33949 0.0467017
5.34346 0.0434502
5.34982 0.049804
5.3536 0.0475368
5.35713 0.0470325
5.36104 0.0469134
5.36567 0.0475019
5.36983 0.0476366
5.37349 0.0472607
5.37741 0.0471416
5.38171 0.0474077
5.38806 0.0497251
5.39171 0.0473324
5.39505 0.0466341
5.39935 0.0468972
5.40377 0.0472858
5.4071 0.0465875
5.41178 0.0472328
5.41595 0.0473705
5.42667 0.0500196
5.43911 0.0483408
5.44341 0.0474285
5.44742 0.0474062
5.45153 0.0474811
5.45538 0.0472963
5.45961 0.0474997
5.46391 0.0477657
5.4677 0.0475182
5.47168 0.0474619
5.47809 0.049842
5.47822 0.0499703
5.48169 0.0473866
5.4856 0.0472675
5.48951 0.0471454
5.49425 0.0478535
5.49752 0.0470866
5.50207 0.0476035
5.50547 0.0469709
5.5099 0.0473624
5.51618 0.049617
5.52019 0.047575
5.52391 0.0472618
5.52834 0.0476533
5.53193 0.0472118
5.53568 0.0469327
5.54088 0.0480916
5.54518 0.0471793
5.54941 0.0473791
5.55313 0.047066
5.55711 0.0470125
5.56102 0.0468934
5.56696 0.0487911
5.57112 0.046909
5.57484 0.0465959
5.57895 0.0466679
5.58325 0.0469339
5.58729 0.0469403
5.58742 0.0470687
5.59101 0.0466242
5.59518 0.0467589
5.59883 0.0463801
5.60524 0.0487573
5.60921 0.0466812
5.60934 0.0468096
5.61294 0.046368
5.61739 0.0467936
5.62182 0.047188
5.62586 0.0471973
5.62945 0.0467528
5.62958 0.0468812
5.63353 0.0467932
5.63891 0.0481462
5.6427 0.0426838
5.64321 0.0472309
5.64719 0.0471775
5.65065 0.0466075
5.65668 0.0485995
5.66008 0.0459501
5.66374 0.0455713
5.66765 0.0454521
5.67111 0.0448822
5.6749 0.0446318
5.67849 0.0441902
5.68228 0.0439427
5.68593 0.0435668
5.69176 0.0453618
5.69535 0.0429006
5.69926 0.0427785
5.70247 0.0419489
5.70644 0.0418925
5.71068 0.0420929
5.71081 0.0422213
5.71459 0.0419738
5.71902 0.0423653
5.72402 0.0433331
5.72973 0.0450085
5.73261 0.0418426
5.73665 0.0418489
5.73838 0.0383659
5.74274 0.044745
5.74659 0.0425434
5.75031 0.0422303
5.75403 0.0419171
5.75807 0.0419234
5.76199 0.0418043
5.76609 0.0418763
5.76981 0.0415632
5.77353 0.04125
5.77911 0.042797
5.78284 0.0404701
5.78713 0.0407273
5.78982 0.039387
5.79393 0.039459
5.79796 0.0394649
5.80258 0.0400446
5.80271 0.0401729
5.80579 0.0392208
5.81028 0.0396779
5.81714 0.0425059
5.82182 0.041134
5.82509 0.04037
5.82919 0.040442
5.83445 0.0416637
5.83657 0.036552
5.83875 0.0407484
5.84298 0.0409488
5.84683 0.040764
5.85087 0.0407704
5.85446 0.0403288
5.85869 0.0405258
5.86241 0.0402156
5.86787 0.0416342
5.87171 0.0394327
5.87512 0.0388
5.87884 0.0384868
5.88262 0.0382393
5.88698 0.0385652
5.89012 0.0376728
5.89471 0.0382238
5.8983 0.0377822
5.90446 0.0399056
5.90856 0.0379637
5.91267 0.0380328
5.91661 0.0379419
5.92135 0.03865
5.92543 0.0386903
5.93158 0.0408078
5.9317 0.0409362
5.93453 0.0345124
5.93478 0.0388027
5.9392 0.0391913
5.94286 0.0388124
5.9469 0.0388188
5.95049 0.0383772
5.95646 0.0403094
5.96037 0.0381736
5.96377 0.0375409
5.96788 0.0376124
5.97192 0.0376217
5.9759 0.0375653
5.97987 0.0375089
5.98455 0.0381542
5.9884 0.0379665
5.99472 0.0402493
5.99516 0.0406972
5.99811 0.037597
6.00253 0.0379826
6.0062 0.0376126
6.01068 0.0380663
6.01453 0.0378815
6.01979 0.0391061
6.02345 0.0387302
6.02775 0.0389963
6.03287 0.0400895
6.03499 0.0349778
6.03762 0.0396222
6.04127 0.0392434
6.04666 0.0405963
6.05057 0.0384605
6.05397 0.0378248
6.05789 0.0377057
6.06219 0.0379718
6.06597 0.0377243
6.07002 0.0377336
6.07386 0.0375488
6.07797 0.0376208
6.08419 0.0398098
6.08798 0.0375426
6.09202 0.0375519
6.09619 0.0376866
6.1001 0.0375646
6.10023 0.037693
6.10421 0.0376395
6.1085 0.0379026
6.11309 0.0384536
6.117 0.0383316
6.12354 0.0408342
6.12841 0.0396568
6.13078 0.0379971
6.13431 0.0342918
6.13687 0.0408902
6.14116 0.0391336
6.14444 0.0383725
6.14822 0.0381221
6.15207 0.0379373
6.15598 0.0378153
6.15977 0.0375678
6.16387 0.0376398
6.16785 0.0375834
6.17426 0.0399635
6.17811 0.037762
6.18183 0.0374459
6.18644 0.038025
6.19048 0.0380284
6.19458 0.0380975
6.19811 0.0375903
6.20253 0.0379754
6.20721 0.0386237
6.21282 0.0402019
6.21759 0.0389243
6.22105 0.0383514
6.22496 0.0382264
6.23003 0.0392569
6.23419 0.0341768
6.23458 0.0385955
6.23842 0.0384108
6.24208 0.038032
6.24599 0.0379099
6.24978 0.0376624
6.25407 0.0379255
6.25767 0.037484
6.26392 0.0397041
6.26796 0.0376966
6.27187 0.0375745
6.27598 0.0376465
6.28002 0.0376499
6.28444 0.0380385
6.28834 0.0379106
6.292 0.0375318
6.29623 0.0377292
6.30257 0.0400378
6.30655 0.0379647
6.31068 0.0380643
6.3144 0.0377482
6.31978 0.0390982
6.32311 0.038397
6.32697 0.0382151
6.3319 0.0391143
6.33395 0.033937
6.33607 0.0380707
6.33992 0.0378859
6.34383 0.0377639
6.34787 0.0377702
6.35466 0.0405315
6.35781 0.0376253
6.36217 0.0379541
6.36589 0.0376409
6.37006 0.0377757
6.37391 0.0375909
6.37807 0.0377256
6.3782 0.037854
6.38224 0.0378574
6.38609 0.0376697
6.39237 0.0399185
6.39621 0.037714
6.40025 0.0377174
6.4007 0.0381653
6.40442 0.0378522
6.40884 0.0382437
6.41288 0.03825
6.41756 0.0388924
6.41769 0.0390208
6.42332 0.0406218
6.4264 0.0396667
6.42653 0.0397951
6.43166 0.0408883
6.43595 0.0359395
6.43608 0.0401015
6.43621 0.0402298
6.44032 0.0403019
6.44634 0.0422938
6.45006 0.0399639
6.45417 0.0400359
6.45814 0.0399766
6.46231 0.0401143
6.46244 0.0402427
6.46571 0.0394787
6.46969 0.0394223
6.47347 0.0391748
6.47761 0.0392779
6.48338 0.0410131
6.48351 0.0411415
6.48761 0.0391909
6.48774 0.0393193
6.49081 0.0383641
6.49466 0.0381764
6.4994 0.0388845
6.50305 0.0385028
6.50716 0.0385748
6.51146 0.0388379
6.51569 0.0390354
6.52369 0.0430095
6.52382 0.0431379
6.52876 0.0420233
6.53139 0.0406173
6.53812 0.038105
6.53838 0.0435737
6.54274 0.0427241
6.54774 0.0436919
6.55178 0.0436983
6.55653 0.0444122
6.56153 0.04538
6.56563 0.0454521
6.57063 0.0464199
6.57551 0.0472622
6.5818 0.0495168
6.58629 0.0479543
6.58968 0.0473187
6.59423 0.0478327
6.59744 0.047006
6.60224 0.0477739
6.60526 0.0467561
6.60974 0.0472103
6.61404 0.0474705
6.61417 0.0475989
6.62061 0.050013
6.63225 0.0475328
6.63617 0.0474137
6.64123 0.0484472
6.64322 0.0432071
6.64521 0.0472124
6.64983 0.047798
6.65349 0.0474221
6.65727 0.0471746
6.66131 0.0471839
6.66568 0.0475127
6.67222 0.0500182
6.67562 0.0473688
6.67959 0.0473124
6.68364 0.0473217
6.68806 0.0477103
6.69165 0.0472687
6.69543 0.0470183
6.69967 0.0472157
6.70364 0.0471564
6.71018 0.0496649
6.71492 0.0483562
6.71807 0.0474668
6.72284 0.0482089
6.72688 0.0482152
6.73099 0.0482843
6.73464 0.0479084
6.73958 0.0488135
6.74427 0.0482864
6.7476 0.047591
6.75139 0.0473435
6.75531 0.0472244
6.76159 0.0494761
6.7655 0.0473373
6.76999 0.0477915
6.77307 0.0468364
6.77737 0.0471024
6.78141 0.0471117
6.78603 0.0476944
6.78949 0.0471244
6.79981 0.0493766
6.79994 0.049505
6.80391 0.047426
6.80772 0.0472066
6.81157 0.0470189
6.81625 0.0476672
6.81971 0.0470973
6.82408 0.0474261
6.82879 0.0481055
6.8329 0.0481804
6.83732 0.0485719
6.84579 0.0477973
6.85532 0.0472425
6.85962 0.0475085
6.86777 0.0475839
6.87187 0.047653
6.87543 0.0471798
6.87947 0.0471891
6.88371 0.0473925
6.88999 0.0496412
6.8937 0.0473054
6.89755 0.0471177
6.90121 0.0467389
6.90634 0.0478351
6.90948 0.0469427
6.91358 0.0470118
6.91768 0.0470838
6.92237 0.0477321
6.92859 0.049921
6.93282 0.0481047
6.94321 0.0431997
6.94552 0.0475275
6.95335 0.0472893
6.95784 0.0477465
6.96124 0.0471138
6.96567 0.0475053
6.96984 0.04764
6.97324 0.0470074
6.97972 0.0494531
6.98402 0.0477024
6.98793 0.0475774
6.99152 0.047133
6.99543 0.0470109
6.99934 0.0468889
7.00357 0.0470863
7.008 0.0474838
7.01185 0.0472961
7.01826 0.0496762
7.02256 0.0479255
7.02686 0.0481886
7.0309 0.0481979
7.03449 0.0477593
7.03956 0.0487927
7.04386 0.0478804
7.0479 0.0478897
7.05182 0.0477706
7.05535 0.0472663
7.05913 0.0470188
7.06337 0.0472192
7.07017 0.0499839
7.07389 0.047654
7.07401 0.0477824
7.07748 0.0472154
7.08165 0.0473526
7.08595 0.0476186
7.08935 0.0469859
7.09352 0.0471207
7.09769 0.0472554
7.10173 0.0472647
7.10834 0.0498359
7.11218 0.0476344
7.12039 0.0477754
7.12437 0.047722
7.12867 0.0479851
7.13246 0.0477376
7.13598 0.0472333
7.14188 0.0490999
7.14201 0.0492283
7.14336 0.0433462
7.14541 0.0474172
7.14984 0.0478117
7.15337 0.0473074
7.15973 0.0496277
7.16409 0.0479397
7.16762 0.0474354
7.17134 0.0471223
7.17557 0.0473197
7.17955 0.0472634
7.18346 0.0471443
7.1875 0.0471506
7.19161 0.0472226
7.19796 0.04954
7.20219 0.0477236
7.20559 0.0470909
7.20995 0.0474168
7.21386 0.0472947
7.21797 0.0473667
7.2181 0.0474951
7.22195 0.0473133
7.2265 0.0478332
7.22663 0.0479616
7.23028 0.0475828
7.23632 0.0495806
7.23946 0.0466715
7.24324 0.0432288
7.24363 0.0476475
7.24988 0.0498706
7.25367 0.0476063
7.25733 0.0472304
7.2615 0.0473681
7.26593 0.0477625
7.26952 0.047321
7.27331 0.0470735
7.2776 0.0473395
7.28152 0.0472204
7.28832 0.0499828
7.28844 0.0501111
7.29172 0.0473333
7.29531 0.0468918
7.29973 0.0472833
7.30371 0.047224
7.30724 0.0467197
7.31134 0.0467917
7.31647 0.0478879
7.32 0.0473836
7.32719 0.050537
7.33104 0.0483354
7.33117 0.0484638
7.33928 0.0485106
7.34364 0.0436274
7.3439 0.0479178
7.34762 0.0476075
7.35532 0.047238
7.35943 0.0473129
7.36379 0.0476417
7.36764 0.0474599
7.37162 0.0474035
7.37816 0.049912
7.38188 0.047585
7.38574 0.0474031
7.38939 0.0470243
7.39388 0.0474786
7.39401 0.047607
7.39747 0.0470341
7.401 0.0465298
7.40555 0.0470526
7.40985 0.0473158
7.41652 0.0499556
7.42031 0.0476913
7.42403 0.0473781
7.42839 0.0477069
7.43237 0.0476505
7.43596 0.0472119
7.44128 0.0484992
7.44321 0.0431935
7.44975 0.0477217
7.45335 0.0472831
7.45739 0.0472923
7.46118 0.0470448
7.46772 0.0495563
7.47176 0.0475458
7.47548 0.0472327
7.47946 0.0471763
7.48376 0.0474423
7.48754 0.0471919
7.49152 0.0471355
7.49556 0.0471419
7.49633 0.0479093
7.49954 0.0470855
7.50601 0.0495283
7.50979 0.0472611
7.51377 0.0472047
7.51813 0.0475335
7.51826 0.0476619
7.52224 0.0476085
7.5266 0.0479372
7.52673 0.0480656
7.53087 0.0481658
7.53375 0.0470196
7.53933 0.0485666
7.54357 0.0475886
7.54742 0.0474068
7.55121 0.0471593
7.55743 0.0493483
7.56134 0.0472124
7.57013 0.0479356
7.57334 0.0471089
7.57738 0.0471182
7.58143 0.0471275
7.58579 0.0474563
7.58957 0.0472058
7.59579 0.0493889
7.59986 0.0474126
7.60339 0.0469053
7.60762 0.0471057
7.61195 0.0474
7.61612 0.0475376
7.61959 0.0469706
7.62414 0.0474905
7.62863 0.0479477
7.63511 0.0503964
7.63781 0.0470394
7.64191 0.0471114
7.64364 0.0436313
7.64788 0.0498849
7.65571 0.0476299
7.65963 0.0475108
7.66732 0.0471413
7.67123 0.0470192
7.6756 0.047348
7.67964 0.0473573
7.68702 0.0507018
7.68997 0.0476015
7.69356 0.0471599
7.69728 0.0468438
7.7024 0.0479371
7.70548 0.0469849
7.70972 0.0471824
7.71376 0.0471887
7.71793 0.0473264
7.72466 0.0500289
7.7287 0.0480185
7.73615 0.0473951
7.74307 0.0430567
7.74548 0.0474783
7.74958 0.0475503
7.75324 0.0471744
7.75702 0.0469269
7.76094 0.0468078
7.7655 0.0473306
7.76947 0.0472742
7.77582 0.0495916
7.77993 0.0476468
7.78384 0.0475277
7.78769 0.047343
7.79173 0.0473493
7.79545 0.0470361
7.79924 0.0467886
7.80366 0.0471802
7.80771 0.0471894
7.81463 0.0500831
7.8179 0.0473023
7.82195 0.0473116
7.82612 0.0474493
7.82977 0.0470705
7.83375 0.0470141
7.83856 0.0477908
7.84311 0.0430988
7.84382 0.047837
7.84677 0.0467564
7.85017 0.0461208
7.85389 0.0458076
7.85716 0.0450466
7.86248 0.0463368
7.86589 0.0436874
7.86884 0.0426039
7.87198 0.0417144
7.87531 0.0410161
7.87871 0.0403805
7.88186 0.0394911
7.88615 0.0397512
7.88961 0.0391754
7.89403 0.0395669
7.89817 0.0376533
7.90234 0.0377851
7.90663 0.0380512
7.91029 0.0376753
7.91529 0.0386401
7.91901 0.038327
7.92222 0.0375032
7.92633 0.0375752
7.9319 0.0391193
7.93203 0.0392477
7.93364 0.0336224
7.93607 0.0380756
7.9396 0.0375684
7.94569 0.0376122
7.9498 0.0376843
7.95384 0.0376906
7.95775 0.0375715
7.96212 0.0379003
7.96571 0.0374617
7.96994 0.0376621
7.97386 0.03754
7.97803 0.0376777
7.98399 0.0396069
7.98412 0.0397353
7.98867 0.0382355
7.99207 0.0376029
7.99604 0.0375435
8.00069 0.0381573
8.00425 0.0376841
8.00823 0.0376338
8.01215 0.0375117
8.01651 0.0378376
8.02279 0.0400893
8.02657 0.0378221
8.02952 0.0367386
8.0335 0.0334841
8.03587 0.0398914
8.03991 0.037881
8.04389 0.0378246
8.04799 0.0378966
8.05191 0.0377775
8.05569 0.0375271
8.0598 0.037602
8.06384 0.0376113
8.06801 0.037749
8.07398 0.0396841
8.07841 0.0380588
8.082 0.0376173
8.08604 0.0376266
8.0904 0.0379524
8.09419 0.0377049
8.0981 0.0375824
8.1022 0.0376544
8.10663 0.0380488
8.11275 0.0401376
8.11673 0.0380615
8.12051 0.0378081
8.12448 0.0377488
8.12977 0.039004
8.13387 0.0338611
8.13413 0.0381514
8.13817 0.0381549
8.14182 0.037776
8.1458 0.0377167
8.15003 0.0379171
8.15388 0.0377323
8.15779 0.0376132
8.16383 0.0375943
8.16787 0.0376036
8.17191 0.0376129
8.17582 0.0374908
8.18038 0.0380107
8.18422 0.0378201
8.18858 0.038143
8.19211 0.0376387
8.19634 0.0378357
8.20242 0.0398899
8.20672 0.0381392
8.21031 0.0376976
8.21467 0.0380235
8.22 0.0393108
8.22333 0.0386124
8.2268 0.0380454
8.23205 0.0392671
8.23404 0.034027
8.23635 0.0383518
8.24013 0.0381014
8.24423 0.0381705
8.25001 0.0399086
8.25385 0.0377071
8.25777 0.037588
8.26213 0.0379168
8.26585 0.0376065
8.26996 0.0376785
8.27413 0.0378133
8.27811 0.0377569
8.28215 0.0377632
8.28612 0.0377069
8.29215 0.0396988
8.29644 0.0379423
8.30035 0.0378202
8.3044 0.0378295
8.30844 0.0378388
8.31223 0.0375913
8.31636 0.0376944
8.32053 0.0378262
8.32066 0.0379546
8.32489 0.038155
8.32976 0.0389944
8.33412 0.0341083
8.33425 0.0382703
8.34015 0.0401368
8.34387 0.0378039
8.34785 0.0377475
8.35233 0.0382013
8.35605 0.0378881
8.36022 0.0380258
8.36375 0.0375215
8.36792 0.0376592
8.3719 0.0376028
8.37601 0.0376748
8.38235 0.0379695
8.38248 0.0380979
8.38601 0.0375907
8.39027 0.0378193
8.3945 0.0380197
8.39841 0.0378976
8.40258 0.0380294
8.40637 0.0377819
8.41066 0.038045
8.41079 0.0381734
8.41598 0.0393294
8.4222 0.0415155
8.42621 0.0394734
8.43089 0.0401188
8.43524 0.0352287
8.4355 0.0395191
8.43947 0.0394597
8.44373 0.0396854
8.44623 0.038154
8.4504 0.0382887
8.45412 0.0379726
8.45829 0.0381103
8.4624 0.0381823
8.46811 0.0398606
8.47228 0.0379786
8.47625 0.0379193
8.4801 0.0377375
8.4851 0.0386994
8.48811 0.0376786
8.49209 0.0376193
8.49619 0.0376854
8.50016 0.0376261
8.50432 0.0377579
8.51151 0.0409054
8.51535 0.0387009
8.51548 0.0388293
8.5201 0.0394119
8.524 0.039287
8.52792 0.0391649
8.53304 0.0402582
8.53477 0.0347613
8.53715 0.0391518
8.54202 0.0399883
8.54535 0.03929
8.54939 0.0392963
8.55324 0.0391115
8.5594 0.0412348
8.56341 0.0391928
8.56713 0.0388796
8.57072 0.0384381
8.57444 0.0381249
8.57842 0.0380685
8.57855 0.0381969
8.5822 0.0378181
8.58732 0.0389084
8.59047 0.038016
8.59457 0.0380851
8.6013 0.0387621
8.60142 0.0388905
8.60489 0.0383205
8.60889 0.0382923
8.61319 0.0385554
8.61793 0.0392606
8.62209 0.0393924
8.6262 0.0394644
8.63165 0.0408801
8.63633 0.0363135
8.63658 0.0406039
8.64069 0.0406759
8.64479 0.0407449
8.65121 0.043125
8.65435 0.0402188
8.65839 0.0402252
8.66211 0.0399149
8.66545 0.0392137
8.66968 0.0394141
8.67295 0.038653
8.6768 0.0384682
8.68052 0.0381551
8.68776 0.0413565
8.68788 0.0414849
8.69045 0.0379994
8.69487 0.038388
8.6984 0.0378808
8.70282 0.0382664
8.70667 0.0380817
8.71115 0.0385359
8.71577 0.0391156
8.72044 0.039758
8.72506 0.0403407
8.73076 0.0420131
8.73551 0.0407074
8.73804 0.0380287
8.74305 0.0450498
8.74836 0.0443174
8.75202 0.0439415
8.75709 0.044975
8.76132 0.0451724
8.76555 0.0453728
8.77075 0.0465317
8.77479 0.046541
8.77947 0.0471893
8.78595 0.0496351
8.78992 0.047559
8.7939 0.0474997
8.79788 0.0474433
8.80185 0.047384
8.80198 0.0475124
8.80576 0.0472649
8.80974 0.0472055
8.81358 0.0470178
8.81801 0.0474093
8.82205 0.0474186
8.82885 0.0481671
8.8327 0.0479853
8.83681 0.0480573
8.84207 0.0492848
8.84342 0.0434028
8.84586 0.0478589
8.85346 0.047395
8.85763 0.0475293
8.86154 0.0474102
8.8652 0.0470313
8.86949 0.0472945
8.87578 0.0495491
8.88014 0.0478611
8.88387 0.0475509
8.88816 0.0478111
8.89182 0.0474352
8.89554 0.0471191
8.90015 0.0477017
8.904 0.047514
8.90778 0.0472636
8.91458 0.0500259
8.91836 0.0477582
8.9231 0.0484692
8.92323 0.0485976
8.92682 0.0481555
8.93061 0.0479051
8.93465 0.0479114
8.93939 0.0486254
8.94363 0.0476469
8.94786 0.0478502
8.95159 0.04754
8.95544 0.0473582
8.95974 0.0476242
8.96596 0.0498103
8.97006 0.0478655
8.97372 0.0474896
8.97792 0.0476584
8.9819 0.047602
8.98966 0.0472952
8.99427 0.0478749
8.99748 0.0470482
9.00441 0.0499392
9.008 0.0474808
9.01646 0.0478787
9.02037 0.0477567
9.02442 0.0477659
9.03641 0.047659
9.0418 0.0490149
9.04591 0.0479115
9.04992 0.0478891
9.05569 0.0496302
9.05974 0.0476227
9.06429 0.0481426
9.06801 0.0478295
9.07173 0.0475163
9.07584 0.0475913
9.07963 0.0473438
9.08367 0.047353
9.08771 0.0473594
9.09413 0.0497424
9.09823 0.0478006
9.10202 0.0475502
9.10625 0.0477506
9.10638 0.0478789
9.10991 0.0473717
9.11407 0.0475035
9.11795 0.0473499
9.12199 0.0473591
9.12661 0.0479447
9.12674 0.0480731
9.13085 0.0481451
9.13694 0.0481919
9.13976 0.04698
9.14596 0.0499787
9.15026 0.048228
9.15379 0.0477237
9.16142 0.0472885
9.16552 0.0473575
9.16956 0.0473639
9.17335 0.0471164
9.17781 0.0475419
9.18384 0.0495369
9.18819 0.047843
9.19172 0.0473387
9.19602 0.0476019
9.20012 0.0476709
9.20358 0.0470981
9.20762 0.0471044
9.21153 0.0469824
9.21621 0.0476306
9.22301 0.050393
9.22705 0.0483855
9.23148 0.048777
9.23481 0.0480787
9.24412 0.0481371
9.2481 0.0480837
9.25182 0.0477734
9.25561 0.0475259
9.25978 0.0476636
9.26356 0.0474161
9.26369 0.0475445
9.26799 0.0478106
9.27383 0.0496114
9.27813 0.0478607
9.28191 0.0476132
9.28595 0.0476196
9.29057 0.0481993
9.29762 0.0471878
9.30179 0.0473196
9.30589 0.0473886
9.31268 0.050151
9.31647 0.0478867
9.32468 0.0480278
9.32853 0.047843
9.34129 0.0485069
9.34142 0.0486353
9.34328 0.0432668
9.34983 0.047795
9.35355 0.0474848
9.35759 0.0474941
9.36407 0.0499398
9.3642 0.0500682
9.36818 0.0479951
9.37177 0.0475506
9.37221 0.0479985
9.37581 0.0475599
9.37972 0.0474407
9.38389 0.0475755
9.38774 0.0473907
9.3921 0.0477136
9.39569 0.0472721
9.40242 0.0499717
9.4062 0.0477015
9.40633 0.0478299
9.40967 0.0471316
9.41434 0.0477769
9.41826 0.0476578
9.4221 0.0474696
9.42659 0.0479268
9.43057 0.0478645
9.43397 0.0472319
9.4391 0.0483281
9.4477 0.0476818
9.4534 0.0493572
9.45764 0.0475409
9.46188 0.0477442
9.46611 0.0479446
9.46964 0.0474403
9.47329 0.0470615
9.47342 0.0471899
9.47766 0.0473932
9.48151 0.0472084
9.48587 0.0475372
9.49177 0.0494008
9.49581 0.0473904
9.50029 0.0478446
9.50369 0.047209
9.50382 0.0473374
9.50799 0.0474751
9.51184 0.0472874
9.51646 0.047873
9.51973 0.0471119
9.52441 0.0477631
9.53115 0.0504657
9.535 0.0482671
9.53757 0.0467984
9.54398 0.0491814
9.54822 0.0482064
9.55236 0.0483124
9.5555 0.047423
9.55967 0.0475607
9.56346 0.0473132
9.56776 0.0475792
9.57174 0.0475228
9.57571 0.0474665
9.582 0.0497211
9.58617 0.047842
9.5897 0.0473348
9.594 0.0475979
9.59765 0.0472191
9.60156 0.047097
9.60612 0.0476169
9.60984 0.0473038
9.61394 0.0473728
9.62061 0.0500097
9.62472 0.048065
9.6285 0.0478145
9.63228 0.0475641
9.63639 0.047639
9.64139 0.0486068
9.64325 0.0432384
9.6498 0.0477665
9.65333 0.0472623
9.65724 0.0471431
9.66122 0.0470868
9.66552 0.0473528
9.6718 0.0496045
9.67591 0.0476627
9.68015 0.0478631
9.68413 0.0478097
9.68836 0.0480071
9.68848 0.0481355
9.69169 0.0473117
9.69586 0.0474465
9.69975 0.0472957
9.70379 0.0473021
9.71033 0.0498106
9.71495 0.0483794
9.71847 0.0478721
9.72245 0.0478187
9.72675 0.0480818
9.73079 0.0480911
9.73913 0.0483635
9.74747 0.0474605
9.75171 0.0476638
9.75569 0.0476104
9.76217 0.0500591
9.76622 0.0480516
9.76987 0.0476757
9.77757 0.0473061
9.7777 0.0474345
9.78149 0.047187
9.78585 0.0475158
9.78931 0.0469429
9.79386 0.0474599
9.79995 0.0495176
9.80406 0.0475728
9.80816 0.0476448
9.81207 0.0475228
9.81631 0.0477232
9.82028 0.0476668
9.82452 0.0478672
9.8283 0.0476167
9.83234 0.0476231
9.83735 0.0485938
9.84171 0.0469088
9.8437 0.0436855
9.85198 0.0499484
9.85564 0.0475557
9.86 0.0478874
9.86757 0.0473895
9.87174 0.0475242
9.87565 0.0474051
9.87957 0.047286
9.8838 0.0474894
9.89009 0.0497411
9.8942 0.0477963
9.89759 0.0471607
9.90221 0.0477463
9.906 0.0474988
9.90984 0.0473111
9.91388 0.0473174
9.9178 0.0471954
9.92216 0.0475271
9.92851 0.0498415
9.92864 0.0499699
9.93258 0.0478622
9.93618 0.0474236
9.9431 0.0430856
9.95336 0.0473001
9.95741 0.0473094
9.96145 0.0473187
9.96556 0.0473936
9.96954 0.0473372
9.97338 0.0471525
9.97993 0.0496639
9.98429 0.0479788
9.98801 0.0476657
9.99174 0.0473525
9.99558 0.0471677
9.99937 0.0469202

