% time_sec delay_sec
1.12842 0.0282884
1.12842 0.0282884
1.22842 0.0282921
1.32848 0.0283495
1.42671 0.330595
1.42846 0.028336
1.52848 0.0283516
1.62847 0.0283463
1.72848 0.0283543
1.7294 0.330607
1.82842 0.0282929
1.92813 0.227331
1.92981 0.0296612
1.9321 0.033973
1.93622 0.0340548
2.02833 0.122137
2.02984 0.0296896
2.03237 0.0342429
2.03647 0.0343102
2.04041 0.0342079
2.04444 0.0342053
2.04843 0.0341681
2.05237 0.0340686
2.05634 0.0340048
2.06037 0.0340017
2.06655 0.0341343
2.07065 0.0342023
2.07466 0.0341721
2.0787 0.0341813
2.08312 0.0345729
2.08706 0.0344779
2.09091 0.0342932
2.09534 0.0346847
2.10034 0.0356554
2.10721 0.0384893
2.11311 0.038339
2.11696 0.0381543
2.1249 0.0420633
2.12804 0.0411709
2.13343 0.0425268
2.13785 0.0377035
2.13824 0.0421222
2.14292 0.0427705
2.14754 0.043359
2.15216 0.0439446
2.15607 0.0438255
2.16211 0.0458233
2.16647 0.0441353
2.17044 0.044076
2.17423 0.0438285
2.17865 0.04422
2.18231 0.0438441
2.18622 0.0437221
2.19052 0.0439823
2.19391 0.0433438
2.19404 0.0434721
2.19801 0.0434128
2.20436 0.0457243
2.20859 0.0439079
2.21269 0.043977
2.2168 0.044049
2.2211 0.0443151
2.22495 0.0441303
2.2295 0.0446473
2.22963 0.0447757
2.23829 0.0453705
2.24663 0.0444675
2.25215 0.0459547
2.25639 0.0441384
2.25979 0.0435057
2.26402 0.0437061
2.26813 0.0437781
2.2721 0.0437188
2.27634 0.0439221
2.28012 0.0436746
2.28397 0.0434898
2.28808 0.0435618
2.29859 0.0439884
2.3018 0.0431617
2.30647 0.0438041
2.31859 0.0438231
2.3227 0.0438951
2.32738 0.0445429
2.33604 0.043118
2.34008 0.0399292
2.34194 0.045823
2.34637 0.0442007
2.35015 0.0439532
2.35355 0.0433205
2.35772 0.0434582
2.36202 0.0437242
2.366 0.0436678
2.36985 0.0434831
2.37421 0.0438119
2.38005 0.0456186
2.38435 0.0438679
2.38852 0.0440026
2.39205 0.0434983
2.39602 0.043439
2.40436 0.0437085
2.40859 0.043906
2.40904 0.0443539
2.41218 0.0434615
2.41667 0.0439181
2.42283 0.0460444
2.42822 0.0453806
2.43168 0.0448077
2.4318 0.0449361
2.43604 0.0451394
2.444 0.0438483
2.44823 0.0440516
2.45221 0.0439982
2.45638 0.0441359
2.45972 0.0434405
2.46396 0.0436409
2.46992 0.045576
2.47833 0.0438973
2.48237 0.0439066
2.48616 0.0436591
2.49417 0.0436061
2.49776 0.0431616
2.50193 0.0432963
2.50616 0.0434938
2.5127 0.0439855
2.52059 0.0438095
2.52483 0.0440099
2.52893 0.044079
2.53278 0.0438942
2.53798 0.045059
2.54009 0.0399473
2.54208 0.0439526
2.54593 0.0437679
2.54998 0.0437771
2.5501 0.0439055
2.55383 0.0435953
2.5596 0.0453364
2.56801 0.0436577
2.57211 0.0437297
2.57609 0.0436733
2.58013 0.0436826
2.58392 0.0434351
2.58802 0.0435042
2.59174 0.043191
2.60219 0.0435607
2.60232 0.0436891
2.6063 0.0436327
2.61015 0.0434479
2.62317 0.0443715
2.63591 0.0450038
2.63988 0.0397356
2.64001 0.0438975
2.64014 0.0440259
2.64418 0.0440352
2.64983 0.0456478
2.65406 0.0438315
2.65759 0.0433272
2.66189 0.0435933
2.66991 0.0435462
2.67415 0.0437466
2.67825 0.0438186
2.68217 0.0436995
2.68807 0.0455689
2.69211 0.0435585
2.69595 0.0433708
2.69987 0.0432517
2.70429 0.0436403
2.70442 0.0437687
2.71674 0.0439847
2.72046 0.0436715
2.72527 0.0444511
2.73155 0.0446861
2.73399 0.0430919
2.73996 0.0398122
2.74022 0.0452809
2.74805 0.0438643
2.75164 0.0434228
2.75953 0.0432502
2.76422 0.0439015
2.76826 0.0439107
2.77192 0.0435348
2.77827 0.0458522
2.78257 0.0441015
2.78654 0.0440451
2.79026 0.043729
2.79392 0.0433502
2.79777 0.0431654
2.80219 0.043554
2.8061 0.043432
2.8102 0.043504
2.82454 0.0437258
2.82852 0.0436695
2.83288 0.0439953
2.83782 0.0449033
2.83981 0.0396632
2.8418 0.0436686
2.85387 0.0436337
2.85784 0.0435773
2.86182 0.0435239
2.86772 0.0453904
2.87221 0.0438279
2.876 0.0435804
2.87997 0.043524
2.88414 0.0436617
2.8885 0.0439875
2.8921 0.0435489
2.89588 0.0432985
2.90011 0.0434959
2.90614 0.0454938
2.91435 0.0436181
2.9184 0.0436274
2.9234 0.0445981
2.93148 0.0446108
2.93161 0.0447392
2.9361 0.0451993
2.94034 0.0442213
2.94425 0.0441022
2.94797 0.043792
2.95202 0.0438013
2.95772 0.0454767
2.96607 0.0437353
2.96992 0.0435505
2.97826 0.0438229
2.9823 0.0438322
2.9857 0.0431995
2.99051 0.0439762
2.99622 0.0456516
3.00039 0.0437725
3.00431 0.043656
3.00816 0.0434712
3.00828 0.0435996
3.02089 0.0441065
3.02467 0.043856
3.02923 0.0443759
3.03308 0.0441901
3.03878 0.0438488
3.0428 0.0446648
3.05589 0.0436374
3.05601 0.0437657
3.05948 0.0431987
3.06814 0.0437936
3.07193 0.0435461
3.0761 0.0436838
3.08014 0.043693
3.08631 0.0458222
3.09022 0.0436834
3.094 0.0434359
3.09773 0.0431257
3.10222 0.0435858
3.10658 0.0439175
3.11062 0.0439239
3.11435 0.0436107
3.11852 0.0437484
3.1248 0.046003
3.12923 0.0443778
3.13289 0.0440019
3.13956 0.0394101
3.14604 0.0438721
3.1538 0.0435711
3.15772 0.043452
3.16163 0.0433329
3.16587 0.0435333
3.16984 0.0434769
3.176 0.0456032
3.18056 0.0441093
3.18422 0.0437334
3.18768 0.0431634
3.19236 0.0438147
3.19628 0.0436926
3.20038 0.0437646
3.20423 0.0435798
3.20853 0.043843
3.21449 0.0457752
3.21866 0.0438961
3.22261 0.0438081
3.23114 0.0442716
3.23589 0.0449885
3.24372 0.043569
3.25193 0.0437188
3.25597 0.0437252
3.2561 0.0438536
3.2597 0.043415
3.27022 0.0438532
3.27407 0.0436685
3.27824 0.0438061
3.2862 0.0436963
3.29049 0.0439565
3.29062 0.0440849
3.29382 0.0432552
3.2976 0.0430019
3.30395 0.0453163
3.3085 0.0438194
3.3121 0.0433779
3.31633 0.0435748
3.3246 0.0437845
3.32903 0.044176
3.33255 0.0436688
3.33788 0.044959
3.33987 0.0397189
3.34173 0.0435959
3.34561 0.0434422
3.34991 0.0437083
3.35003 0.0438367
3.35574 0.0455121
3.3596 0.0433135
3.36363 0.0433193
3.36742 0.0430718
3.37172 0.0433349
3.37589 0.0434726
3.37974 0.0432878
3.38365 0.0431687
3.38833 0.0438141
3.39356 0.0450071
3.39766 0.0430594
3.40093 0.0422983
3.4051 0.042433
3.40985 0.043147
3.41389 0.0431533
3.41832 0.0435478
3.42313 0.0443245
3.42678 0.0439486
3.43255 0.0456838
3.43538 0.0424581
3.43903 0.0388812
3.43916 0.0430431
3.44551 0.0453605
3.44929 0.0430933
3.44942 0.0432216
3.45282 0.042586
3.4566 0.0423356
3.46058 0.0422792
3.46436 0.0420317
3.46802 0.0416529
3.47187 0.0414681
3.47546 0.0410266
3.48091 0.0424452
3.48489 0.040375
3.48886 0.0403127
3.49188 0.039292
3.4961 0.0394865
3.4995 0.0388509
3.50399 0.0393022
3.50706 0.0383471
3.51149 0.0387386
3.51162 0.038867
3.51714 0.0403513
3.52124 0.0384065
3.52541 0.0385413
3.53067 0.0397658
3.5308 0.0398942
3.53426 0.0341095
3.53464 0.0385282
3.53855 0.0384061
3.5424 0.0382213
3.5467 0.0384815
3.55093 0.038679
3.5542 0.0379179
3.55837 0.0380527
3.56241 0.0380619
3.56831 0.0399314
3.5721 0.0376671
3.57575 0.0372883
3.57909 0.03659
3.58339 0.0368531
3.58742 0.0368565
3.59044 0.0358358
3.59543 0.0368001
3.59845 0.0357793
3.60434 0.0376429
3.60871 0.0359549
3.61307 0.0362837
3.61717 0.0363528
3.62147 0.0366159
3.62583 0.0369418
3.63096 0.038038
3.63109 0.0381664
3.63301 0.0328606
3.63513 0.0369943
3.63945 0.0372886
3.64362 0.0374233
3.64375 0.0375517
3.64728 0.0370474
3.65145 0.0371821
3.65709 0.0387919
3.66126 0.0369128
3.66485 0.0364712
3.66877 0.0363521
3.67281 0.0363585
3.67685 0.0363648
3.68038 0.0358605
3.68442 0.0358669
3.68858 0.0359987
3.69448 0.0378652
3.6991 0.0364311
3.70333 0.0366256
3.70698 0.0362468
3.71173 0.0369573
3.7157 0.036898
3.72121 0.0383764
3.72134 0.0385048
3.72576 0.0388904
3.73121 0.0403032
3.73518 0.035032
3.73544 0.0393223
3.73973 0.0395854
3.74378 0.0395947
3.75019 0.0419719
3.7541 0.039833
3.75814 0.0398423
3.76227 0.0399425
3.76606 0.039695
3.77016 0.0397641
3.77408 0.039645
3.77805 0.0395886
3.7819 0.0394038
3.78819 0.0416526
3.78831 0.041781
3.79331 0.0407261
3.79594 0.0393231
3.80023 0.0395804
3.8044 0.0397122
3.80825 0.0395274
3.8126 0.0398532
3.81273 0.0399816
3.81735 0.0405643
3.82132 0.040505
3.82869 0.0438406
3.83132 0.0404209
3.83626 0.0413259
3.83799 0.0378458
3.84239 0.044256
3.84694 0.0427621
3.85098 0.0427655
3.85509 0.0428375
3.859 0.0427184
3.86368 0.0433638
3.86727 0.0429251
3.87144 0.0430569
3.87567 0.0432573
3.88164 0.0451895
3.88619 0.0436927
3.89049 0.0439529
3.89061 0.0440812
3.8935 0.0429321
3.89766 0.0430639
3.9019 0.0432613
3.90202 0.0433897
3.90606 0.0433926
3.90978 0.0430795
3.9142 0.043468
3.92068 0.0459138
3.92478 0.0439661
3.92879 0.0439374
3.93206 0.0431734
3.93783 0.0449145
3.93969 0.039546
3.94171 0.0435824
3.94591 0.0437483
3.9497 0.0435008
3.95374 0.04351
3.95733 0.0430685
3.96118 0.0428837
3.96554 0.0432096
3.9715 0.0451388
3.97542 0.0430029
3.97901 0.0425614
3.98247 0.0419915
3.98702 0.0425084
3.99029 0.0417444
3.9942 0.0416194
3.99811 0.0414945
4.00292 0.0422653
4.00304 0.0423937
4.0085 0.0438179
4.0128 0.0420643
4.01716 0.0423931
4.02107 0.0422681
4.02514 0.042305
4.02969 0.042822
4.03489 0.0439833
4.0386 0.0384553
4.03886 0.0427456
4.04309 0.042946
4.04714 0.0429553
4.05188 0.0436663
4.05554 0.0432875
4.06144 0.0451541
4.06519 0.0428552
4.06884 0.0424793
4.07269 0.0422946
4.07642 0.0419843
4.0802 0.0417368
4.08393 0.0414266
4.08796 0.04143
4.08809 0.0415584
4.09149 0.0409228
4.09704 0.0424353
4.10114 0.0404876
4.10537 0.040688
4.10884 0.040118
4.11294 0.04019
4.11737 0.0405816
4.12256 0.0417375
4.12631 0.0414555
4.13067 0.0417813
4.13615 0.0432311
4.13775 0.0376058
4.14019 0.0420591
4.14484 0.0426728
4.15048 0.0442825
4.15061 0.0444109
4.15446 0.0422094
4.15818 0.0418962
4.16215 0.0418369
4.1662 0.0418462
4.17017 0.0417869
4.17396 0.0415394
4.17761 0.0411635
4.18152 0.0410414
4.18806 0.043547
4.19172 0.0411514
4.19582 0.0412175
4.19877 0.040134
4.20351 0.0408387
4.20716 0.0404598
4.21133 0.0405946
4.21146 0.040723
4.21549 0.0407259
4.21979 0.040989
4.22668 0.0438446
4.22681 0.043973
4.23162 0.0427329
4.23463 0.0417151
4.23842 0.0382695
4.24041 0.0442916
4.24509 0.0429232
4.24932 0.0431201
4.25291 0.042678
4.25727 0.0430039
4.26112 0.0428191
4.26528 0.0429509
4.26964 0.0432768
4.27333 0.0429285
4.27923 0.044798
4.28334 0.0428532
4.28763 0.0431134
4.29096 0.0424121
4.29506 0.0424783
4.29891 0.0422906
4.30384 0.0431898
4.3075 0.0428109
4.31128 0.0425605
4.3183 0.045548
4.32272 0.0439198
4.3281 0.0452698
4.33619 0.0452884
4.34017 0.0440537
4.34787 0.0436841
4.35216 0.0439502
4.35614 0.0438938
4.36018 0.0439031
4.36429 0.0439751
4.37019 0.0458416
4.37455 0.0441536
4.37898 0.0445451
4.38219 0.0437214
4.39385 0.0432866
4.39398 0.043415
4.39802 0.0434214
4.40353 0.0448969
4.41681 0.0440546
4.42036 0.0435785
4.42498 0.0441641
4.42931 0.0444583
4.43986 0.0397158
4.44583 0.0436647
4.44993 0.0437368
4.45417 0.0439401
4.4602 0.0459379
4.4645 0.0441814
4.46463 0.0443098
4.46828 0.0439339
4.47187 0.0434894
4.47604 0.0436271
4.48041 0.0439558
4.48406 0.0435799
4.48816 0.0436461
4.49208 0.043527
4.49842 0.0458385
4.50685 0.0441815
4.51063 0.0439311
4.51884 0.0440687
4.52358 0.0447768
4.52724 0.0444009
4.53121 0.0443446
4.53641 0.0455093
4.54039 0.0442746
4.54437 0.0442182
4.55002 0.0458338
4.55438 0.0441459
4.55797 0.0437043
4.56176 0.0434568
4.56644 0.0441051
4.57028 0.0439174
4.57413 0.0437326
4.58221 0.0437482
4.58837 0.0458686
4.59221 0.0436641
4.59599 0.0434108
4.59952 0.0429006
4.60849 0.0438062
4.61285 0.044132
4.61683 0.0440756
4.62087 0.0440849
4.63164 0.0447712
4.63395 0.0430486
4.64832 0.0441405
4.65634 0.0440934
4.66013 0.0438459
4.66026 0.0439743
4.6643 0.0439836
4.67206 0.0436768
4.68701 0.0445095
4.6906 0.0440621
4.70188 0.0432451
4.70694 0.0442727
4.71066 0.0439596
4.71778 0.0470414
4.72086 0.0440724
4.72516 0.0443385
4.72894 0.0440851
4.73997 0.0398251
4.74613 0.0439681
4.75024 0.0440401
4.75428 0.0440494
4.77641 0.043996
4.78001 0.0435574
4.78411 0.0436294
4.78802 0.0435074
4.78815 0.0436358
4.79226 0.0437107
4.79643 0.0438425
4.8004 0.0437861
4.80656 0.0459095
4.81086 0.0441558
4.81509 0.0443562
4.81855 0.0437863
4.82279 0.0439896
4.82741 0.0445752
4.83119 0.0443247
4.84441 0.0442641
4.84852 0.044339
4.85256 0.0443483
4.86251 0.0442103
4.8697 0.0433301
4.87419 0.0437873
4.87855 0.0441161
4.88233 0.0438686
4.88246 0.0439969
4.88638 0.0438778
4.90016 0.0435433
4.9083 0.0436187
4.92081 0.0440253
4.9246 0.0437778
4.92896 0.0441066
4.93371 0.0448206
4.93833 0.0433894
4.94237 0.0442371
4.94817 0.0460093
4.95613 0.0438827
4.95992 0.0436352
4.96396 0.0436415
4.968 0.0436508
4.97197 0.0435915
4.97615 0.0437291
4.98012 0.0436728
4.99058 0.0440454
4.99423 0.0436665
4.99763 0.0430309
5.00225 0.0436165
5.01072 0.0440201
5.01451 0.0437726
5.01861 0.0438446
5.02497 0.0461649
5.0292 0.0443485
5.03985 0.0397033
5.05769 0.0434233
5.0616 0.0433042
5.06603 0.0436957
5.06975 0.0433826
5.08066 0.0442089
5.08765 0.0431376
5.09247 0.0439173
5.09593 0.0433473
5.10042 0.0438045
5.10434 0.0436854
5.10883 0.0441426
5.11466 0.0459429
5.12332 0.044521
5.12345 0.0446494
5.13128 0.0444082
5.13596 0.0450595
5.13962 0.0394687
5.14359 0.0434459
5.14809 0.043906
5.15213 0.0439153
5.15662 0.0443725
5.16618 0.045866
5.1701 0.0437302
5.17824 0.0438115
5.18242 0.0439491
5.18646 0.0439584
5.19402 0.0434546
5.19806 0.043461
5.20441 0.0457754
5.22481 0.0439903
5.22917 0.0443161
5.2327 0.0438118
5.23988 0.0397336
5.24219 0.0440614
5.24662 0.0444558
5.25015 0.0439516
5.27184 0.0434533
5.27633 0.0439134
5.28018 0.0437286
5.28429 0.0438036
5.28839 0.0438726
5.28852 0.044001
5.30237 0.043741
5.30642 0.0437502
5.31084 0.0441418
5.31097 0.0442701
5.31873 0.0439663
5.32275 0.0439439
5.32714 0.0443038
5.3332 0.0463298
5.33641 0.0434893
5.34039 0.0442713
5.34603 0.045884
5.35033 0.0441333
5.35411 0.0438829
5.36156 0.0432595
5.37009 0.0437259
5.37824 0.0438072
5.38434 0.0458707
5.38889 0.0443739
5.39255 0.043998
5.39575 0.0431713
5.39588 0.0432996
5.40044 0.0438196
5.40435 0.0436946
5.40832 0.0436382
5.41262 0.0438984
5.41672 0.0439733
5.42276 0.0459712
5.4275 0.0446684
5.43161 0.0447374
5.43591 0.045003
5.44379 0.0436462
5.44832 0.0441374
5.45615 0.0438992
5.46 0.0437174
5.46443 0.0441118
5.46821 0.0438643
5.4786 0.0441712
5.48624 0.0437419
5.49515 0.0445818
5.50233 0.0436928
5.50643 0.0437648
5.51285 0.0461449
5.52455 0.0437363
5.52872 0.043871
5.5326 0.0437173
5.53966 0.0395107
5.54999 0.0437879
5.55403 0.0437972
5.55762 0.0433586
5.56404 0.0457387
5.56785 0.0435055
5.57183 0.0434462
5.57561 0.0431987
5.57985 0.0433991
5.58376 0.04328
5.58799 0.0434775
5.59165 0.0430986
5.59543 0.0428482
5.60172 0.0450999
5.60614 0.0434717
5.61011 0.0434124
5.61358 0.0428425
5.61874 0.0439727
5.62259 0.0437909
5.63022 0.0433556
5.63571 0.0448083
5.63962 0.0394714
5.63975 0.0436334
5.6436 0.0434486
5.64783 0.0436519
5.65328 0.0450676
5.65719 0.0429288
5.66136 0.0430635
5.66451 0.0421741
5.66829 0.0419266
5.67214 0.0417418
5.67554 0.0411062
5.67945 0.0409842
5.68279 0.0402888
5.68958 0.0430482
5.68971 0.0431766
5.69272 0.040139
5.69285 0.0402674
5.69599 0.039375
5.69984 0.0391873
5.69997 0.0393157
5.70381 0.039128
5.70747 0.0387521
5.71132 0.0385673
5.7151 0.0383198
5.71953 0.0387113
5.72652 0.0416677
5.72908 0.0381823
5.7337 0.0387649
5.73383 0.0388933
5.73518 0.035028
5.73915 0.041019
5.74364 0.0394594
5.7473 0.0390806
5.75102 0.0387674
5.75467 0.0383916
5.75916 0.0388458
5.76263 0.0382788
5.76635 0.0379656
5.77045 0.0380376
5.77616 0.0397131
5.78001 0.0375115
5.78386 0.0373267
5.78738 0.0368166
5.79091 0.0363094
5.79482 0.0361903
5.7988 0.0361304
5.80296 0.0362622
5.80662 0.0358863
5.8131 0.0383321
5.8174 0.0365784
5.82208 0.0372233
5.82586 0.0369729
5.83201 0.0390932
5.8331 0.0329544
5.83548 0.0373449
5.83945 0.0372856
5.84368 0.037486
5.8476 0.0373669
5.85144 0.0371792
5.85157 0.0373076
5.85516 0.036866
5.85529 0.0369944
5.8592 0.0368718
5.86485 0.0384845
5.86876 0.0363487
5.87248 0.0360355
5.87601 0.0355312
5.87948 0.0349613
5.88339 0.0348422
5.88737 0.0347828
5.89092 0.0343067
5.89573 0.0350805
5.90112 0.0364364
5.90535 0.03462
5.90953 0.0347577
5.91318 0.0343789
5.91808 0.0352494
5.92218 0.0353155
5.92231 0.0354439
5.92754 0.0366398
5.931 0.0308521
5.93183 0.0357187
5.93517 0.0350204
5.93946 0.0352805
5.94414 0.0359259
5.94773 0.0354844
5.95325 0.0369687
5.95723 0.0348955
5.96101 0.034648
5.9648 0.0344005
5.96865 0.0342152
5.97307 0.0346067
5.9768 0.0342965
5.98122 0.0346851
5.98481 0.0342435
5.99113 0.0365263
5.99555 0.0348981
6.00016 0.0354778
6.00305 0.0343287
6.00741 0.0346633
6.01145 0.0346691
6.01575 0.0349323
6.01992 0.035067
6.02005 0.0351954
6.02409 0.0352047
6.02993 0.0370085
6.03115 0.030998
6.03364 0.035514
6.0382 0.036031
6.04403 0.0378318
6.04762 0.0353735
6.05122 0.0349349
6.05481 0.0344904
6.05879 0.034437
6.06257 0.0341895
6.06649 0.0340704
6.07053 0.0340796
6.07463 0.0341517
6.08086 0.0363406
6.08509 0.0345243
6.08894 0.0343366
6.09317 0.0345369
6.09728 0.034609
6.10113 0.0344242
6.10542 0.0346902
6.10915 0.0343771
6.11347 0.0346713
6.12052 0.0376875
6.12443 0.0355487
6.12456 0.0356771
6.12758 0.0346563
6.13123 0.0310823
6.13347 0.0373583
6.13783 0.0356674
6.14142 0.0352229
6.14495 0.0347186
6.14892 0.0346593
6.15271 0.0344118
6.15662 0.0342897
6.16047 0.034105
6.16464 0.0342426
6.1708 0.0363659
6.17529 0.0348064
6.17926 0.034747
6.17939 0.0348754
6.18311 0.0345588
6.18324 0.0346872
6.18759 0.0350101
6.19125 0.0346313
6.19509 0.0344436
6.19894 0.0342559
6.20291 0.0341931
6.2092 0.0364448
6.21333 0.0345311
6.21785 0.0350136
6.2224 0.0355276
6.22733 0.0364327
6.23066 0.0305166
6.23131 0.035192
6.23483 0.0346848
6.23894 0.0347568
6.24291 0.0346975
6.24657 0.0343187
6.25042 0.0341369
6.25491 0.0345911
6.26071 0.0363633
6.26501 0.0346096
6.26956 0.0351295
6.27303 0.0345596
6.27758 0.0350795
6.28117 0.034635
6.28501 0.0344473
6.28546 0.0348952
6.28886 0.0342567
6.29328 0.0346452
6.29905 0.0363805
6.30328 0.0345582
6.3034 0.0346866
6.30732 0.0345675
6.31139 0.0346015
6.3153 0.0344794
6.31991 0.0350591
6.32004 0.0351875
6.32363 0.034743
6.32927 0.0363528
6.33055 0.0304051
6.33305 0.034924
6.33677 0.0346079
6.34062 0.0344231
6.34447 0.0342383
6.35056 0.0362989
6.3553 0.0349892
6.35871 0.0343565
6.36255 0.0341718
6.36666 0.0342438
6.3707 0.0342501
6.37468 0.0341937
6.37891 0.0343912
6.38275 0.0342035
6.3889 0.0363209
6.39301 0.0343762
6.39718 0.034508
6.40121 0.0345114
6.40557 0.0348402
6.40987 0.0351033
6.41417 0.0353635
6.41839 0.035558
6.42358 0.0367111
6.42845 0.0375505
6.43236 0.0322136
6.43262 0.0365039
6.43685 0.0367043
6.44288 0.0386992
6.44711 0.0368799
6.45102 0.0367579
6.45481 0.0365104
6.45891 0.0365794
6.4627 0.0363319
6.46661 0.0362099
6.4702 0.0357683
6.47418 0.035712
6.48018 0.0376753
6.48415 0.0355992
6.48812 0.0355369
6.49171 0.0350954
6.49575 0.0350988
6.50055 0.0358696
6.50395 0.035234
6.50793 0.0351776
6.51197 0.035184
6.51908 0.0382658
6.52453 0.0376583
6.52716 0.0362553
6.53395 0.0338028
6.53466 0.0397194
6.53934 0.0391893
6.54396 0.0397749
6.54857 0.0403575
6.54902 0.0408054
6.553 0.040749
6.55762 0.0413346
6.5623 0.0419829
6.56628 0.0419265
6.57089 0.0425091
6.57821 0.0457909
6.58289 0.0444224
6.58763 0.0451305
6.59462 0.0440504
6.59475 0.0441788
6.59846 0.0438627
6.60295 0.0443111
6.60654 0.0438695
6.61689 0.0461587
6.6253 0.044477
6.63302 0.0441357
6.63841 0.0454916
6.64001 0.0398663
6.64213 0.044
6.64611 0.0439437
6.65009 0.0438873
6.65413 0.0438966
6.65791 0.0436491
6.66196 0.0436583
6.66818 0.0458473
6.67273 0.0443475
6.67626 0.0438432
6.68036 0.0439152
6.68454 0.0440529
6.6887 0.0441847
6.69261 0.0440627
6.69627 0.0436838
6.6964 0.0438122
6.70024 0.0436245
6.70697 0.0463241
6.71089 0.0441853
6.71518 0.0444455
6.71858 0.0438128
6.72387 0.0450656
6.73163 0.0447588
6.74048 0.0443664
6.74452 0.0443756
6.75229 0.0440747
6.75793 0.0456845
6.76255 0.0442533
6.76666 0.0443253
6.77435 0.0439528
6.77884 0.04441
6.78224 0.0437773
6.78641 0.043912
6.79051 0.0439811
6.79629 0.0457192
6.81292 0.044198
6.81702 0.0442701
6.82132 0.0445332
6.82472 0.0439005
6.8293 0.0444515
6.83444 0.0455506
6.83906 0.0441194
6.84271 0.044582
6.85244 0.0442212
6.86001 0.0437262
6.86462 0.0443059
6.86828 0.04393
6.872 0.0436139
6.87607 0.0436543
6.88024 0.043792
6.88755 0.0470679
6.89428 0.0437142
6.89441 0.0438426
6.89813 0.0435265
6.91416 0.0434206
6.91865 0.0438777
6.92513 0.0463235
6.92961 0.044761
6.93321 0.0443223
6.93981 0.0396649
6.94238 0.0442495
6.94629 0.0441303
6.96176 0.0434599
6.97022 0.0438577
6.97625 0.0458556
6.981 0.0445528
6.98831 0.0437951
6.99273 0.0441837
7.00049 0.0438739
7.00427 0.0436235
7.00902 0.0443405
7.02352 0.0447194
7.02724 0.0444063
7.03167 0.0448007
7.03674 0.0458371
7.04046 0.0443456
7.04829 0.0441074
7.0522 0.0439883
7.05978 0.0434933
7.06651 0.0461953
7.07055 0.0441848
7.07812 0.0436899
7.08255 0.0440838
7.09012 0.0435888
7.09416 0.0435951
7.09795 0.0433447
7.10449 0.0458561
7.10898 0.0442936
7.11719 0.0444347
7.12116 0.0443783
7.12527 0.0444532
7.12937 0.0445223
7.13284 0.0439553
7.13836 0.0454396
7.13996 0.0398143
7.14227 0.0441392
7.14631 0.0441485
7.1501 0.043901
7.1562 0.0459645
7.16062 0.0443422
7.1646 0.0442858
7.17634 0.0439226
7.18019 0.0437378
7.1841 0.0436187
7.18852 0.0440073
7.18865 0.0441357
7.19475 0.0461992
7.20655 0.0438849
7.21515 0.0444111
7.22252 0.0437221
7.2281 0.0452662
7.24023 0.0441127
7.24584 0.0456938
7.25053 0.0443282
7.25431 0.0440807
7.25797 0.0437049
7.26227 0.0439709
7.26663 0.0442997
7.27003 0.043667
7.27433 0.0439331
7.27831 0.0438767
7.28896 0.0444404
7.28909 0.0445688
7.29627 0.0436857
7.30454 0.0438895
7.30839 0.0437077
7.3123 0.0435856
7.32327 0.0464886
7.33142 0.0445531
7.33607 0.0451727
7.34415 0.044007
7.34813 0.0439536
7.35609 0.0438408
7.35981 0.0435306
7.36405 0.043731
7.36803 0.0436776
7.37431 0.0459293
7.3788 0.0443697
7.38253 0.0440594
7.39048 0.0439467
7.3949 0.0443353
7.39824 0.0436369
7.40183 0.0431954
7.40671 0.0440377
7.4128 0.0460983
7.41716 0.0444133
7.42101 0.0442285
7.42506 0.0442378
7.42929 0.0444382
7.43314 0.0442534
7.43968 0.0395332
7.44231 0.0441805
7.44629 0.0441241
7.44988 0.0436826
7.45001 0.043811
7.45425 0.0440143
7.46419 0.045893
7.46836 0.0440139
7.47227 0.0438919
7.47612 0.0437071
7.48061 0.0441643
7.48459 0.0441079
7.4885 0.0439859
7.49216 0.04361
7.49658 0.0439986
7.50249 0.045868
7.50672 0.0440487
7.51467 0.043936
7.51929 0.0445215
7.5232 0.0444024
7.52725 0.0444117
7.531 0.0441267
7.53991 0.0397635
7.54017 0.0440538
7.54421 0.0440631
7.55409 0.0458791
7.56224 0.0439436
7.57039 0.0440249
7.57443 0.0440313
7.57809 0.0436554
7.57822 0.0437838
7.58239 0.0439214
7.58617 0.0436739
7.59214 0.0456032
7.6007 0.0440781
7.60435 0.0436993
7.60919 0.04451
7.61278 0.0440655
7.61689 0.0441405
7.62036 0.0435735
7.62491 0.0440934
7.63178 0.0469243
7.6319 0.0470527
7.63396 0.0430566
7.6389 0.0439617
7.6439 0.0457708
7.64865 0.044471
7.65218 0.0439667
7.65622 0.043976
7.66784 0.0434873
7.67149 0.0431085
7.67624 0.0438225
7.68246 0.0460144
7.68727 0.0447743
7.69452 0.0439539
7.69837 0.0437662
7.71023 0.0435284
7.71453 0.0437916
7.72081 0.0460462
7.72543 0.044615
7.72947 0.0446214
7.73813 0.0452133
7.73826 0.0453417
7.73986 0.0397164
7.74211 0.043978
7.74586 0.0436959
7.75414 0.0439056
7.75767 0.0434013
7.76184 0.043539
7.76627 0.0439335
7.77217 0.0458
7.77678 0.0443688
7.78436 0.0438738
7.79641 0.0438301
7.80052 0.0439021
7.80431 0.0436546
7.81085 0.0461631
7.81502 0.044284
7.81886 0.0440963
7.82272 0.0439145
7.82721 0.0443716
7.83086 0.0439928
7.8358 0.0449008
7.83939 0.0392444
7.83965 0.0435347
7.84395 0.0437979
7.84728 0.0431025
7.851 0.0427864
7.85459 0.0423448
7.85941 0.0431244
7.86313 0.0407945
7.86672 0.040353
7.86967 0.0392695
7.87313 0.0386995
7.87615 0.0376817
7.87923 0.0367266
7.88269 0.0361566
7.88628 0.0357121
7.89095 0.0363546
7.89487 0.0342157
7.89499 0.0343441
7.89913 0.0344472
7.90298 0.0342595
7.90741 0.034654
7.91113 0.0343408
7.91568 0.0348578
7.9158 0.0349862
7.91927 0.0344162
7.9194 0.0345446
7.92299 0.034106
7.92838 0.035459
7.93011 0.0299621
7.93255 0.0344154
7.93684 0.0346785
7.94242 0.0342058
7.94653 0.0342778
7.94665 0.0344062
7.95044 0.0341587
7.95467 0.0343562
7.95865 0.0343027
7.9625 0.034118
7.96654 0.0341272
7.97059 0.0341365
7.97463 0.0341429
7.98117 0.0366513
7.98495 0.0343841
7.98893 0.0343248
7.99284 0.0342057
7.997 0.0343375
7.99713 0.0344659
8.00108 0.034375
8.0049 0.0341646
8.009 0.0342366
8.01311 0.0343057
8.01945 0.0366172
8.02362 0.0347381
8.02645 0.0335262
8.0301 0.0299522
8.03241 0.0362939
8.03651 0.0343491
8.04049 0.0342898
8.0444 0.0341707
8.04876 0.0344995
8.05255 0.034252
8.05659 0.0342583
8.06057 0.0342049
8.06474 0.0343425
8.07052 0.0360836
8.07475 0.0342702
8.07879 0.0342765
8.0829 0.0343485
8.08745 0.0348684
8.09092 0.0342985
8.09547 0.0348184
8.09893 0.0342479
8.10304 0.0343199
8.10904 0.0362862
8.10917 0.0364146
8.11314 0.0343385
8.11782 0.0349838
8.12147 0.0346021
8.12663 0.0357289
8.13035 0.0302008
8.13061 0.0344912
8.13465 0.0344975
8.13868 0.0345009
8.14266 0.0344416
8.1465 0.0342539
8.15054 0.0342632
8.15497 0.0346547
8.16043 0.0340595
8.16472 0.0343256
8.16864 0.0342064
8.17306 0.034598
8.17685 0.0343505
8.18159 0.0350585
8.18204 0.0355064
8.18486 0.0342946
8.18896 0.0343607
8.19294 0.0343043
8.19903 0.0363614
8.20307 0.0343476
8.20743 0.0346763
8.21102 0.0342348
8.21583 0.0350115
8.22025 0.0354001
8.22384 0.0349585
8.22917 0.0362488
8.23039 0.0302383
8.23282 0.0346916
8.23776 0.0355937
8.24116 0.0349581
8.24641 0.0361827
8.25052 0.0342379
8.25482 0.034501
8.25854 0.0341908
8.26265 0.0342628
8.26663 0.0342094
8.27086 0.0344098
8.27477 0.0342877
8.27875 0.0342313
8.28279 0.0342377
8.28932 0.0367403
8.29279 0.0341565
8.29708 0.0344167
8.30138 0.0346798
8.3053 0.0345607
8.30947 0.0346984
8.31332 0.0345136
8.31732 0.0344884
8.32162 0.0347485
8.32175 0.0348769
8.32701 0.0361044
8.33053 0.0303824
8.33092 0.0348011
8.3365 0.0363481
8.34105 0.0348483
8.34451 0.0342784
8.34861 0.0343469
8.35272 0.0344189
8.35669 0.0343626
8.36061 0.0342435
8.36465 0.0342527
8.36869 0.034262
8.37305 0.0345879
8.37863 0.0341181
8.38287 0.0343156
8.38732 0.0347353
8.39104 0.0344221
8.39597 0.0353242
8.40014 0.035459
8.40309 0.0343755
8.4072 0.0344475
8.40733 0.0345759
8.41118 0.0343911
8.41816 0.0373416
8.42335 0.0364838
8.42768 0.0367809
8.43165 0.0315068
8.43191 0.0357971
8.43595 0.0357995
8.43976 0.0355801
8.44399 0.0357747
8.44732 0.0350763
8.45079 0.0345064
8.45508 0.0347666
8.45881 0.0344563
8.46477 0.0363885
8.46862 0.0341899
8.47317 0.0347069
8.4733 0.0348353
8.47702 0.0345221
8.4817 0.0351704
8.48183 0.0352988
8.48548 0.0349171
8.48561 0.0350454
8.48907 0.0344726
8.49311 0.034476
8.49715 0.0344794
8.50163 0.0349307
8.50176 0.0350591
8.50747 0.0367316
8.51189 0.0351063
8.51587 0.035047
8.52048 0.0356296
8.52465 0.0357614
8.5301 0.0371771
8.53131 0.0311667
8.53381 0.0356827
8.53856 0.0363937
8.54215 0.0359492
8.54228 0.0360776
8.54612 0.0358928
8.5501 0.0358335
8.55574 0.0374432
8.55978 0.0354358
8.56379 0.0354105
8.56764 0.0352257
8.57168 0.035232
8.57521 0.0347278
8.57912 0.0346057
8.57925 0.0347341
8.58297 0.0344209
8.5879 0.0353172
8.59085 0.0342337
8.59726 0.0345941
8.60168 0.0349797
8.60181 0.0351081
8.60553 0.034795
8.61005 0.0352803
8.61562 0.0368185
8.61896 0.0361202
8.6235 0.0366342
8.62889 0.0379901
8.63261 0.0324621
8.63287 0.0367525
8.6371 0.0369499
8.64133 0.0371503
8.64717 0.0389512
8.65121 0.0369408
8.65486 0.0365649
8.6589 0.0365712
8.66269 0.0363237
8.66647 0.0360733
8.66994 0.0355033
8.67366 0.0351902
8.67378 0.0353186
8.67744 0.0349427
8.68321 0.0366779
8.68801 0.035429
8.68814 0.0355574
8.69096 0.0343455
8.69558 0.0349252
8.69968 0.0349943
8.70365 0.034932
8.70776 0.035004
8.71141 0.0346252
8.71154 0.0347536
8.71615 0.0353333
8.7207 0.0358473
8.72647 0.0375855
8.73262 0.0376891
8.73384 0.0336954
8.73907 0.0409357
8.74458 0.0404003
8.74836 0.0401499
8.74849 0.0402783
8.75286 0.0406071
8.75722 0.0409358
8.76222 0.0419037
8.7662 0.0418473
8.77088 0.0424926
8.77575 0.043335
8.78217 0.045718
8.78749 0.0449856
8.79063 0.0440962
8.79441 0.0438457
8.79865 0.0440461
8.80268 0.0440495
8.81442 0.0436834
8.81871 0.0439465
8.8252 0.0443784
8.82949 0.0446416
8.83322 0.0443313
8.8386 0.0456843
8.84258 0.0444525
8.84624 0.0440766
8.85019 0.0439886
8.85436 0.0441263
8.87174 0.0453723
8.87187 0.0455007
8.87617 0.04375
8.88066 0.0442072
8.88867 0.0441571
8.89278 0.0442291
8.89663 0.0440414
8.90066 0.0440478
8.90438 0.0437317
8.91073 0.0460461
8.91496 0.0442268
8.91906 0.0442954
8.92349 0.0446869
8.92734 0.0445016
8.93144 0.0445707
8.93632 0.045413
8.94029 0.0441783
8.94478 0.0446349
8.94851 0.0443247
8.95236 0.0441429
8.95659 0.0443462
8.96211 0.0458305
8.9666 0.044268
8.97032 0.0439548
8.97439 0.0439952
8.97908 0.0446435
8.98254 0.0440765
8.99453 0.0439642
9.00005 0.0454455
9.00466 0.0440117
9.00896 0.0442748
9.01287 0.0441528
9.01806 0.0453117
9.02102 0.0442311
9.02532 0.0444972
9.02929 0.0444379
9.03269 0.0438047
9.03898 0.0460564
9.04296 0.0448246
9.04681 0.0446427
9.05216 0.045967
9.05621 0.0439595
9.05999 0.043712
9.06474 0.044423
9.0684 0.0440472
9.07224 0.0438624
9.07648 0.0440657
9.0804 0.0439466
9.08431 0.0438275
9.0906 0.0460792
9.09451 0.0439433
9.09849 0.0438899
9.10253 0.0438962
9.10689 0.044225
9.11885 0.0440811
9.1227 0.0438963
9.12738 0.0445476
9.13373 0.0448482
9.13669 0.0437676
9.1422 0.0460903
9.14609 0.0439228
9.15064 0.0444456
9.15417 0.0439413
9.15789 0.0436252
9.16206 0.0437629
9.16995 0.0435816
9.17441 0.0440071
9.18037 0.0459393
9.18435 0.0438662
9.18883 0.0443175
9.19236 0.0438132
9.19698 0.0443958
9.2007 0.0440797
9.20454 0.043892
9.20845 0.04377
9.21275 0.0440331
9.21897 0.0462191
9.22327 0.0444655
9.22795 0.0451138
9.22808 0.0452422
9.23186 0.0449947
9.23661 0.0457086
9.24059 0.0444739
9.24437 0.0442264
9.24861 0.0444297
9.25259 0.0443763
9.25651 0.0442572
9.26016 0.0438813
9.27036 0.0460139
9.27434 0.0439407
9.27883 0.0443979
9.28243 0.0439593
9.28742 0.0449241
9.29082 0.0442885
9.30268 0.0440479
9.3089 0.0462339
9.31294 0.0442235
9.31686 0.0441044
9.32064 0.0438539
9.32558 0.044759
9.32981 0.0449565
9.33327 0.0443895
9.33828 0.0453602
9.33963 0.0394782
9.34232 0.0441882
9.3463 0.0441318
9.35445 0.044216
9.36028 0.0460198
9.36446 0.0441407
9.3683 0.043956
9.37234 0.0439594
9.37632 0.0439059
9.38062 0.044172
9.3844 0.0439215
9.38838 0.0438652
9.39248 0.0439313
9.39825 0.0456694
9.40287 0.0442353
9.40646 0.0437908
9.41031 0.043606
9.41909 0.0443229
9.42287 0.0440725
9.43114 0.0442733
9.43627 0.0453725
9.4364 0.0455008
9.44012 0.0440093
9.44449 0.0443381
9.44994 0.0457597
9.45437 0.0441344
9.4579 0.0436301
9.46213 0.0438335
9.46649 0.0441623
9.47015 0.0437864
9.47419 0.0437927
9.47868 0.0442499
9.48234 0.043874
9.48247 0.0440024
9.48869 0.0461884
9.49215 0.0436017
9.49619 0.0436081
9.50055 0.0439339
9.50485 0.044197
9.50895 0.0442691
9.5128 0.0440813
9.52063 0.0438431
9.53423 0.0433292
9.54007 0.0399211
9.5402 0.0452614
9.54424 0.0440923
9.54861 0.0444241
9.55236 0.0441449
9.55627 0.0440258
9.56019 0.0439067
9.5641 0.0437876
9.57199 0.0436121
9.57841 0.0459922
9.57854 0.0461206
9.58252 0.0440504
9.58707 0.0445703
9.59053 0.0440003
9.59066 0.0441287
9.59451 0.043944
9.59829 0.0436935
9.6024 0.0437626
9.60637 0.0437062
9.61073 0.0440321
9.61689 0.0461554
9.62087 0.0440822
9.62523 0.044411
9.62927 0.0444174
9.63305 0.0441669
9.63825 0.0453288
9.63959 0.0394467
9.64203 0.0439029
9.64569 0.043527
9.65018 0.0439842
9.65422 0.0439935
9.65795 0.0436803
9.66776 0.0454307
9.67219 0.0438054
9.67642 0.0440088
9.6804 0.0439524
9.68451 0.0440273
9.68887 0.0443532
9.6965 0.0439209
9.70045 0.0438329
9.70058 0.0439613
9.70654 0.0458935
9.7109 0.0442026
9.71597 0.045236
9.71899 0.0442182
9.72361 0.0448038
9.72765 0.044813
9.73175 0.0448851
9.73188 0.0450134
9.73638 0.0454736
9.74029 0.0441731
9.74426 0.0441168
9.74837 0.0441917
9.75806 0.0458166
9.76262 0.0443227
9.76673 0.0443976
9.77013 0.043765
9.77443 0.0440281
9.77853 0.0441001
9.78258 0.0441094
9.78623 0.0437335
9.79046 0.043928
9.79059 0.0440564
9.7961 0.0455348
9.80021 0.0435901
9.80457 0.0439189
9.80887 0.044182
9.80899 0.0443104
9.81303 0.0443167
9.81695 0.0441976
9.82516 0.0443416
9.82881 0.0439628
9.8385 0.0435651
9.84794 0.0457716
9.85224 0.0440209
9.85615 0.0439018
9.86013 0.0438483
9.86417 0.0438547
9.86808 0.0437356
9.87187 0.0434851
9.87642 0.044008
9.88047 0.0440173
9.88618 0.0456956
9.89048 0.043942
9.89445 0.0438856
9.89824 0.0436351
9.90285 0.0442207
9.90664 0.0439732
9.91068 0.0439766
9.91081 0.044105
9.91453 0.0437918
9.91869 0.0439266
9.92511 0.0463096
9.92928 0.0444276
9.93297 0.0440799
9.93964 0.0394881
9.94201 0.0438786
9.94573 0.0435649
9.95003 0.043831
9.95413 0.043903
9.96222 0.0439215
9.97024 0.0438744
9.97595 0.0455528
9.98057 0.0441216
9.98455 0.0440681
9.98891 0.044394
9.99263 0.0440838
9.99655 0.0439617

