% time_sec delay_sec
1.12047 0.0203912
1.12047 0.0203912
1.22049 0.020409
1.32049 0.0204042
1.41858 0.322512
1.42048 0.020398
1.52048 0.0203984
1.62048 0.020401
1.72061 0.0205327
1.72125 0.322509
1.82048 0.0204019
1.92009 0.219336
1.92183 0.0217326
1.92396 0.0258701
1.928 0.0258802
2.02011 0.113955
2.02185 0.0217445
2.02397 0.025886
2.02808 0.0259589
2.03212 0.0259645
2.03609 0.0259035
2.04028 0.0260579
2.04418 0.0259269
2.04818 0.0258897
2.05224 0.0259187
2.05829 0.0259195
2.06236 0.0259519
2.06642 0.0259844
2.0704 0.025924
2.07453 0.0260221
2.07857 0.0260314
2.0787 0.0261598
2.08268 0.0261034
2.08693 0.026328
2.09091 0.0262716
2.09675 0.0280754
2.10098 0.026259
2.10502 0.0262683
2.10881 0.0260208
2.11324 0.0264123
2.11837 0.0275115
2.12241 0.022303
2.12516 0.0290866
2.12791 0.0278091
2.13041 0.0262777
2.13503 0.0268603
2.13516 0.0269887
2.13824 0.0260336
2.14472 0.0284793
2.14895 0.026663
2.15254 0.0262243
2.15678 0.0264247
2.16095 0.0265624
2.1648 0.0263776
2.16948 0.0270259
2.17282 0.0263276
2.1766 0.0260801
2.18058 0.0260237
2.18737 0.028786
2.19116 0.0265188
2.19507 0.0263939
2.19904 0.0263345
2.20321 0.0264663
2.20699 0.0262159
2.21103 0.0262222
2.21513 0.0262913
2.22071 0.0278413
2.22264 0.0225355
2.22508 0.0269917
2.22963 0.0275087
2.23547 0.0293154
2.2356 0.0294438
2.23976 0.0275618
2.24464 0.0284071
2.24869 0.0284163
2.25305 0.0287481
2.25729 0.0289485
2.26158 0.0292145
2.26569 0.0292865
2.2696 0.0291645
2.27364 0.0291708
2.28012 0.0296027
2.2841 0.0295464
2.28859 0.0300035
2.29333 0.0307116
2.29725 0.0305896
2.30224 0.0315544
2.30647 0.031749
2.31064 0.0318837
2.31481 0.0320155
2.31493 0.0321439
2.3209 0.0340761
2.32462 0.0317491
2.32924 0.0291331
2.33161 0.0355404
2.33604 0.0339181
2.34033 0.0341812
2.34046 0.0343096
2.34495 0.0347668
2.34964 0.035418
2.35394 0.0356841
2.35785 0.035565
2.36177 0.0354459
2.36574 0.0353895
2.37197 0.0375785
2.37601 0.035571
2.38384 0.0353328
2.38839 0.0358527
2.3925 0.0359247
2.39602 0.0354175
2.40385 0.0351734
2.40859 0.0358844
2.41417 0.0374285
2.41802 0.0352264
2.42244 0.0356209
2.42822 0.037359
2.43155 0.0314458
2.43193 0.0358645
2.43566 0.0355543
2.43957 0.0354323
2.44798 0.0357733
2.45196 0.0357198
2.45581 0.035538
2.46184 0.0375359
2.4782 0.0357473
2.4818 0.0353087
2.49026 0.0357066
2.49404 0.0354561
2.49789 0.0352684
2.50404 0.035372
2.50789 0.0351873
2.51226 0.0355161
2.51636 0.0355881
2.52047 0.0356596
2.53137 0.0312652
2.53355 0.0354646
2.53785 0.0357307
2.54157 0.0354175
2.5458 0.0356179
2.5519 0.0376814
2.55601 0.0357367
2.55986 0.0355548
2.56409 0.0357552
2.57198 0.0355797
2.57583 0.035395
2.57936 0.0348907
2.58366 0.0351568
2.5902 0.0376623
2.59418 0.0355891
2.59835 0.0357239
2.60245 0.0357959
2.6063 0.0356111
2.61817 0.0353792
2.63591 0.0358039
2.64585 0.0356659
2.64996 0.0357379
2.65393 0.0356815
2.65798 0.0356908
2.66202 0.0357001
2.66606 0.0357094
2.67004 0.035653
2.67402 0.0355966
2.67979 0.0373377
2.68383 0.0353302
2.6882 0.035659
2.69224 0.0356653
2.69608 0.0354776
2.70045 0.0358064
2.70801 0.0353055
2.71225 0.0355059
2.71622 0.0354496
2.72225 0.0354306
2.72501 0.034156
2.73579 0.0356895
2.74009 0.0359526
2.74792 0.0357144
2.75581 0.0355389
2.75594 0.0356673
2.75979 0.0354854
2.76396 0.0356231
2.77012 0.0377494
2.77397 0.0355478
2.77801 0.0355571
2.78199 0.0355037
2.7861 0.0355757
2.79026 0.0357075
2.79405 0.035457
2.79802 0.0354006
2.81219 0.0354542
2.81617 0.0353978
2.82037 0.0355666
2.82416 0.0353191
2.82942 0.0365466
2.83141 0.0313036
2.83365 0.0355657
2.84193 0.0357754
2.84591 0.035722
2.84995 0.0357312
2.85387 0.0356121
2.85964 0.0373532
2.86381 0.0354712
2.86394 0.0355996
2.87195 0.0355495
2.87208 0.0356779
2.88389 0.0353833
2.88825 0.0357092
2.88838 0.0358376
2.89197 0.0353989
2.89812 0.0375193
2.90614 0.0354554
2.91435 0.0355965
2.91827 0.0354774
2.9184 0.0356058
2.9225 0.0356808
2.92789 0.0370337
2.93135 0.0312489
2.93559 0.0354858
2.93944 0.035301
2.94399 0.0358239
2.9497 0.0375022
2.95798 0.0356951
2.96202 0.0357044
2.96607 0.0357137
2.978 0.0355446
2.98217 0.0356822
2.98794 0.0374233
2.99218 0.0356069
3.00084 0.0361989
3.00417 0.0355005
3.00431 0.0356344
3.01265 0.0359068
3.02012 0.0353146
3.02923 0.0343376
3.03346 0.0353754
3.04376 0.035588
3.04799 0.0357913
3.05589 0.0356158
3.05999 0.0356907
3.06397 0.0356344
3.07193 0.0355245
3.07764 0.0372029
3.08181 0.0353238
3.09022 0.0356619
3.094 0.0354144
3.09824 0.0356177
3.10222 0.0355642
3.10607 0.0353824
3.11062 0.0359023
3.11614 0.0373866
3.12006 0.0352507
3.12416 0.0353227
3.12949 0.036613
3.13135 0.0312445
3.13776 0.0356443
3.14167 0.0355223
3.15393 0.035678
3.15759 0.0353021
3.16163 0.0353114
3.16811 0.0377571
3.17215 0.0357467
3.17626 0.0358216
3.18017 0.0357025
3.18383 0.0353266
3.18807 0.035527
3.19224 0.0356647
3.20609 0.0374185
3.21058 0.0358559
3.21436 0.0356084
3.21841 0.0356177
3.23165 0.0355852
3.23576 0.0356602
3.23987 0.0357322
3.24385 0.0356758
3.2477 0.035494
3.25206 0.0358257
3.25777 0.0375011
3.27009 0.0357033
3.27824 0.0357846
3.28158 0.0350892
3.28581 0.0352896
3.29049 0.0359349
3.30023 0.0355941
3.30395 0.035278
3.30408 0.0354063
3.30838 0.0356695
3.31222 0.0354847
3.3205 0.0356909
3.32954 0.036668
3.3314 0.0312966
3.33775 0.0356307
3.34147 0.0353176
3.34779 0.0376033
3.35587 0.0356022
3.36402 0.0356829
3.36806 0.0356922
3.37185 0.0354418
3.37576 0.0353227
3.37999 0.0355231
3.3859 0.0373925
3.39804 0.035423
3.40638 0.0356954
3.41081 0.0360869
3.41414 0.0353886
3.41806 0.0352694
3.42743 0.0345522
3.43807 0.0379652
3.4382 0.0380936
3.44993 0.0357136
3.45801 0.0357263
3.46584 0.0354852
3.46597 0.0356136
3.47001 0.0356199
3.47572 0.0372953
3.48374 0.0352315
3.48873 0.0361963
3.49245 0.0358802
3.49623 0.0356269
3.50424 0.0355709
3.50437 0.0356993
3.50784 0.0351294
3.51412 0.0373811
3.51867 0.0358842
3.52227 0.0354456
3.53586 0.0357584
3.53977 0.0356363
3.54388 0.0357083
3.55195 0.0357181
3.55555 0.0352765
3.55965 0.0353485
3.56581 0.0374748
3.57832 0.0358652
3.57845 0.0359935
3.58179 0.0352982
3.58986 0.035305
3.5939 0.0353108
3.59787 0.0352485
3.60409 0.0374316
3.61268 0.0359441
3.61679 0.0360131
3.62006 0.0352521
3.62435 0.0355123
3.62987 0.0369936
3.63153 0.0314311
3.63791 0.0357934
3.64164 0.0354832
3.64561 0.0354238
3.64933 0.0351107
3.65574 0.0374908
3.65587 0.0376192
3.6594 0.0350981
3.66351 0.0351701
3.66748 0.0351137
3.67159 0.0351858
3.67537 0.0349353
3.67909 0.0346222
3.68326 0.0347569
3.6873 0.0347603
3.69256 0.0359878
3.69679 0.0341685
3.70217 0.0355156
3.70467 0.0339842
3.7048 0.0341126
3.70878 0.0340528
3.71269 0.0339307
3.71282 0.0340591
3.71583 0.0330383
3.71987 0.0330447
3.72499 0.034135
3.72903 0.0289236
3.7296 0.0335334
3.73287 0.0327694
3.733 0.0328978
3.73665 0.032519
3.74224 0.034066
3.74596 0.0317361
3.74967 0.03142
3.75294 0.030656
3.75634 0.0300233
3.75987 0.0295161
3.76 0.0296445
3.7633 0.0289145
3.76651 0.0280878
3.76664 0.0282162
3.76978 0.0273238
3.76991 0.0274522
3.77498 0.0284886
3.77863 0.026093
3.77876 0.0262214
3.7828 0.0262307
3.78767 0.0270671
3.79113 0.0264943
3.79491 0.0262409
3.79997 0.0272685
3.80299 0.0262477
3.80683 0.02606
3.81286 0.0280549
3.81581 0.0249547
3.82062 0.0257284
3.82216 0.0220542
3.82664 0.0285588
3.83055 0.026417
3.8346 0.0264263
3.83851 0.0263043
3.84322 0.0269837
3.84643 0.0261599
3.85098 0.0266769
3.85438 0.0260442
3.85849 0.0261162
3.86432 0.0279171
3.86945 0.0269965
3.86958 0.0271249
3.87266 0.0261698
3.8767 0.0261791
3.88068 0.0261227
3.88491 0.0263231
3.88889 0.0262638
3.89324 0.0265867
3.89715 0.0264617
3.89728 0.0265901
3.90305 0.0283253
3.90318 0.0284537
3.90696 0.026186
3.91119 0.0263834
3.91484 0.0260046
3.92068 0.0278084
3.92196 0.0218607
3.92466 0.0265707
3.92879 0.0266704
3.93244 0.0262915
3.93649 0.0263008
3.94066 0.0264356
3.94447 0.0262162
3.94835 0.0260655
3.95451 0.0281917
3.95862 0.026247
3.96272 0.0263161
3.96657 0.0261313
3.97067 0.0262004
3.97471 0.0262096
3.97888 0.0263444
3.98286 0.026288
3.98715 0.0265482
3.99356 0.0289224
3.99689 0.0262044
4.00157 0.0268497
4.00498 0.0262197
4.00902 0.0262261
4.01306 0.0262324
4.01895 0.028096
4.01908 0.0282244
4.02248 0.0223769
4.02274 0.0266672
4.02802 0.0279195
4.03052 0.0263881
4.03412 0.025946
4.03828 0.0260807
4.04457 0.0283324
4.04855 0.0262622
4.05284 0.0265224
4.05643 0.0260808
4.06054 0.0261529
4.06467 0.026253
4.06872 0.0262623
4.06884 0.0263907
4.07269 0.0262059
4.07667 0.0261525
4.08264 0.0280876
4.08707 0.0264624
4.09085 0.026209
4.09546 0.0267916
4.09915 0.0264468
4.10293 0.0261935
4.10698 0.0262028
4.11108 0.0262748
4.11499 0.0261527
4.12191 0.0218118
4.12204 0.0291689
4.1241 0.0260112
4.12823 0.0261114
4.13493 0.0287794
4.13916 0.0269601
4.14365 0.0274143
4.14663 0.0263648
4.15074 0.0264339
4.15484 0.0265059
4.15888 0.0265123
4.16254 0.0261334
4.16658 0.0261427
4.17254 0.028072
4.17671 0.0261929
4.18075 0.0261992
4.18473 0.0261458
4.18896 0.0263403
4.19319 0.0265378
4.19691 0.0262187
4.20101 0.0262878
4.20511 0.0263534
4.21088 0.0280916
4.21492 0.0260782
4.21851 0.0256332
4.22203 0.0219309
4.22466 0.0285944
4.22854 0.026421
4.23252 0.0263646
4.23669 0.0264994
4.24066 0.026443
4.24445 0.0261926
4.24919 0.0269031
4.2524 0.0260758
4.25637 0.0260194
4.26253 0.0281398
4.26682 0.0263862
4.27073 0.0262612
4.27086 0.0263896
4.27487 0.0263638
4.27897 0.0264358
4.28295 0.0263794
4.28737 0.026768
4.29109 0.0264519
4.29506 0.0263896
4.30109 0.0283816
4.30512 0.0263683
4.30897 0.0261806
4.31275 0.0259301
4.31288 0.0260585
4.31907 0.02821
4.32246 0.0223625
4.32272 0.0266528
4.3267 0.0265964
4.33074 0.0265998
4.33465 0.0264807
4.33863 0.0264243
4.34235 0.0261112
4.34632 0.0260548
4.35255 0.0282467
4.35653 0.0261736
4.36096 0.026568
4.36487 0.026446
4.365 0.0265744
4.36955 0.0270943
4.37276 0.0262675
4.37288 0.0263959
4.37693 0.0264052
4.38078 0.0262204
4.38495 0.0263581
4.39116 0.0285412
4.39507 0.0263995
4.39937 0.0266626
4.40404 0.027305
4.40693 0.0261588
4.41103 0.0262279
4.41501 0.0261685
4.42075 0.0278751
4.42216 0.0220557
4.42473 0.0266403
4.4288 0.0266778
4.4321 0.0259478
4.43627 0.0260855
4.44339 0.0291702
4.44352 0.0292986
4.4466 0.0263297
4.45058 0.0262733
4.45481 0.0264766
4.45879 0.0264203
4.46277 0.0263639
4.4629 0.0264923
4.46668 0.0262418
4.47072 0.0262482
4.47457 0.0260634
4.48079 0.0282524
4.48566 0.027075
4.48893 0.026311
4.49291 0.0262546
4.49676 0.0260669
4.50124 0.0265212
4.50509 0.0263335
4.50903 0.0262391
4.51297 0.0261481
4.51871 0.0278517
4.52249 0.0223864
4.52345 0.0273814
4.52659 0.026492
4.53275 0.0286182
4.53724 0.0270586
4.54103 0.0268111
4.54501 0.0267548
4.5486 0.0263161
4.55284 0.0265165
4.55297 0.0266449
4.55675 0.0263974
4.56073 0.026341
4.56464 0.026219
4.57054 0.0280855
4.5749 0.0263976
4.5792 0.0266607
4.58286 0.0262848
4.58785 0.0272497
4.5917 0.0270619
4.59561 0.026937
4.59881 0.0261073
4.60426 0.0275171
4.60971 0.0289358
4.61375 0.0269253
4.61683 0.0259702
4.62369 0.0235863
4.62452 0.0296313
4.62824 0.0281398
4.62837 0.0282682
4.63254 0.0284029
4.63761 0.0294364
4.64133 0.0291232
4.64556 0.0293265
4.64948 0.0292074
4.65313 0.0288315
4.65698 0.0286468
4.6634 0.0310298
4.66744 0.0290223
4.6718 0.0293481
4.67507 0.0285871
4.67925 0.0287248
4.68335 0.0287968
4.68739 0.028806
4.69124 0.0286154
4.69585 0.0291951
4.70175 0.0310616
4.70592 0.0291767
4.71008 0.0293114
4.71444 0.0296373
4.71867 0.0298347
4.72477 0.0318982
4.72689 0.0267836
4.72932 0.0312368
4.73381 0.031694
4.73811 0.0319601
4.74273 0.0325456
4.74677 0.0325549
4.75114 0.0328837
4.75755 0.0352667
4.76141 0.0330681
4.76602 0.0336537
4.77026 0.0338541
4.77423 0.0337948
4.77859 0.0341236
4.78264 0.0341329
4.78277 0.0342612
4.78706 0.0345244
4.79098 0.0344053
4.79707 0.0364629
4.8022 0.0355423
4.80617 0.0354859
4.81817 0.0353795
4.82831 0.0374494
4.83177 0.0316676
4.8319 0.0358295
4.83986 0.0357196
4.85398 0.0357222
4.85789 0.0356031
4.86206 0.0357408
4.86604 0.0356844
4.87021 0.0358221
4.87406 0.0356373
4.87816 0.0357093
4.88163 0.0351423
4.88792 0.037394
4.90388 0.0352056
4.91215 0.0354124
4.91619 0.0354187
4.92043 0.0356186
4.92485 0.0360131
4.9314 0.0312929
4.93345 0.0353639
4.93974 0.0376185
4.94391 0.0357365
4.94792 0.0357141
4.95196 0.0357234
4.95562 0.0353475
4.95979 0.0354852
4.96396 0.0356199
4.97223 0.0358267
4.97788 0.0374394
4.98192 0.0354319
4.98609 0.0355696
4.99045 0.0358954
4.99423 0.035645
4.99827 0.0356513
5.00238 0.0357233
5.00251 0.0358517
5.00643 0.0357383
5.01624 0.0374828
5.02028 0.0354753
5.02432 0.0354846
5.02959 0.0367121
5.03376 0.0356714
5.04184 0.0356871
5.04993 0.0357056
5.05005 0.035834
5.05403 0.0357776
5.05756 0.0352734
5.0616 0.0352826
5.06802 0.0376627
5.07193 0.0355269
5.07585 0.0354077
5.08014 0.0356738
5.08412 0.0356204
5.08836 0.0358208
5.09234 0.0357673
5.09619 0.0355825
5.10029 0.0356546
5.10626 0.0375897
5.118 0.0352063
5.12236 0.035538
5.12807 0.0372134
5.13172 0.0316227
5.13987 0.0357375
5.14783 0.0356277
5.15803 0.0377632
5.16278 0.0364604
5.17022 0.035837
5.1742 0.0357806
5.17824 0.0357899
5.18229 0.0357992
5.18594 0.0354233
5.19043 0.0358746
5.2039 0.0352235
5.21628 0.0355022
5.22012 0.0353175
5.22968 0.0368081
5.23385 0.0357674
5.23789 0.0357738
5.24168 0.0355263
5.2558 0.0355288
5.26004 0.0357322
5.26408 0.0357385
5.27196 0.0355601
5.27582 0.0353783
5.28005 0.0355787
5.29032 0.0357602
5.29417 0.0355783
5.30225 0.035591
5.30237 0.0357194
5.30642 0.0357287
5.31084 0.0361202
5.31412 0.0353591
5.32422 0.0373974
5.33153 0.0314273
5.33166 0.0355892
5.33179 0.0357176
5.33795 0.0378439
5.34995 0.0357266
5.35777 0.0354854
5.36579 0.0354412
5.37009 0.0357044
5.37593 0.0375111
5.38017 0.0356947
5.38421 0.035704
5.38806 0.0355192
5.39242 0.035848
5.40031 0.0356696
5.40422 0.0355446
5.4182 0.03541
5.4225 0.0356761
5.42795 0.0370947
5.43173 0.0356659
5.44379 0.0356246
5.44793 0.0357307
5.45576 0.0354925
5.45949 0.0351822
5.46597 0.0376309
5.47007 0.0356862
5.47822 0.0357645
5.48181 0.0353259
5.49041 0.0358521
5.49425 0.0356644
5.49778 0.0351543
5.50406 0.0374031
5.51214 0.0354019
5.51631 0.0355396
5.52032 0.0355143
5.52417 0.0353295
5.52949 0.0366198
5.53129 0.0311856
5.53363 0.0355445
5.5378 0.0356793
5.54569 0.0355038
5.54999 0.0357664
5.55595 0.0377015
5.55993 0.0356313
5.57209 0.0356814
5.57587 0.0354339
5.57998 0.0355059
5.58376 0.0352584
5.58812 0.0355843
5.59402 0.0374508
5.59819 0.0355659
5.60325 0.0365964
5.60672 0.0360264
5.61011 0.0353908
5.61422 0.0354628
5.61823 0.0354376
5.62856 0.0376985
5.6317 0.0356307
5.63584 0.0357368
5.63988 0.0357402
5.65014 0.0359217
5.65796 0.0356776
5.662 0.0356839
5.67022 0.0358279
5.67387 0.0354491
5.67823 0.0357779
5.68394 0.0374563
5.68901 0.0364671
5.70099 0.0363519
5.70452 0.0358446
5.71267 0.0359259
5.72492 0.0340595
5.7296 0.0347078
5.73126 0.0311621
5.73556 0.0374755
5.73973 0.0355905
5.74794 0.0357345
5.75204 0.0358065
5.75589 0.0356218
5.76006 0.0357565
5.76378 0.0354463
5.76795 0.035581
5.77392 0.0375132
5.77777 0.0353117
5.77789 0.0354401
5.78194 0.0354493
5.787 0.0364769
5.79052 0.0359697
5.79405 0.0354654
5.79822 0.0355996
5.80296 0.0363077
5.80636 0.0356751
5.81227 0.0375445
5.82035 0.0355399
5.82413 0.0352866
5.83022 0.0373442
5.83144 0.0313338
5.83374 0.0356586
5.84176 0.0356086
5.84593 0.0357433
5.85395 0.0356933
5.85792 0.0356335
5.86434 0.0380165
5.8721 0.0356958
5.87627 0.0358335
5.88012 0.0356487
5.88442 0.0359119
5.88884 0.0363004
5.89221 0.0356361
5.89624 0.0356396
5.90234 0.0377001
5.91062 0.0358931
5.91821 0.0354233
5.92257 0.0357462
5.92767 0.0368137
5.93145 0.0313455
5.93196 0.0358926
5.936 0.0358989
5.93946 0.0353261
5.94414 0.0359714
5.94773 0.0355299
5.95408 0.0378472
5.95787 0.035583
5.96249 0.0361685
5.96608 0.0357299
5.97012 0.0357357
5.97846 0.0360081
5.9816 0.0351158
5.9859 0.0353789
5.99203 0.0374706
5.99593 0.0353288
6.00382 0.0351445
6.0078 0.035094
6.01626 0.0354913
6.02422 0.0353786
6.0298 0.0369256
6.02993 0.037054
6.03178 0.0316826
6.03313 0.035046
6.03762 0.0355002
6.04403 0.0378773
6.04762 0.035419
6.05192 0.0356851
6.05545 0.0351779
6.0593 0.034996
6.06309 0.0347485
6.06687 0.034501
6.07053 0.0341252
6.07425 0.033812
6.07996 0.0354874
6.08381 0.0332859
6.08759 0.0330354
6.09125 0.0326595
6.09529 0.0326659
6.09882 0.0321616
6.10292 0.0322336
6.10651 0.0317921
6.11075 0.0319925
6.11623 0.0334393
6.12027 0.0314259
6.12315 0.0302767
6.12693 0.0268312
6.12918 0.0331101
6.13334 0.0312251
6.13713 0.0309747
6.14129 0.0311065
6.14469 0.0304738
6.1488 0.0305429
6.15233 0.0300386
6.15534 0.0290178
6.15893 0.0285792
6.16477 0.030383
6.16836 0.0279247
6.17189 0.0274175
6.17542 0.0269132
6.17939 0.0268539
6.18324 0.0266656
6.18734 0.0267318
6.19099 0.0263529
6.19497 0.0262936
6.20105 0.0283483
6.20497 0.026209
6.20881 0.0260213
6.21295 0.0261244
6.21849 0.0276339
6.22284 0.022742
6.22355 0.0274802
6.22708 0.026976
6.23118 0.0270421
6.23131 0.0271705
6.23496 0.0267917
6.23881 0.0266069
6.24278 0.0265476
6.24644 0.0261687
6.24657 0.0262971
6.25241 0.0281039
6.25702 0.0266697
6.26097 0.0265817
6.26488 0.0264597
6.26956 0.027108
6.27303 0.026538
6.27315 0.0266664
6.27745 0.0269296
6.28117 0.0266135
6.28501 0.0264257
6.2911 0.0284775
6.29495 0.026273
6.29918 0.0264705
6.3034 0.026665
6.30719 0.0264175
6.31139 0.0265799
6.31517 0.0263295
6.32068 0.0278079
6.32247 0.0223708
6.32466 0.0265702
6.32914 0.0270245
6.33254 0.0263889
6.33664 0.0264579
6.34287 0.0286469
6.34671 0.0264424
6.35101 0.0267085
6.35492 0.0265825
6.35883 0.0264634
6.36255 0.0261502
6.36666 0.0262222
6.37057 0.0261002
6.37455 0.0260438
6.38115 0.0286121
6.38455 0.0259597
6.38903 0.026411
6.39275 0.0260978
6.39705 0.026358
6.40108 0.0263614
6.40532 0.0265618
6.40897 0.026183
6.41301 0.0261893
6.41314 0.0263177
6.41852 0.0276648
6.42243 0.022325
6.42358 0.0275111
6.42653 0.0264276
6.43275 0.0286107
6.43672 0.0265376
6.44083 0.0266096
6.44531 0.0270609
6.44878 0.0264909
6.45244 0.0261151
6.45654 0.0261841
6.46045 0.026065
6.46481 0.0263909
6.47059 0.028132
6.47482 0.0263156
6.47915 0.0266098
6.47928 0.0267382
6.48325 0.0266789
6.48735 0.026745
6.4912 0.0265602
6.49536 0.026692
6.4994 0.0266955
6.50318 0.0264421
6.50331 0.0265705
6.50915 0.0283743
6.51293 0.0261071
6.51569 0.0248295
6.5226 0.0225019
6.52344 0.0285469
6.52703 0.026927
6.53222 0.028083
6.53549 0.027319
6.53934 0.0271342
6.53947 0.0272626
6.54357 0.0273346
6.5437 0.027463
6.54723 0.0269558
6.55056 0.0262575
6.55441 0.0260727
6.56069 0.0283244
6.56486 0.0264423
6.56954 0.0270906
6.57275 0.0262639
6.57692 0.0264016
6.58103 0.0264736
6.58501 0.0264172
6.58891 0.0262922
6.59398 0.0273198
6.59904 0.0283504
6.59949 0.0287983
6.60346 0.0267192
6.60763 0.026854
6.61128 0.0264751
6.61506 0.0262247
6.621 0.0281253
6.62286 0.0227539
6.6253 0.02721
6.62953 0.0274075
6.63353 0.0273822
6.63764 0.0274542
6.6411 0.0268843
6.64123 0.0270127
6.64521 0.0269563
6.65124 0.0289542
6.65477 0.0264331
6.6549 0.0265615
6.65894 0.0265708
6.6626 0.0261949
6.6667 0.0262669
6.67068 0.0262076
6.67478 0.0262796
6.67889 0.0263516
6.68287 0.0262952
6.68883 0.0282245
6.69287 0.026214
6.69697 0.0262831
6.70095 0.0262238
6.70531 0.0265526
6.70941 0.0266217
6.71351 0.0266907
6.71897 0.0281094
6.72316 0.0230604
6.72387 0.0277986
6.724 0.027927
6.7274 0.0272943
6.73124 0.0271066
6.73535 0.0271786
6.74183 0.0296244
6.74568 0.0274258
6.74966 0.0273723
6.75319 0.026868
6.75684 0.0264892
6.76108 0.0266896
6.76486 0.0264392
6.76884 0.0263828
6.76928 0.0268307
6.77281 0.0263235
6.77884 0.0283213
6.77897 0.0284497
6.78301 0.0264422
6.78699 0.0263829
6.79103 0.0263893
6.79487 0.0262015
6.79923 0.0265274
6.79936 0.0266558
6.80365 0.026913
6.80747 0.0266937
6.81144 0.0266344
6.81612 0.0272827
6.82048 0.0255947
6.82228 0.0221773
6.82446 0.0263767
6.83072 0.0285968
6.83469 0.0265237
6.8388 0.0265957
6.84271 0.0264766
6.84656 0.0262947
6.85051 0.0262067
6.85475 0.02641
6.85872 0.0263537
6.86289 0.0264884
6.86886 0.0284177
6.87251 0.0260221
6.87671 0.0261908
6.88076 0.0262001
6.88461 0.0260183
6.88896 0.0263412
6.89319 0.0265357
6.89332 0.0266641
6.89685 0.0261569
6.89697 0.0262853
6.90121 0.0264828
6.90704 0.0282836
6.91114 0.0263359
6.91505 0.0262139
6.9207 0.0278266
6.92269 0.0225835
6.92525 0.0271681
6.92961 0.027494
6.93372 0.0275689
6.93789 0.0277036
6.942 0.0277756
6.94604 0.0277849
6.94982 0.0275374
6.95335 0.0270331
6.95964 0.0292878
6.96356 0.0271519
6.96734 0.0269015
6.97087 0.0263943
6.97491 0.0264035
6.97908 0.0265383
6.9792 0.0266667
6.98325 0.0266759
6.98754 0.0269361
6.99152 0.0268768
6.99716 0.0284866
7.00158 0.0268584
7.00595 0.0271931
7.01011 0.0273249
7.01467 0.0278448
7.02019 0.0293291
7.02461 0.0245087
7.02487 0.028799
7.02917 0.0290651
7.0336 0.0294596
7.03815 0.0299795
7.04168 0.0294752
7.04636 0.0301264
7.05246 0.0321899
7.05669 0.0303736
7.06106 0.0307053
7.06536 0.0309679
7.06965 0.031231
7.07389 0.0314314
7.07748 0.0309928
7.08165 0.03113
7.08569 0.0311392
7.09166 0.0330714
7.09647 0.0318313
7.10019 0.0315182
7.10436 0.0316559
7.10872 0.0319817
7.11302 0.0322448
7.11719 0.0323796
7.12142 0.03258
7.12765 0.0347719
7.12925 0.0291437
7.13156 0.0334715
7.13547 0.0333524
7.14009 0.0339379
7.1467 0.0365121
7.15138 0.0351465
7.15555 0.0352842
7.1596 0.0352935
7.16409 0.0357507
7.168 0.0356316
7.17236 0.0359574
7.1757 0.0352591
7.17993 0.0354595
7.18583 0.0373289
7.19019 0.035638
7.19404 0.0354562
7.19847 0.0358477
7.20668 0.0359917
7.21438 0.0356192
7.21835 0.0355629
7.224 0.0371755
7.2281 0.0352278
7.22823 0.0353562
7.23144 0.0313344
7.23169 0.0356247
7.25001 0.0357931
7.25406 0.0358024
7.2581 0.0358117
7.26201 0.0356926
7.26593 0.0355735
7.276 0.0375806
7.27998 0.0355075
7.28415 0.0356451
7.28844 0.0359053
7.29229 0.0357205
7.30044 0.0357989
7.30428 0.0356112
7.31442 0.0376811
7.3182 0.0354138
7.32789 0.0370358
7.33181 0.0357383
7.33607 0.0359728
7.3439 0.0357287
7.34801 0.0358036
7.35211 0.0358756
7.3557 0.0354341
7.35956 0.0352523
7.37418 0.0357625
7.37816 0.0357061
7.38176 0.0352675
7.38625 0.0357276
7.39035 0.0357967
7.39811 0.035487
7.40427 0.0376132
7.40844 0.0357312
7.4128 0.03606
7.41665 0.0358781
7.42429 0.0354459
7.42968 0.0368018
7.43147 0.0313676
7.43795 0.0358301
7.4418 0.0356454
7.44577 0.035589
7.44988 0.035661
7.45623 0.0379813
7.46009 0.0357827
7.46419 0.0358547
7.46798 0.0356072
7.47215 0.0357419
7.47599 0.0355572
7.47984 0.0353724
7.48389 0.0353817
7.48793 0.035388
7.49415 0.037577
7.49825 0.0356293
7.50249 0.0358297
7.50659 0.0358988
7.51018 0.0354572
7.51826 0.0354728
7.5225 0.0356762
7.52827 0.0374143
7.53157 0.0314695
7.5317 0.0356315
7.53183 0.0357598
7.53568 0.035578
7.53959 0.035456
7.54575 0.0375822
7.55018 0.0359599
7.55807 0.0357844
7.56199 0.0356653
7.57026 0.035875
7.57039 0.0360034
7.57405 0.0356245
7.57417 0.0357529
7.58393 0.0374406
7.58829 0.0357496
7.59214 0.0355649
7.59592 0.0353115
7.6007 0.0360566
7.60435 0.0356777
7.60839 0.035687
7.61221 0.0354677
7.61651 0.0357337
7.62235 0.0375405
7.62966 0.034769
7.63152 0.0314173
7.63588 0.0377993
7.64788 0.0356791
7.65205 0.0358167
7.6561 0.035826
7.66014 0.0358353
7.66392 0.0355849
7.66796 0.0355941
7.67393 0.0375234
7.6781 0.0356443
7.68221 0.0357193
7.68599 0.0354718
7.6901 0.0355408
7.69811 0.0354879
7.70253 0.0358764
7.70651 0.03582
7.71215 0.0374298
7.71228 0.0375582
7.71626 0.035485
7.72043 0.0356227
7.72056 0.0357511
7.72415 0.0353095
7.72947 0.0365998
7.74172 0.0355713
7.74971 0.0354896
7.74984 0.035618
7.75401 0.0357557
7.75792 0.0356366
7.76408 0.0377628
7.768 0.0356269
7.77217 0.0357617
7.77582 0.0353858
7.78006 0.0355862
7.78827 0.0357302
7.79199 0.035417
7.79629 0.0356802
7.80617 0.0354765
7.81072 0.0359964
7.81085 0.0361248
7.8145 0.0357489
7.82246 0.0356361
7.83144 0.0313356
7.83157 0.0354976
7.83169 0.0356259
7.83567 0.0355725
7.84382 0.0356479
7.84395 0.0357763
7.84754 0.0353377
7.85446 0.0382284
7.85825 0.0359641
7.8621 0.0357794
7.86601 0.0356603
7.87018 0.035795
7.87833 0.0358733
7.88186 0.0353691
7.88628 0.0357576
7.89211 0.0375556
7.89624 0.035639
7.89637 0.0357674
7.90073 0.0360932
7.90086 0.0362216
7.90426 0.035589
7.90818 0.0354698
7.91645 0.0356736
7.92453 0.0356893
7.92953 0.03666
7.93133 0.0312259
7.93376 0.0356791
7.93742 0.0353003
7.95204 0.0358076
7.95608 0.035814
7.96417 0.0358325
7.96808 0.0357134
7.97206 0.035657
7.97604 0.0356007
7.98194 0.0374672
7.987 0.0364809
7.99014 0.0355886
7.99406 0.0354695
7.99842 0.0357953
8.00612 0.0354284
8.01016 0.0354347
8.01465 0.0358889
8.02048 0.0376898
8.02458 0.0357451
8.02773 0.0348527
8.03177 0.0316639
8.03375 0.037686
8.0419 0.0357476
8.05005 0.0358289
8.05428 0.0360263
8.05441 0.0361547
8.058 0.0357161
8.06192 0.035597
8.0659 0.0355435
8.07206 0.0376698
8.07629 0.0358564
8.08027 0.035797
8.08412 0.0356123
8.08841 0.0358754
8.09233 0.0357563
8.10015 0.0355117
8.10406 0.0353926
8.11026 0.0375499
8.11423 0.0354738
8.11795 0.0351577
8.12224 0.0354179
8.13144 0.0313362
8.13189 0.0358176
8.13201 0.035946
8.1358 0.0356956
8.13977 0.0356363
8.1399 0.0357647
8.14779 0.0355833
8.15548 0.0352138
8.16216 0.0358368
8.16601 0.035655
8.17011 0.035727
8.1739 0.0354765
8.17403 0.0356049
8.17839 0.0359337
8.18242 0.0359371
8.18608 0.0355583
8.19012 0.0355617
8.19403 0.0354397
8.19416 0.035568
8.20448 0.0358054
8.21275 0.0360121
8.21666 0.0358901
8.22051 0.0357023
8.22955 0.0366794
8.23135 0.0312453
8.23789 0.0357676
8.23801 0.035896
8.24154 0.0353888
8.24783 0.0376405
8.25199 0.0357584
8.2561 0.0358304
8.26393 0.0355922
8.2681 0.0357299
8.27221 0.0358019
8.27593 0.0354887
8.27984 0.0353667
8.28401 0.0355014
8.29465 0.0360593
8.29824 0.0356177
8.30234 0.0356868
8.30651 0.0358245
8.31466 0.0359058
8.31828 0.0354953
8.32252 0.0356928
8.3279 0.0370458
8.33149 0.0313894
8.33162 0.0355513
8.33771 0.0376119
8.34182 0.0356642
8.34586 0.0356705
8.35438 0.0361306
8.36234 0.0360208
8.36606 0.0357105
8.3703 0.0359109
8.37421 0.0357889
8.38005 0.0355759
8.3886 0.0360617
8.39232 0.0357515
8.40053 0.0358897
8.40399 0.0353197
8.40797 0.0352633
8.41271 0.0359744
8.41803 0.0372587
8.41816 0.0373871
8.42246 0.0356335
8.42755 0.036698
8.43133 0.0312328
8.43191 0.0358426
8.43595 0.035845
8.4396 0.0354661
8.44399 0.0358202
8.44745 0.0352502
8.45181 0.0355761
8.45495 0.0346837
8.45829 0.0339883
8.46381 0.0354726
8.46811 0.0337219
8.47176 0.0333431
8.47561 0.0331553
8.47574 0.0332837
8.47856 0.0320748
8.48279 0.0322722
8.48638 0.0318278
8.49029 0.0317028
8.4935 0.0308731
8.49785 0.031196
8.50368 0.032994
8.50747 0.0307268
8.51176 0.0309899
8.51535 0.0305454
8.51952 0.0306801
8.52478 0.0319018
8.52644 0.0263392
8.52888 0.0307925
8.53317 0.0310527
8.53676 0.0306111
8.54099 0.0308086
8.54446 0.0302357
8.5501 0.0318455
8.5544 0.0300918
8.55728 0.0289456
8.56129 0.0289203
8.56469 0.0282876
8.56816 0.0277177
8.57181 0.0273389
8.57194 0.0274673
8.57547 0.026963
8.57899 0.0264558
8.58297 0.0263994
8.58925 0.0266255
8.58938 0.0267539
8.59271 0.0260556
8.59688 0.0261874
8.60142 0.0267014
8.60155 0.0268298
8.60527 0.0265166
8.60889 0.0261032
8.61319 0.0263664
8.6187 0.0278419
8.62325 0.023144
8.6235 0.0274343
8.62678 0.0266732
8.63088 0.0267423
8.63684 0.0286716
8.64082 0.0265984
8.64479 0.0265391
8.64864 0.0263543
8.65249 0.0261696
8.65666 0.0263043
8.66096 0.0265704
8.6648 0.0263827
8.66853 0.0260724
8.67468 0.0281957
8.67924 0.0266989
8.68283 0.0262544
8.68776 0.0271507
8.69135 0.0267091
8.69558 0.0269036
8.69923 0.0265248
8.69968 0.0269727
8.70307 0.0263342
8.70724 0.0264689
8.70737 0.0265973
8.71128 0.0264752
8.71615 0.0273117
8.7207 0.025809
8.72237 0.0222632
8.7266 0.0285139
8.73115 0.0270141
8.7348 0.0266353
8.73907 0.0268639
8.74279 0.0265536
8.74663 0.026363
8.75068 0.0263723
8.75472 0.0263786
8.75869 0.0263222
8.76466 0.0282515
8.76966 0.0272025
8.77286 0.0263758
8.77678 0.0262567
8.78101 0.0264571
8.78537 0.0267859
8.78903 0.0264041
8.79313 0.0264732
8.79711 0.0264168
8.80115 0.0264232
8.80705 0.0262729
8.81115 0.026342
8.81128 0.0264704
8.81506 0.0262199
8.82115 0.0282805
8.82276 0.0226553
8.82507 0.0269831
8.82898 0.026861
8.82911 0.0269894
8.83309 0.026936
8.83681 0.0266228
8.84079 0.0265664
8.84432 0.0260621
8.84842 0.0261371
8.85461 0.0282944
8.85865 0.0262835
8.86276 0.0263555
8.86674 0.0262991
8.87078 0.0263055
8.87482 0.0263147
8.87924 0.0267062
8.88297 0.026396
8.88739 0.0267846
8.89291 0.0282689
8.89688 0.0261928
8.90092 0.0261992
8.90477 0.0260114
8.90887 0.0260805
8.91304 0.0262153
8.91849 0.0276304
8.92266 0.0225533
8.92323 0.0271631
8.92682 0.026721
8.92695 0.0268494
8.93118 0.0270469
8.93465 0.0264769
8.93477 0.0266053
8.93849 0.0262922
8.94453 0.0282895
8.94863 0.0263477
8.95249 0.0261658
8.95659 0.0262408
8.96096 0.0265696
8.9648 0.0263819
8.96885 0.0263911
8.97269 0.0262064
8.97282 0.0263348
8.9769 0.0263751
8.98293 0.028373
8.98735 0.0267448
8.98748 0.0268732
8.99107 0.0264317
8.99479 0.0261156
8.99896 0.0262503
9.00382 0.0270838
9.00748 0.0267112
9.01127 0.0264607
9.01492 0.0260819
9.02102 0.0281425
9.02249 0.0223888
9.02455 0.0264598
9.0289 0.0267857
9.03461 0.0284606
9.0384 0.0261963
9.0427 0.0264624
9.04642 0.0261521
9.05043 0.0261298
9.05486 0.0265243
9.05897 0.0265963
9.0625 0.026092
9.06654 0.0260983
9.07263 0.0281589
9.07674 0.0262171
9.08065 0.026098
9.0847 0.0261073
9.08886 0.026242
9.09323 0.0265708
9.09669 0.0260038
9.10086 0.0261385
9.1049 0.0261478
9.10901 0.0262169
9.11484 0.026001
9.11821 0.0253337
9.12231 0.0222106
9.12437 0.0282984
9.12854 0.0264164
9.13264 0.0264913
9.13656 0.0263722
9.14066 0.0264442
9.14455 0.0262935
9.14866 0.0263684
9.15244 0.0261209
9.15654 0.02619
9.16277 0.028379
9.16655 0.0261118
9.17059 0.0261181
9.17466 0.0261585
9.17922 0.0266784
9.183 0.0264309
9.18723 0.0266254
9.18736 0.0267538
9.19069 0.0260555
9.19486 0.0261902
9.20095 0.0282479
9.20493 0.0261718
9.20897 0.0261781
9.21288 0.0260561
9.21846 0.0276002
9.22231 0.0222035
9.22275 0.0266849
9.22288 0.0268133
9.22635 0.0262463
9.23045 0.0263154
9.23468 0.0265158
9.23481 0.0266442
9.2386 0.0263967
9.24258 0.0263403
9.24643 0.0261584
9.25246 0.0281592
9.25638 0.0260234
9.26068 0.0262894
9.26491 0.0264898
9.26895 0.0264991
9.26972 0.0272665
9.27293 0.0264398
9.27697 0.0264491
9.28063 0.0260732
9.28486 0.0262736
9.29108 0.0284567
9.29486 0.0261895
9.29916 0.0264526
9.30396 0.0272234
9.30711 0.026334
9.31089 0.0260835
9.31506 0.0262183
9.32141 0.0285356
9.32339 0.0232926
9.32571 0.0276204
9.33007 0.0279462
9.33405 0.0278928
9.33841 0.0282216
9.34527 0.0310496
9.34925 0.0289794
9.35329 0.0289886
9.35733 0.0289979
9.3617 0.0293267
9.36587 0.0294644
9.3701 0.0296618
9.37388 0.0294114
9.37812 0.0296147
9.3844 0.0318664
9.38877 0.0301785
9.39287 0.0302446
9.39787 0.0312124
9.40216 0.0314755
9.40633 0.0316073
9.41088 0.0321272
9.4146 0.0318111
9.41935 0.0325246
9.4255 0.0346479
9.42935 0.0292453
9.43031 0.0342403
9.43397 0.0338644
9.44051 0.0363729
9.44526 0.0350701
9.44981 0.035593
9.45392 0.035665
9.45802 0.035737
9.462 0.0356835
9.46611 0.0357555
9.47028 0.0358932
9.47406 0.0356428
9.47984 0.0373838
9.48414 0.0356331
9.48843 0.0358933
9.48856 0.0360217
9.49202 0.0354518
9.49619 0.0355865
9.50421 0.0355335
9.50799 0.035286
9.51222 0.0354835
9.51832 0.0375441
9.52255 0.0357306
9.52506 0.0341993
9.54783 0.0356322
9.5521 0.0358666
9.55589 0.0356191
9.5598 0.0355
9.56372 0.0353809
9.57001 0.0376355
9.57392 0.0354967
9.57796 0.035506
9.58175 0.0352585
9.58605 0.0355245
9.58996 0.0354025
9.594 0.0354088
9.59778 0.0351584
9.60227 0.0356126
9.60811 0.0374165
9.61208 0.0353404
9.61599 0.0352183
9.62003 0.0352276
9.62395 0.0351056
9.62953 0.0366526
9.63125 0.0311528
9.63799 0.0358721
9.64178 0.0356246
9.64582 0.0356339
9.64993 0.0357059
9.65397 0.0357151
9.66 0.037713
9.66398 0.0356399
9.66802 0.0356491
9.67193 0.0355271
9.67604 0.035602
9.68015 0.035674
9.68413 0.0356206
9.68836 0.0358181
9.69208 0.0355078
9.70231 0.0356548
9.70603 0.0353416
9.70616 0.03547
9.71796 0.0351695
9.72245 0.0356296
9.72778 0.0369199
9.73163 0.0315232
9.73175 0.0356851
9.73573 0.0356317
9.73965 0.0355096
9.74979 0.0375824
9.75402 0.035769
9.75806 0.0357783
9.76192 0.0355964
9.76622 0.0358625
9.77026 0.0358718
9.77404 0.0356214
9.7777 0.0352455
9.78161 0.0351264
9.78854 0.0380171
9.79213 0.0355588
9.7961 0.0354965
9.80008 0.0354401
9.80418 0.0355121
9.80816 0.0354557
9.81618 0.0354057
9.82028 0.0354777
9.82041 0.0356061
9.8249 0.0360633
9.82959 0.0346948
9.83138 0.0312774
9.83337 0.0352828
9.84396 0.0357867
9.84781 0.0356049
9.85211 0.0358709
9.85589 0.0356234
9.86013 0.0358268
9.86404 0.0357047
9.87187 0.0354636
9.872 0.035592
9.87803 0.0375898
9.88201 0.0355196
9.88618 0.0356573
9.89009 0.0355352
9.8942 0.0356072
9.89811 0.0354852
9.90613 0.0354381
9.91068 0.0359551
9.91619 0.0374364
9.92011 0.0353005
9.92408 0.0352442
9.9297 0.0368223
9.9313 0.0311941
9.93803 0.0359134
9.94188 0.0357286
9.95401 0.035753
9.95766 0.0353771
9.96171 0.0353864
9.96806 0.0377067
9.97197 0.0355679
9.97608 0.0356428
9.97993 0.0354581
9.98417 0.0356614
9.98789 0.0353482
9.99212 0.0355486
9.99629 0.0356834

