% time_sec delay_sec
1.126 0.0258187
1.126 0.0258187
1.22595 0.0257601
1.32594 0.0257553
1.42409 0.327914
1.42592 0.0257339
1.52591 0.0257264
1.62591 0.025721
1.7259 0.0257131
1.72679 0.327942
1.82591 0.0257219
1.92571 0.224856
1.92739 0.0271863
1.92949 0.0313007
1.93368 0.0314617
2.0257 0.119439
2.02728 0.0270744
2.02952 0.0313291
2.03372 0.0314947
2.03766 0.0314055
2.04201 0.03172
2.04565 0.0313322
2.04972 0.0313606
2.05371 0.0313239
2.05787 0.0314502
2.06383 0.0313572
2.0679 0.0313896
2.07194 0.0313949
2.07594 0.0313646
2.07998 0.0313739
2.08408 0.031443
2.08815 0.0314765
2.08828 0.0316048
2.09207 0.0313573
2.09611 0.0313637
2.10233 0.0335527
2.10246 0.0336811
2.10657 0.0317392
2.1108 0.0319396
2.1149 0.0320087
2.11888 0.0319553
2.12567 0.0347088
2.12765 0.027449
2.1283 0.0321245
2.13195 0.0317486
2.13586 0.0316236
2.13984 0.0315672
2.13997 0.0316956
2.1442 0.031896
2.14985 0.0335087
2.15383 0.0314385
2.15781 0.0313821
2.16198 0.0315198
2.16595 0.0314634
2.17031 0.0317892
2.17423 0.0316701
2.17865 0.0320616
2.18218 0.0315574
2.18648 0.0318205
2.19231 0.0336184
2.19622 0.0314767
2.19635 0.0316051
2.20115 0.0323788
2.20462 0.0318059
2.20872 0.0318779
2.21308 0.0322038
2.21731 0.0324042
2.22161 0.0326702
2.22687 0.0338978
2.22911 0.0289086
2.23117 0.0329796
2.23534 0.0331173
2.24131 0.0350495
2.24586 0.0335555
2.25036 0.0340156
2.25478 0.0344101
2.2587 0.034291
2.26345 0.0350049
2.26742 0.0349486
2.27121 0.0346981
2.27544 0.0348985
2.27974 0.0351646
2.2859 0.0352741
2.29103 0.0363673
2.29538 0.0366932
2.2991 0.0363771
2.30397 0.0372135
2.30839 0.0376021
2.31333 0.0385043
2.3166 0.0377432
2.32051 0.0376212
2.32827 0.0413474
2.33148 0.0385039
2.33578 0.0355748
2.33783 0.0416596
2.34251 0.0402912
2.34688 0.0406229
2.35131 0.0410173
2.35548 0.041155
2.35939 0.0410359
2.36324 0.0408511
2.36747 0.0410515
2.37184 0.0413803
2.37742 0.0429303
2.38108 0.0405376
2.38563 0.0410605
2.38955 0.0409384
2.39378 0.0411388
2.39769 0.0410168
2.40141 0.0407036
2.40539 0.0406443
2.40955 0.0407761
2.41365 0.0408452
2.42013 0.0432904
2.42405 0.0411545
2.42847 0.041546
2.43335 0.0423854
2.4379 0.041727
2.44156 0.0413511
2.44168 0.0414795
2.44554 0.0412976
2.44939 0.0411158
2.45324 0.040934
2.45741 0.0410716
2.46158 0.0412093
2.46742 0.0430161
2.47159 0.041137
2.47544 0.0409522
2.47923 0.0407047
2.48366 0.0410991
2.48751 0.0409144
2.49155 0.0409207
2.49545 0.0407957
2.49975 0.0410589
2.50379 0.0410623
2.50988 0.0411061
2.51386 0.0410497
2.5179 0.041059
2.5222 0.0413216
2.52573 0.0408173
2.53021 0.0412716
2.5356 0.0426275
2.53952 0.04133
2.5476 0.0413456
2.55152 0.0412265
2.55742 0.043096
2.5614 0.0410258
2.5655 0.0410978
2.56974 0.0412982
2.57346 0.040985
2.57737 0.0408659
2.58116 0.0406184
2.58539 0.0408188
2.58962 0.0410163
2.59565 0.0430112
2.60021 0.0415143
2.6038 0.0410728
2.60393 0.0412011
2.60797 0.0412104
2.61188 0.0410884
2.61592 0.0410977
2.61984 0.0409786
2.62382 0.0409222
2.6285 0.0415705
2.63356 0.0426039
2.63751 0.0413376
2.64219 0.0419888
2.64714 0.0428968
2.6515 0.0412088
2.65579 0.0414719
2.65952 0.0411617
2.6635 0.0411053
2.6676 0.0411803
2.67145 0.0409955
2.67517 0.0406823
2.67979 0.0412679
2.68569 0.0431374
2.68961 0.0410015
2.69384 0.041199
2.69762 0.0409485
2.70173 0.0410205
2.70557 0.0408328
2.70987 0.041096
2.71359 0.0407828
2.71763 0.0407921
2.72187 0.0409925
2.72809 0.0411647
2.72822 0.0412931
2.73117 0.0402096
2.73784 0.0428494
2.73797 0.0429778
2.74156 0.0413579
2.74561 0.0413671
2.7492 0.0409285
2.75331 0.0410005
2.75748 0.0411382
2.76133 0.0409564
2.76537 0.0409656
2.76986 0.0414228
2.775 0.0425219
2.77942 0.0408996
2.78372 0.0411657
2.78738 0.0407869
2.79155 0.0409216
2.79584 0.0411847
2.7995 0.0408059
2.80328 0.0405525
2.80809 0.0413292
2.81367 0.0428762
2.81771 0.0408688
2.82204 0.0411659
2.82583 0.0409184
2.83045 0.041504
2.83545 0.0424718
2.83994 0.0417506
2.8436 0.0413747
2.84745 0.0411929
2.85149 0.0412022
2.8556 0.0412742
2.85977 0.0414118
2.86535 0.0429589
2.8699 0.041462
2.87369 0.0412116
2.87747 0.0409641
2.88126 0.0407166
2.88139 0.040845
2.88556 0.0409826
2.8894 0.0407949
2.89345 0.0408042
2.898 0.0413212
2.90364 0.0429339
2.90794 0.0411831
2.91224 0.0414433
2.91602 0.0411958
2.91981 0.0409483
2.92366 0.0407636
2.92378 0.040892
2.9286 0.0416686
2.93315 0.0421885
2.93764 0.0414674
2.94149 0.0412855
2.94958 0.0413041
2.95593 0.0436214
2.95952 0.0411661
2.96388 0.0414948
2.96748 0.0410562
2.97159 0.0411282
2.97531 0.0408151
2.97928 0.0407587
2.98371 0.0411531
2.98782 0.0412252
2.99404 0.0434141
2.99763 0.0409558
3.00186 0.0411562
3.00585 0.0411054
3.01008 0.0413058
3.0138 0.0409926
3.01775 0.0409046
3.02211 0.0412334
3.02583 0.0409202
3.03 0.0410549
3.03551 0.0405214
3.03731 0.0371041
3.03968 0.0414946
3.0453 0.0430756
3.04902 0.0407486
3.05319 0.0408863
3.05755 0.0412151
3.06134 0.0409676
3.06551 0.0411053
3.06962 0.0411773
3.0734 0.0409298
3.07751 0.0410047
3.08348 0.0429399
3.08752 0.0409324
3.09163 0.0410044
3.0958 0.0411421
3.09991 0.041217
3.10376 0.0410352
3.10761 0.0408533
3.11152 0.0407313
3.11601 0.0411885
3.12173 0.0428668
3.12583 0.040922
3.13039 0.041442
3.13507 0.0420932
3.13751 0.037301
3.13969 0.0414974
3.13981 0.0416258
3.14353 0.0413127
3.14732 0.0410647
3.15149 0.0412023
3.15547 0.0411489
3.15964 0.0412866
3.16343 0.0410361
3.16785 0.0414306
3.17369 0.0432344
3.17754 0.0410358
3.18133 0.0407883
3.18563 0.0410543
3.1898 0.0411891
3.19365 0.0410072
3.1973 0.0406284
3.20141 0.0407004
3.20571 0.0409635
3.21161 0.0428301
3.21603 0.0412078
3.21985 0.0409914
3.2237 0.0408066
3.22845 0.0415205
3.23345 0.0424913
3.23769 0.0415133
3.2416 0.0413942
3.24173 0.0415226
3.24539 0.0411467
3.24937 0.0410933
3.25347 0.0411653
3.25764 0.0413029
3.26335 0.0429813
3.26714 0.040717
3.27163 0.0411742
3.27535 0.040861
3.27939 0.0408703
3.28357 0.041008
3.28729 0.0406948
3.29139 0.0407639
3.296 0.0413407
3.30158 0.0428877
3.30549 0.0407489
3.30985 0.0410747
3.31376 0.0409522
3.31774 0.0408958
3.32204 0.0411618
3.32602 0.0411055
3.33031 0.0413686
3.33538 0.042402
3.33749 0.0372874
3.33929 0.0411016
3.34378 0.0415559
3.34753 0.0412768
3.35305 0.0427611
3.35754 0.0412015
3.36171 0.0413391
3.36556 0.0411538
3.36986 0.041417
3.37358 0.0411038
3.37724 0.0407279
3.38128 0.0407372
3.38564 0.041066
3.39144 0.0428323
3.39567 0.0410159
3.40016 0.0414702
3.40029 0.0415986
3.40394 0.0412197
3.40407 0.0413481
3.40812 0.0413574
3.41203 0.0412354
3.41594 0.0411163
3.41973 0.0408688
3.4239 0.0410035
3.42961 0.0426789
3.43345 0.0404744
3.43807 0.0418955
3.44326 0.0430573
3.44737 0.0411126
3.4475 0.0412409
3.45179 0.0415011
3.45551 0.041188
3.45962 0.04126
3.46347 0.0410752
3.47161 0.0411536
3.47559 0.0410972
3.48091 0.0423874
3.48572 0.0411503
3.49046 0.0418554
3.49367 0.0410287
3.4938 0.0411571
3.49796 0.0412889
3.50136 0.0406533
3.50514 0.0403999
3.5095 0.0407287
3.51399 0.0411829
3.51957 0.04273
3.524 0.0411047
3.52413 0.0412331
3.52855 0.0416246
3.53355 0.0425924
3.53791 0.0417399
3.54163 0.0414267
3.54554 0.0413047
3.54567 0.0414331
3.54965 0.0413738
3.55317 0.0408666
3.5533 0.0409949
3.55728 0.0409386
3.56145 0.0410762
3.56543 0.0410199
3.57133 0.0428893
3.57531 0.0408162
3.57947 0.0409509
3.58364 0.0410856
3.588 0.0414086
3.59133 0.0407102
3.59659 0.0419284
3.5996 0.0409106
3.60383 0.0411051
3.60986 0.043103
3.61384 0.0410298
3.61781 0.0409705
3.62211 0.0412336
3.62596 0.0410459
3.63025 0.041309
3.73044 0.0342632
3.73056 0.137587
3.82325 0.0270743
3.8235 0.127331
3.82754 0.0273345
3.8303 0.034124
3.83421 0.0319882
3.83812 0.0318661
3.842 0.0317125
3.84617 0.0318501
3.85085 0.0324955
3.854 0.031606
3.85784 0.0314213
3.86188 0.0314276
3.86201 0.031556
3.86599 0.0314996
3.87195 0.0334289
3.87593 0.0313557
3.88004 0.0314277
3.88427 0.0316281
3.8885 0.0318256
3.89299 0.0322769
3.89625 0.0315129
3.90049 0.0317104
3.90439 0.0315854
3.91061 0.0337709
3.91433 0.031438
3.91837 0.0314444
3.92453 0.0335677
3.92815 0.0279419
3.92853 0.0323606
3.92866 0.032489
3.93219 0.0319818
3.93623 0.031991
3.93995 0.0316779
3.94376 0.0314586
3.94771 0.0313705
3.95182 0.0314426
3.95194 0.0315709
3.95586 0.0314518
3.96259 0.0321347
3.9658 0.0313079
3.96984 0.0313143
3.97433 0.0317715
3.97818 0.0315867
3.98209 0.0314647
3.98626 0.0315994
3.99017 0.0314744
3.9942 0.0314778
4.00042 0.0336609
4.00433 0.0315248
4.00837 0.0315311
4.01267 0.0317943
4.0128 0.0319227
4.01652 0.0316095
4.02062 0.0316786
4.02591 0.0329337
4.02776 0.0275594
4.0304 0.0322067
4.03373 0.0315078
4.03777 0.0315142
4.04175 0.0314578
4.04829 0.0339692
4.05271 0.032341
4.05592 0.0315143
4.0599 0.0314579
4.0639 0.0314297
4.06788 0.0313763
4.07192 0.0313826
4.07603 0.0314575
4.07995 0.0313384
4.08405 0.0314134
4.09033 0.0336592
4.09431 0.0315861
4.09819 0.0314324
4.10268 0.0318837
4.10672 0.031893
4.11025 0.0313887
4.11448 0.0315862
4.11833 0.0314014
4.12384 0.0328798
4.12785 0.0276397
4.1281 0.03193
4.13173 0.0315196
4.13814 0.0338997
4.14218 0.0318892
4.14586 0.0315415
4.15035 0.0319958
4.15048 0.0321241
4.15446 0.0320678
4.15818 0.0317546
4.16202 0.0315669
4.16594 0.0314478
4.17017 0.0316452
4.17396 0.0313977
4.18011 0.0315043
4.18396 0.0313225
4.18832 0.0316454
4.19294 0.032228
4.19652 0.0317806
4.20063 0.0318497
4.20428 0.0314674
4.20825 0.0314081
4.213 0.0321191
4.21864 0.0337254
4.22171 0.0307535
4.22815 0.0279493
4.22841 0.033418
4.23226 0.0320549
4.23585 0.0316133
4.23976 0.0314913
4.2438 0.0314976
4.24829 0.0319543
4.24906 0.0327217
4.25182 0.0314471
4.25573 0.0313245
4.2599 0.0314592
4.26618 0.033708
4.2699 0.0313751
4.27423 0.0316688
4.27801 0.0314213
4.28244 0.0318129
4.28712 0.0324582
4.29071 0.0320137
4.29083 0.0321421
4.29436 0.031632
4.29814 0.0313786
4.30346 0.032663
4.30833 0.0335024
4.31262 0.0317487
4.31638 0.0314667
4.32137 0.0324316
4.32631 0.0333366
4.32798 0.0277712
4.33061 0.0324184
4.33414 0.0319142
4.33824 0.0319862
4.34196 0.031673
4.34209 0.0318014
4.34594 0.0316166
4.34979 0.0314348
4.35614 0.0337522
4.36006 0.0316163
4.36391 0.0314315
4.36795 0.0314408
4.37192 0.0313815
4.37628 0.0317103
4.38 0.0313971
4.38399 0.0313437
4.38821 0.0315382
4.39225 0.0315445
4.39828 0.0315197
4.40366 0.0328668
4.40616 0.0313354
4.4102 0.0313418
4.41449 0.031602
4.41879 0.0318651
4.42434 0.0333805
4.42796 0.0277582
4.42867 0.0324964
4.4288 0.0326248
4.43181 0.0316069
4.43563 0.0313905
4.43999 0.0317193
4.44634 0.0340367
4.45032 0.0319635
4.45404 0.0316533
4.45815 0.0317253
4.46251 0.0320541
4.46591 0.0314185
4.46995 0.0314248
4.47405 0.0314968
4.47797 0.0313777
4.48406 0.0334383
4.48816 0.0314877
4.49208 0.0313686
4.49611 0.031372
4.50035 0.0315694
4.50483 0.0320237
4.50864 0.0318009
4.51271 0.0318384
4.51634 0.0314279
4.52089 0.0319478
4.52647 0.033489
4.52807 0.0278637
4.53031 0.0321258
4.53641 0.0341893
4.54065 0.032373
4.54437 0.0320598
4.54847 0.0321348
4.55271 0.0323352
4.55637 0.0319593
4.56034 0.0319029
4.56406 0.0315897
4.56451 0.0320376
4.56785 0.0313422
4.57439 0.0338478
4.57792 0.0313267
4.58221 0.0315898
4.58638 0.0317246
4.59087 0.0321759
4.59535 0.0326272
4.59856 0.0317975
4.60336 0.0325684
4.60721 0.0323806
4.61137 0.0325154
4.61747 0.0325592
4.62177 0.0328253
4.62824 0.0352651
4.63004 0.029831
4.63254 0.0343499
4.63671 0.0344876
4.63748 0.035255
4.64107 0.0348134
4.64505 0.03476
4.64935 0.035026
4.65288 0.0345218
4.65673 0.034337
4.66077 0.0343463
4.6668 0.0363441
4.67052 0.0340142
4.6743 0.0337638
4.67835 0.033773
4.68284 0.0342302
4.68714 0.0344963
4.69098 0.0343056
4.69111 0.034434
4.69585 0.0351421
4.69899 0.0342527
4.70508 0.0363074
4.70931 0.0344881
4.71354 0.0346855
4.71829 0.0353965
4.72259 0.0356626
4.72932 0.0383622
4.73356 0.0333507
4.73381 0.037641
4.73837 0.0381639
4.7426 0.0383643
4.74639 0.0381168
4.75088 0.0385739
4.75492 0.0385832
4.76115 0.0407751
4.76564 0.0392155
4.76987 0.0394159
4.77372 0.0392282
4.77808 0.039557
4.78219 0.039632
4.78617 0.0395756
4.79059 0.0399671
4.79553 0.0408692
4.80105 0.0423535
4.80521 0.0404715
4.80964 0.040863
4.81381 0.0409977
4.81759 0.0407503
4.82189 0.0410163
4.82594 0.0410256
4.83049 0.0415455
4.83588 0.0429014
4.83973 0.0415383
4.84377 0.0415475
4.84736 0.0411089
4.85359 0.0433008
4.85763 0.0412934
4.86142 0.0410459
4.86578 0.0413746
4.86982 0.0413839
4.87342 0.0409424
4.87727 0.0407605
4.88137 0.0408325
4.88586 0.0412897
4.89215 0.0435385
4.89574 0.0410772
4.90003 0.0413404
4.90362 0.0408959
4.90817 0.0414158
4.91581 0.0409806
4.91991 0.0410521
4.92408 0.0411897
4.92806 0.0411333
4.93345 0.0404725
4.93743 0.037221
4.93768 0.0415113
4.94378 0.0435719
4.94753 0.041276
4.95145 0.0411569
4.95549 0.0411661
4.95966 0.0413038
4.96396 0.0415669
4.96761 0.0411911
4.9721 0.0416453
4.97525 0.0407559
4.98115 0.0426253
4.98545 0.0408746
4.98923 0.0406242
4.99398 0.0413352
4.99789 0.0412132
5.00238 0.0416703
5.00572 0.0409807
5.01014 0.0413693
5.01387 0.0410561
5.01964 0.0427972
5.02368 0.0407897
5.02792 0.0409901
5.03748 0.0372718
5.03773 0.0415621
5.04575 0.041515
5.04993 0.0416526
5.05377 0.0414679
5.05743 0.041092
5.06147 0.0411013
5.06551 0.0411076
5.07167 0.0432339
5.07546 0.0409696
5.07937 0.0408505
5.08335 0.040797
5.08778 0.0411915
5.0917 0.0410724
5.09593 0.0412728
5.10016 0.0414732
5.10382 0.0410973
5.10992 0.0431579
5.11389 0.0410813
5.11774 0.0408965
5.12198 0.0410998
5.12576 0.0408523
5.13025 0.0413095
5.13558 0.0425997
5.14385 0.0416281
5.14757 0.0413179
5.15162 0.0413272
5.15553 0.0412081
5.16176 0.0434
5.16567 0.0412612
5.16945 0.0410137
5.17337 0.0408946
5.17754 0.0410322
5.18107 0.0405279
5.18556 0.0409851
5.18953 0.0409258
5.19351 0.0408665
5.19998 0.0433093
5.20313 0.0404002
5.20325 0.0405285
5.20736 0.0406006
5.21178 0.0409921
5.21615 0.0413209
5.21987 0.0410077
5.22404 0.0411454
5.22853 0.0415996
5.23751 0.0373021
5.23776 0.0415924
5.24155 0.0413449
5.24546 0.0412258
5.25554 0.0412191
5.25978 0.0414224
5.26408 0.0416855
5.26799 0.0415664
5.27196 0.0415071
5.27543 0.0409401
5.27954 0.0410121
5.28377 0.0412154
5.28967 0.043082
5.29352 0.0408834
5.29788 0.0412092
5.30212 0.0414096
5.30225 0.041538
5.30603 0.0412905
5.31424 0.0414345
5.31848 0.0416349
5.32198 0.041099
5.32803 0.0431251
5.32816 0.0432534
5.33121 0.0402499
5.33525 0.0402592
5.33724 0.0370359
5.34173 0.0435434
5.34539 0.0411507
5.34956 0.0412884
5.35373 0.0414231
5.35777 0.0414324
5.36181 0.0414417
5.36554 0.0411315
5.36983 0.0413946
5.37375 0.0412755
5.37952 0.0430166
5.3837 0.0411375
5.38722 0.0406332
5.39159 0.040962
5.39588 0.0412251
5.39973 0.0410403
5.40364 0.0409153
5.40762 0.040859
5.41191 0.0411191
5.41794 0.043117
5.42199 0.0411095
5.4259 0.0409904
5.43001 0.0410624
5.43578 0.0428
5.43949 0.0413056
5.44367 0.0414432
5.44768 0.0414209
5.45551 0.0411827
5.45961 0.0412576
5.46391 0.0415237
5.47347 0.0409976
5.47681 0.0403022
5.48104 0.0405026
5.48573 0.0411538
5.48925 0.0406466
5.4938 0.0411635
5.49778 0.0411013
5.50207 0.0413615
5.50739 0.0426517
5.51163 0.0408354
5.51567 0.0408446
5.51981 0.0409478
5.52404 0.0411482
5.52834 0.0414113
5.5335 0.0425415
5.54178 0.0415699
5.54556 0.0413224
5.54941 0.0411371
5.55326 0.0409523
5.55968 0.0433383
5.56391 0.041519
5.5717 0.0412433
5.57183 0.0413717
5.57536 0.0408674
5.58325 0.0406919
5.58755 0.040955
5.59139 0.0407673
5.59755 0.0428877
5.60172 0.0410086
5.60563 0.0408836
5.60986 0.0410811
5.61409 0.0412815
5.6181 0.0412562
5.62234 0.0414595
5.62574 0.0408268
5.63022 0.0412811
5.63558 0.0426054
5.63988 0.0416872
5.6436 0.041374
5.64956 0.0433092
5.65386 0.0415526
5.65758 0.0412394
5.66175 0.0413742
5.66579 0.0413834
5.67329 0.0408198
5.67734 0.0408291
5.68112 0.0405787
5.68875 0.0441741
5.69131 0.0406886
5.69548 0.0408204
5.70086 0.0421705
5.70394 0.0412154
5.70798 0.0412246
5.71196 0.0411683
5.71607 0.0412403
5.71991 0.0410555
5.72581 0.042922
5.72973 0.0407832
5.73312 0.0401476
5.73729 0.0370843
5.7396 0.0434259
5.74338 0.0411616
5.7473 0.0410396
5.75166 0.0413684
5.75563 0.041312
5.76006 0.0417035
5.76353 0.0411365
5.76782 0.0413996
5.77174 0.0412805
5.77732 0.0428275
5.78117 0.040626
5.78521 0.0406323
5.78943 0.0408269
5.79367 0.0410273
5.79822 0.0415467
5.80283 0.0421264
5.80636 0.0416221
5.80976 0.0409894
5.81554 0.0427305
5.81996 0.0411018
5.82374 0.0408484
5.82791 0.0409831
5.83419 0.0432319
5.83836 0.0421883
5.83849 0.0423167
5.84176 0.0415556
5.84997 0.0416967
5.85382 0.0415119
5.85766 0.0413237
5.86139 0.0410135
5.86774 0.0433308
5.87184 0.0413861
5.87537 0.0408818
5.87948 0.0409538
5.88397 0.041411
5.88839 0.0417995
5.89182 0.041198
5.90022 0.0415302
5.90587 0.0431429
5.90991 0.0411354
5.91504 0.0422286
5.91796 0.0411135
5.91808 0.0412419
5.92231 0.0414364
5.92594 0.0410289
5.93113 0.0421849
5.93555 0.0425764
5.9369 0.0366914
5.93946 0.0412731
5.94401 0.04179
5.94716 0.0409006
5.95113 0.0408442
5.95761 0.04329
5.96178 0.0414109
5.96544 0.041035
5.97371 0.0412412
5.97731 0.0408026
5.98135 0.040806
5.98564 0.0410691
5.98955 0.0409471
6.00029 0.0415987
6.00042 0.0417271
6.00305 0.0403212
6.00754 0.0407842
6.01197 0.0411752
6.02005 0.0411879
6.02396 0.0410688
6.028 0.0410781
6.033 0.0420429
6.03711 0.0369001
6.03749 0.0413188
6.04127 0.0410684
6.04749 0.0432544
6.05166 0.0413753
6.05506 0.0407397
6.05891 0.0405579
6.06244 0.0400536
6.06661 0.0401913
6.07002 0.0395586
6.07374 0.0392454
6.07746 0.0389323
6.0831 0.040545
6.08657 0.0379583
6.09048 0.0378362
6.09452 0.0378426
6.09805 0.0373383
6.10202 0.0372819
6.10613 0.0373539
6.10626 0.0374823
6.10992 0.0371064
6.11392 0.0370782
6.11892 0.038046
6.12328 0.0363521
6.12661 0.0356538
6.13257 0.0323682
6.13309 0.0380937
6.13687 0.0366649
6.14059 0.0363488
6.14392 0.0356505
6.14796 0.0356568
6.15168 0.0353436
6.15495 0.0345796
6.15855 0.034141
6.16246 0.034019
6.16772 0.0352465
6.17106 0.0325314
6.17478 0.0322182
6.17811 0.0315199
6.18202 0.0313944
6.18644 0.031783
6.19048 0.0317864
6.19458 0.0318555
6.19811 0.0313483
6.20458 0.0337876
6.20843 0.0315831
6.21269 0.0318146
6.21644 0.0315296
6.2208 0.0318526
6.22695 0.0339729
6.22842 0.0282163
6.23105 0.0328607
6.23458 0.0323535
6.23842 0.0321687
6.24208 0.0317899
6.24599 0.0316679
6.24978 0.0314204
6.25606 0.0336721
6.26033 0.0318868
6.26392 0.0314452
6.26796 0.0314545
6.272 0.0314609
6.27611 0.0315329
6.28002 0.0314079
6.28444 0.0317965
6.28834 0.0316686
6.29411 0.0334038
6.29821 0.0314561
6.3027 0.0319074
6.30655 0.0317226
6.31068 0.0318223
6.31453 0.0316345
6.31953 0.0325994
6.32401 0.0330537
6.32805 0.0278481
6.32857 0.0323952
6.33216 0.0319507
6.33607 0.0318287
6.33979 0.0315155
6.34658 0.0342778
6.35044 0.0320792
6.35409 0.0316964
6.35819 0.0317684
6.36217 0.031712
6.36589 0.0313989
6.36993 0.0314052
6.37416 0.0316056
6.3782 0.031612
6.38416 0.0335383
6.38826 0.0315877
6.39237 0.0316597
6.39621 0.031472
6.4007 0.0319233
6.40442 0.0316101
6.40859 0.0317448
6.41276 0.0318796
6.41654 0.0316262
6.42332 0.0343797
6.4264 0.0314078
6.42794 0.0277337
6.43076 0.0325692
6.43621 0.0339878
6.44006 0.0317863
6.44384 0.0315358
6.44782 0.0314765
6.45179 0.0314201
6.45641 0.0320027
6.46007 0.0316269
6.46443 0.0319527
6.46455 0.0320811
6.46789 0.0313857
6.47418 0.0336374
6.478 0.0314042
6.48274 0.0321123
6.48633 0.0316678
6.49017 0.0314801
6.4903 0.0316085
6.4944 0.0316776
6.49812 0.0313615
6.5028 0.0320039
6.5069 0.0320759
6.50703 0.0322043
6.51267 0.0338141
6.51735 0.0324427
6.52177 0.0328278
6.5219 0.0329562
6.52664 0.0336672
6.52863 0.0284242
6.53177 0.0335821
6.53491 0.0326897
6.53876 0.0325049
6.54261 0.0323202
6.54697 0.032646
6.5503 0.0319477
6.55428 0.0318913
6.55832 0.0318976
6.55845 0.032026
6.5639 0.0334447
6.56794 0.0314372
6.57205 0.0315063
6.57602 0.0314499
6.58 0.0313935
6.58404 0.0314028
6.58814 0.0314689
6.59231 0.0316036
6.5934 0.0326905
6.59667 0.0319266
6.60307 0.0342978
6.60667 0.0318395
6.61071 0.0318459
6.61468 0.0317865
6.61869 0.0317613
6.62465 0.0336935
6.62863 0.0284222
6.62927 0.0330977
6.63315 0.0329441
6.63726 0.0330161
6.64098 0.0327029
6.64482 0.0325181
6.649 0.0326558
6.65438 0.0340117
6.65868 0.032261
6.66196 0.0314999
6.66593 0.0314436
6.67004 0.0315126
6.67401 0.0314563
6.67806 0.0314655
6.68248 0.031857
6.68729 0.0326308
6.69261 0.033921
6.69627 0.0315255
6.70037 0.0315945
6.7048 0.031986
6.70852 0.0316729
6.71326 0.032381
6.71698 0.0320678
6.72124 0.0322993
6.72688 0.0339061
6.72874 0.0285347
6.73099 0.0327968
6.73509 0.0328688
6.73522 0.0329972
6.73894 0.0326841
6.74517 0.034876
6.74927 0.0329341
6.75242 0.0320447
6.75646 0.032051
6.76031 0.0318663
6.7639 0.0314247
6.76794 0.031434
6.77198 0.0314374
6.77634 0.0317662
6.78224 0.0336357
6.78237 0.0337641
6.78628 0.0316252
6.79064 0.0319511
6.79449 0.0317634
6.7984 0.0316413
6.80295 0.0321554
6.8034 0.0326033
6.80721 0.0323839
6.80734 0.0325123
6.81118 0.0323246
6.81471 0.0318174
6.82061 0.0336869
6.82408 0.0311002
6.82815 0.0279425
6.82853 0.0323612
6.83444 0.0342307
6.83797 0.0317096
6.84181 0.0315248
6.84605 0.0317282
6.84987 0.0315118
6.85436 0.0319719
6.85834 0.0319155
6.86219 0.0317307
6.86232 0.0318591
6.86616 0.0316714
6.87212 0.0336007
6.87607 0.0314959
6.87998 0.0313768
6.88409 0.0314517
6.88819 0.0315179
6.89293 0.032226
6.89659 0.0318471
6.89672 0.0319755
6.9005 0.0317251
6.90428 0.0314746
6.91025 0.0334039
6.91428 0.0313906
6.91877 0.0318477
6.92487 0.0339083
6.92923 0.0290223
6.92961 0.033441
6.93334 0.0331307
6.93712 0.0328803
6.93725 0.0330087
6.9411 0.0328239
6.9454 0.03309
6.94925 0.0329081
6.9531 0.0327234
6.95688 0.0324759
6.96291 0.0344737
6.9667 0.0322065
6.97022 0.0316993
6.97414 0.0315802
6.97837 0.0317806
6.98203 0.0314047
6.98728 0.0326264
6.99126 0.032567
6.99479 0.0320598
7.00145 0.0346938
7.00544 0.0326266
7.00986 0.0330151
7.01415 0.0332783
7.01826 0.0333503
7.02294 0.0340015
7.02853 0.0355485
7.03064 0.0304368
7.03321 0.0350214
7.03789 0.0356697
7.04155 0.0352938
7.04566 0.0353687
7.05009 0.0357632
7.05631 0.0379522
7.06042 0.0360103
7.06458 0.0361446
7.0685 0.0360255
7.07299 0.0364826
7.07658 0.0360411
7.08101 0.036435
7.08505 0.0364443
7.08909 0.0364536
7.09583 0.0391532
7.09955 0.0368232
7.10327 0.036513
7.10821 0.0374152
7.10834 0.0375435
7.11276 0.0379351
7.11648 0.0376219
7.12078 0.037885
7.12489 0.03796
7.13104 0.0400833
7.13521 0.035009
7.13534 0.039171
7.13547 0.0392994
7.14022 0.0400133
7.14413 0.0398913
7.15036 0.0420832
7.1553 0.0409744
7.15895 0.0405985
7.163 0.0406078
7.16762 0.0411934
7.1721 0.0416476
7.17518 0.0406925
7.17955 0.0410213
7.18346 0.0409022
7.18955 0.0429598
7.19353 0.0408896
7.19796 0.0412811
7.20219 0.0414815
7.20598 0.041234
7.20995 0.0411747
7.21373 0.0409243
7.2181 0.0412531
7.22182 0.0409429
7.22836 0.0434484
7.23099 0.0400286
7.23567 0.0406799
7.24164 0.0434505
7.24558 0.0413457
7.24924 0.0409698
7.25354 0.0412358
7.26137 0.0409976
7.26541 0.0410069
7.26978 0.0413357
7.27369 0.0412166
7.27946 0.0429577
7.28364 0.0410786
7.28806 0.0414672
7.2912 0.0405777
7.29582 0.0411633
7.30018 0.0414891
7.30371 0.0409819
7.30775 0.0409912
7.31205 0.0412543
7.31795 0.0431208
7.31808 0.0432492
7.32206 0.041179
7.32584 0.0409315
7.33033 0.0413887
7.33595 0.0429698
7.33954 0.0413469
7.34749 0.0412371
7.35147 0.0411807
7.35545 0.0411243
7.35956 0.0411993
7.36379 0.0413997
7.36392 0.041528
7.36963 0.0432064
7.37354 0.0410676
7.37367 0.041196
7.37701 0.0405006
7.38099 0.0404442
7.38548 0.0409043
7.38913 0.0405255
7.39388 0.0412365
7.39747 0.040792
7.4017 0.0409924
7.40792 0.0431814
7.41171 0.0409171
7.42018 0.0413209
7.42377 0.0408793
7.42801 0.0410797
7.42813 0.0412081
7.43352 0.042564
7.43782 0.0416488
7.43795 0.0417772
7.44154 0.0413356
7.44552 0.0412792
7.44975 0.0414796
7.45335 0.041041
7.4597 0.0433613
7.46406 0.0416733
7.46746 0.0410407
7.47176 0.0413038
7.47522 0.0407338
7.47907 0.0405491
7.48337 0.0408151
7.48754 0.0409499
7.49152 0.0408935
7.50601 0.0412695
7.51005 0.0412758
7.51403 0.0412195
7.51813 0.0412915
7.52211 0.041238
7.52577 0.0408621
7.52997 0.041028
7.53529 0.0423182
7.53722 0.0370125
7.53933 0.0411462
7.54344 0.0412182
7.54935 0.0430906
7.55358 0.0412742
7.55717 0.0408327
7.56134 0.0409703
7.56577 0.0413648
7.56956 0.0411173
7.57347 0.0409953
7.57809 0.0415808
7.5813 0.040757
7.58758 0.0430087
7.59137 0.0407415
7.59553 0.0408733
7.59999 0.0412989
7.60012 0.0414273
7.60396 0.0412396
7.60749 0.0407353
7.61169 0.0409011
7.61586 0.0410388
7.61984 0.0409854
7.62594 0.0430459
7.63004 0.0411012
7.63345 0.0404685
7.63768 0.0374738
7.63967 0.0434959
7.64377 0.0415511
7.6439 0.0416795
7.64724 0.0409841
7.65154 0.0412502
7.65571 0.0413879
7.65975 0.0413971
7.66379 0.0414035
7.66784 0.0414128
7.672 0.0415475
7.67727 0.042775
7.68144 0.0408959
7.68522 0.0406484
7.68958 0.0409743
7.69728 0.0406018
7.70132 0.0406081
7.70561 0.0408713
7.70972 0.0409403
7.71562 0.0428069
7.71985 0.0409934
7.72376 0.0408714
7.72389 0.0409998
7.72819 0.0412629
7.73358 0.0426188
7.73749 0.0372849
7.73788 0.0417036
7.74535 0.0411078
7.749 0.0407319
7.75337 0.0410607
7.75754 0.0411984
7.76158 0.0412077
7.77191 0.0414519
7.77505 0.0405624
7.77929 0.0407628
7.78371 0.0411573
7.78744 0.0408441
7.79173 0.0411073
7.79571 0.0410509
7.80039 0.0416992
7.80591 0.0431835
7.80604 0.0433119
7.81027 0.0414955
7.81412 0.0413107
7.8179 0.0410603
7.82195 0.0410696
7.8256 0.0406937
7.83003 0.0410852
7.83542 0.0424411
7.83715 0.0369413
7.83965 0.0414602
7.84369 0.0414665
7.84382 0.0415949
7.84741 0.0411563
7.85151 0.0412254
7.85767 0.0433516
7.86544 0.041031
7.86954 0.0411
7.87339 0.0409153
7.87352 0.0410437
7.87718 0.0406678
7.88121 0.0406741
7.88602 0.0414479
7.88987 0.0412572
7.88999 0.0413856
7.89554 0.0428981
7.90073 0.0420402
7.90375 0.0410224
7.90792 0.0411601
7.91177 0.0409753
7.91606 0.0412355
7.92042 0.0415643
7.92395 0.04106
7.92786 0.0409379
7.93319 0.0422282
7.93729 0.0370854
7.93755 0.0413757
7.94159 0.041382
7.94742 0.0431858
7.95166 0.0413695
7.95557 0.0412474
7.95987 0.0415135
7.96366 0.041266
7.9677 0.0412753
7.9718 0.0413473
7.97591 0.0414193
7.97976 0.0412345
7.98559 0.0430354
7.99393 0.0412881
8.00172 0.0410094
8.00541 0.0406707
8.01016 0.0413817
8.01375 0.0409402
8.01791 0.041072
8.02388 0.0430041
8.02811 0.0411848
8.03113 0.040167
8.03773 0.0427382
8.0419 0.0416946
8.04536 0.0411246
8.04941 0.0411339
8.05383 0.0415254
8.05749 0.0411495
8.06179 0.0414156
8.06551 0.0411054
8.06987 0.0414342
8.07578 0.0433066
8.07956 0.0410394
8.08328 0.0407262
8.08758 0.0409893
8.09156 0.040933
8.09573 0.0410677
8.09977 0.0410735
8.10355 0.040826
8.10756 0.0408037
8.1141 0.0433092
8.11782 0.0409764
8.12173 0.0408514
8.1256 0.0406942
8.1299 0.0409574
8.13509 0.0421163
8.13522 0.0422447
8.1374 0.0371928
8.13977 0.0415833
8.1474 0.0411451
8.15151 0.0412171
8.15561 0.0412892
8.16004 0.0416836
8.16562 0.0432336
8.1696 0.0411604
8.17332 0.0408473
8.17724 0.0407281
8.18204 0.041499
8.18217 0.0416273
8.18512 0.0405438
8.18935 0.0407384
8.1939 0.0412583
8.19755 0.0408789
8.20371 0.0429988
8.20794 0.0411824
8.22025 0.0413926
8.22372 0.0408226
8.22795 0.041023
8.23346 0.0425044
8.23763 0.0374243
8.23789 0.0417146
8.2418 0.0415926
8.24603 0.04179
8.24949 0.0412201
8.25572 0.0434091
8.26001 0.0416583
8.26014 0.0417867
8.26316 0.0407689
8.26784 0.0414201
8.27182 0.0413637
8.27503 0.040537
8.27926 0.0407374
8.28356 0.0410005
8.28772 0.0411323
8.28785 0.0412607
8.29407 0.0434468
8.29785 0.0411796
8.30209 0.041377
8.30594 0.0411952
8.31011 0.0413329
8.31803 0.0411855
8.31816 0.0413139
8.32213 0.0412546
8.32566 0.0407503
8.33092 0.041972
8.33547 0.0404751
8.33945 0.0412571
8.34547 0.0432491
8.34945 0.0411725
8.35368 0.0413729
8.36568 0.0412724
8.36978 0.0413444
8.3737 0.0412223
8.37767 0.041166
8.38344 0.0429012
8.38357 0.0430295
8.38758 0.0409846
8.3877 0.041113
8.39142 0.0407998
8.3961 0.0414452
8.40348 0.0407532
8.40733 0.0405684
8.41201 0.0412167
8.41656 0.0417307
8.41668 0.0418591
8.42207 0.0432121
8.42557 0.0406565
8.43037 0.0414302
8.43537 0.0423941
8.43716 0.036957
8.43909 0.0408996
8.44328 0.0410625
8.44662 0.0403642
8.45066 0.0403705
8.45438 0.0400544
8.45803 0.0396785
8.46144 0.0390458
8.46541 0.0389895
8.4708 0.0403454
8.47446 0.0379498
8.47792 0.0373798
8.48196 0.0373862
8.48241 0.0378341
8.48574 0.0371328
8.4892 0.0365599
8.49324 0.0365633
8.49715 0.0364384
8.50086 0.0361223
8.50163 0.0368897
8.50682 0.0380486
8.51151 0.0366801
8.5151 0.0362356
8.51837 0.0354746
8.52323 0.0363081
8.52804 0.0370848
8.53221 0.0320047
8.53304 0.0368713
8.53651 0.0363013
8.5401 0.0358598
8.54388 0.0356064
8.54811 0.0358039
8.55138 0.0350428
8.55664 0.0362674
8.56059 0.0341626
8.56392 0.0334643
8.56738 0.0328944
8.57111 0.0325812
8.57483 0.032268
8.57842 0.0318265
8.5822 0.0315761
8.58732 0.0326664
8.59233 0.0336342
8.59662 0.0318776
8.60117 0.0323916
8.60425 0.0314365
8.60864 0.0317935
8.6128 0.0319282
8.61665 0.0317376
8.62113 0.0321889
8.6262 0.0332223
8.62812 0.0279166
8.63075 0.0325609
8.6346 0.0323732
8.63832 0.0320601
8.64441 0.0341177
8.64787 0.031531
8.65198 0.031603
8.65595 0.0315466
8.66019 0.031747
8.66455 0.0320729
8.66788 0.0313775
8.67199 0.0314495
8.67597 0.0313931
8.68212 0.0335135
8.68718 0.0325214
8.69071 0.0320142
8.69487 0.032146
8.69827 0.0315104
8.70269 0.031896
8.70654 0.0317112
8.71102 0.0321655
8.71538 0.0324884
8.72083 0.0339011
8.72397 0.030992
8.7282 0.0279943
8.72858 0.032413
8.7341 0.0338944
8.73772 0.0314672
8.74189 0.0316019
8.7465 0.0321816
8.75029 0.0319341
8.75401 0.0316209
8.75818 0.0317557
8.76183 0.0313769
8.76594 0.0314489
8.7719 0.0333781
8.77601 0.0314334
8.78011 0.0315054
8.78403 0.0313863
8.78826 0.0315808
8.79274 0.032035
8.79685 0.032107
8.80057 0.0317939
8.80435 0.0315434
8.81102 0.0341774
8.81455 0.0316534
8.81871 0.0317881
8.8243 0.0333381
8.82821 0.0280041
8.82872 0.0325512
8.83245 0.032241
8.83642 0.0321846
8.84002 0.0317431
8.8438 0.0314956
8.84791 0.0315705
8.85192 0.0315452
8.85609 0.0316829
8.86193 0.0334862
8.86597 0.0314758
8.87001 0.0314821
8.87405 0.0314914
8.87796 0.0313723
8.88207 0.0314443
8.88713 0.0324748
8.89028 0.0315854
8.89419 0.0314633
8.90041 0.0336494
8.90425 0.0314449
8.90438 0.0315733
8.90848 0.0316424
8.91265 0.0317771
8.91631 0.0313978
8.92099 0.032046
8.92625 0.0332701
8.92842 0.0282182
8.93073 0.032546
8.93452 0.0322955
8.93465 0.0324239
8.93792 0.0316629
8.94202 0.0317349
8.94607 0.0317436
8.95197 0.0336161
8.95582 0.0314174
8.95987 0.0314267
8.9641 0.0316242
8.96872 0.0322098
8.97199 0.0314487
8.97606 0.0314891
8.9801 0.0314954
8.98421 0.0315704
8.99056 0.0338819
8.99453 0.0318058
8.99831 0.0315553
9.0028 0.0320067
9.00639 0.0315683
9.01101 0.0321509
9.01441 0.0315153
9.01454 0.0316437
9.01858 0.0316501
9.0187 0.0317785
9.02416 0.0332
9.02807 0.0278661
9.02878 0.0326043
9.0289 0.0327327
9.03224 0.0320373
9.03628 0.0320431
9.0418 0.0335274
9.04578 0.0314572
9.04992 0.0315633
9.05448 0.0320861
9.05845 0.0320297
9.06224 0.0317822
9.06602 0.0315318
9.07006 0.0315381
9.07417 0.0316131
9.08014 0.0335482
9.08418 0.0315407
9.08822 0.0315471
9.09214 0.0314279
9.09618 0.0314372
9.10035 0.031572
9.10426 0.0314529
9.10875 0.0319071
9.11279 0.0319134
9.11859 0.0336827
9.12161 0.0306481
9.12604 0.0310425
9.12802 0.0278163
9.132 0.0338131
9.13604 0.0318056
9.13989 0.0316209
9.14416 0.0318553
9.14827 0.0319303
9.15206 0.0316828
9.15629 0.0318802
9.15642 0.0320086
9.16052 0.0320806
9.16418 0.0317018
9.16995 0.0334399
9.17428 0.0317203
9.17806 0.0314728
9.18223 0.0316076
9.18236 0.031736
9.18633 0.0316766
9.19018 0.0314889
9.19031 0.0316173
9.19461 0.0318804
9.1982 0.0314389
9.2023 0.031508
9.20307 0.0322754
9.20845 0.0336283
9.20858 0.0337567
9.21275 0.0318747
9.21634 0.0314331
9.22064 0.0316963
9.22571 0.0327297
9.22782 0.0276151
9.22994 0.0317488
9.23007 0.0318772
9.23456 0.0323344
9.23796 0.0317017
9.24193 0.0316453
9.24604 0.0317203
9.25002 0.0316668
9.254 0.0316134
9.26003 0.0336113
9.26395 0.0314754
9.26799 0.0314847
9.27197 0.0314253
9.27601 0.0314346
9.28011 0.0315066
9.28416 0.0315159
9.28851 0.0318388
9.29236 0.0316541
9.29833 0.0335833
9.30326 0.0324657
9.30672 0.0318958
9.31076 0.0319021
9.31442 0.0315233
9.31897 0.0320432
9.3191 0.0321716
9.32506 0.0341038
9.32968 0.0294745
9.32994 0.0337649
9.33379 0.033583
9.33789 0.033655
9.34206 0.0337898
9.34655 0.0342469
9.35304 0.0366956
9.35695 0.0345598
9.36118 0.0347602
9.36561 0.0351546
9.36952 0.0350326
9.3735 0.0349732
9.37761 0.0350482
9.38152 0.0349291
9.38582 0.0351922
9.39248 0.0378232
9.39659 0.0358784
9.40101 0.03627
9.4055 0.0367213
9.40979 0.0369844
9.41434 0.0375014
9.41883 0.037958
9.42326 0.0383495
9.4289 0.0399563
9.43358 0.0406046
9.43602 0.0358124
9.43807 0.0398805
9.44256 0.0403377
9.44898 0.0427237
9.45353 0.0412268
9.45764 0.0412988
9.46123 0.0408602
9.46572 0.0413174
9.4699 0.041455
9.47368 0.0412046
9.47766 0.0411512
9.48138 0.040838
9.48766 0.0430897
9.49138 0.0407568
9.49581 0.0411483
9.50042 0.041731
9.50055 0.0418594
9.50369 0.040967
9.50735 0.0405911
9.51171 0.0409169
9.5155 0.0406694
9.51986 0.0409982
9.52583 0.0429334
9.53019 0.0412454
9.53333 0.0403559
9.53744 0.0372328
9.53962 0.043449
9.54321 0.0409907
9.54706 0.0408088
9.55159 0.0413
9.55563 0.0413093
9.55942 0.0410618
9.56346 0.0410711
9.56776 0.0413372
9.57726 0.0427651
9.58098 0.0404351
9.5854 0.0408296
9.58944 0.0408359
9.59361 0.0409707
9.5974 0.0407202
9.60201 0.0413029
9.60554 0.0407986
9.60971 0.0409333
9.61586 0.0430537
9.61952 0.040661
9.6233 0.0404106
9.62343 0.040539
9.62811 0.0411873
9.63331 0.0423492
9.63748 0.037272
9.63786 0.0416907
9.64165 0.0414432
9.64569 0.0414525
9.64935 0.0410766
9.65358 0.041277
9.65795 0.0416058
9.66147 0.0411015
9.67167 0.0412173
9.67527 0.0407787
9.6795 0.0409791
9.68323 0.0406689
9.6881 0.0415083
9.69157 0.0409413
9.69586 0.0412044
9.69987 0.0411821
9.7059 0.043177
9.70603 0.0433054
9.70994 0.0411666
9.71379 0.0409818
9.71738 0.0405402
9.72207 0.0411915
9.72553 0.0406215
9.72996 0.041016
9.73548 0.0425003
9.73952 0.0413283
9.74349 0.0412719
9.74735 0.04109
9.75133 0.0410366
9.75781 0.0434853
9.76115 0.0407731
9.7657 0.041296
9.77308 0.0406069
9.77712 0.0406162
9.7811 0.0405598
9.78572 0.0411454
9.78957 0.0409577
9.80329 0.0405604
9.80778 0.0410176
9.81169 0.0408955
9.81547 0.040648
9.81971 0.0408484
9.82375 0.0408548
9.82817 0.0412463
9.83298 0.042023
9.83722 0.0370115
9.8376 0.0414302
9.84158 0.0413767
9.84742 0.0411667
9.85159 0.0413044
9.85564 0.0413137
9.86391 0.0415233
9.86783 0.0414042
9.87174 0.0412822
9.8754 0.0409063
9.87982 0.0413007
9.88541 0.0428507
9.88945 0.0408403
9.89355 0.0409123
9.89759 0.0409186
9.90164 0.0409279
9.90555 0.0408088
9.90984 0.041069
9.91337 0.0405618
9.91767 0.0408249
9.9178 0.0409533
9.92357 0.0426944
9.9237 0.0428228
9.92787 0.0409407
9.928 0.0410691
9.93098 0.0400167
9.93746 0.0372506
9.93803 0.0430388
9.93816 0.0431672
9.94175 0.0415472
9.94547 0.0412336
9.94932 0.0410517
9.95741 0.0410673
9.96119 0.0408198
9.96543 0.0410232
9.96998 0.0415431
9.97557 0.043093
9.97916 0.0406347
9.98352 0.0409664
9.9875 0.0409101
9.99161 0.0409821
9.99546 0.0407973
9.99995 0.0412545

