% time_sec delay_sec
1.17853 0.0784097
1.17853 0.0784097
1.27826 0.0781418
1.3785 0.0783774
1.47845 0.0783232
1.47889 0.382785
1.57821 0.0780906
1.67824 0.0781169
1.77829 0.0781694
1.78044 0.381651
1.87823 0.0781111
1.97938 0.278593
1.9798 0.0796544
1.9834 0.0852742
1.9873 0.085144
2.07973 0.173532
2.08815 0.0859917
2.09155 0.0853591
2.09598 0.0857506
2.10098 0.0867213
2.10567 0.0873725
2.11093 0.0886001
2.11619 0.0898246
2.12541 0.0930008
2.12842 0.09198
2.13272 0.0922461
2.13753 0.0930198
2.14266 0.094116
2.14728 0.0947045
2.15177 0.0951617
2.15563 0.0949799
2.15973 0.0950519
2.16608 0.0973692
2.17031 0.0955499
2.17359 0.0947889
2.1775 0.0946698
2.18161 0.0947418
2.18763 0.0967338
2.19013 0.0899875
2.19103 0.0949198
2.19455 0.0944096
2.19853 0.0943503
2.20295 0.0947389
2.20712 0.0948736
2.2141 0.0978271
2.21757 0.0952433
2.22187 0.0955094
2.22623 0.0958382
2.23778 0.0952809
2.2422 0.0956754
2.24625 0.0956846
2.25036 0.0957596
2.25639 0.0977574
2.25979 0.095108
2.26389 0.09518
2.26742 0.0946757
2.27165 0.0948732
2.27974 0.0948918
2.28372 0.0948354
2.28898 0.0960629
2.29346 0.0953358
2.29673 0.0945718
2.29686 0.0947002
2.3034 0.0972028
2.30711 0.09487
2.31102 0.0947479
2.31506 0.0947513
2.31942 0.0950801
2.32334 0.094961
2.32827 0.0958626
2.33187 0.0954211
2.33591 0.0954304
2.34021 0.0956935
2.34585 0.0952894
2.34964 0.0950419
2.35342 0.0947944
2.35708 0.0944185
2.36125 0.0945562
2.36561 0.094885
2.36972 0.094957
2.37383 0.095029
2.37781 0.0949755
2.38384 0.0969734
2.38724 0.094324
2.39327 0.0971573
2.39718 0.0950185
2.40116 0.0949621
2.405 0.0947744
2.40929 0.0950346
2.41301 0.0947185
2.41789 0.0955603
2.42623 0.0958356
2.43206 0.0976336
2.43514 0.0946646
2.44348 0.094937
2.4481 0.0955255
2.45196 0.0953437
2.45626 0.0956098
2.45959 0.0949144
2.46383 0.0951148
2.46794 0.0951897
2.47377 0.0969935
2.4775 0.0946665
2.4818 0.0949326
2.48738 0.0964796
2.49013 0.0899902
2.4909 0.094794
2.49488 0.0947347
2.4984 0.0942275
2.50295 0.0947445
2.50693 0.0946881
2.5111 0.0948228
2.5161 0.0957936
2.52181 0.0974685
2.52611 0.0957177
2.53342 0.0949601
2.53798 0.0954829
2.54157 0.0950414
2.54555 0.094985
2.54998 0.0953795
2.5537 0.0950692
2.55755 0.0948845
2.56749 0.0947464
2.57173 0.0949468
2.57545 0.0946337
2.57975 0.0948997
2.58898 0.0960679
2.59302 0.0948959
2.59706 0.0949023
2.60085 0.0946548
2.61124 0.0969785
2.61567 0.0953562
2.61945 0.0951087
2.62356 0.0951807
2.63565 0.095171
2.64001 0.0954998
2.64393 0.0953807
2.64405 0.0955091
2.64938 0.0968023
2.65393 0.0953054
2.65708 0.0944159
2.66125 0.0945536
2.66555 0.0948197
2.66966 0.0948917
2.67338 0.0945785
2.67812 0.0952925
2.68172 0.0948539
2.68704 0.0961441
2.68717 0.0962725
2.68993 0.089786
2.69102 0.0949094
2.6948 0.0946589
2.70122 0.097039
2.70519 0.0949629
2.70923 0.0949693
2.71334 0.0950413
2.71751 0.095179
2.72187 0.0955077
2.7263 0.0959022
2.73104 0.0966132
2.73412 0.095661
2.73938 0.0968886
2.74753 0.0949531
2.75151 0.0948967
2.75581 0.0951628
2.75915 0.0944674
2.7637 0.0949902
2.768 0.0952563
2.77166 0.0948804
2.77589 0.0950808
2.78186 0.0949991
2.78507 0.0941724
2.78969 0.0895431
2.7909 0.0959733
2.79469 0.0945445
2.79866 0.0944881
2.80276 0.0945542
2.80674 0.0944979
2.81104 0.094761
2.81579 0.0954749
2.81591 0.0956033
2.81944 0.095099
2.82377 0.0953962
2.82942 0.0970089
2.83339 0.0949328
2.83731 0.0948137
2.84116 0.0946289
2.84527 0.0947039
2.84982 0.0952267
2.84995 0.0953551
2.85361 0.0949792
2.85733 0.0946661
2.86169 0.0949978
2.86734 0.0966075
2.87183 0.095045
2.87535 0.0945407
2.87946 0.0946127
2.88363 0.0947504
2.88902 0.0961034
2.89319 0.0950627
2.89691 0.0947466
2.90063 0.0944334
2.90499 0.0947622
2.90954 0.0952821
2.91345 0.0951601
2.91955 0.0972236
2.93186 0.0954199
2.93584 0.0953665
2.93995 0.0954385
2.94412 0.0955761
2.94772 0.0951375
2.95176 0.0951468
2.95734 0.0966938
2.96202 0.0953283
2.96543 0.0946956
2.96979 0.0950244
2.97338 0.0945829
2.978 0.0951684
2.98172 0.0948582
2.9866 0.0957006
2.99006 0.0899187
2.99102 0.0949137
2.99481 0.0946662
2.99879 0.0946098
3.00308 0.0948729
3.00905 0.0968107
3.01342 0.0951227
3.01736 0.0950347
3.02172 0.0953635
3.02634 0.095949
3.03385 0.0953844
3.03821 0.0957132
3.04215 0.0956252
3.05204 0.0954244
3.05576 0.0951113
3.05897 0.0942875
3.0632 0.0944879
3.0675 0.094754
3.07167 0.0948916
3.07571 0.0949009
3.07976 0.0949102
3.08387 0.0949851
3.08887 0.0939391
3.09901 0.0968503
3.10325 0.0950369
3.10748 0.0952402
3.11114 0.0948614
3.11524 0.0949334
3.11929 0.0949427
3.12378 0.0953998
3.12833 0.0959197
3.13225 0.0958006
3.13719 0.0967086
3.14142 0.0948893
3.14527 0.0947041
3.14982 0.0952269
3.15316 0.0945315
3.15733 0.0946692
3.16137 0.0946784
3.16561 0.0948788
3.16946 0.0946941
3.17562 0.0968203
3.18017 0.0953264
3.1837 0.0948221
3.18903 0.0961124
3.19326 0.0951373
3.19717 0.0950153
3.20102 0.0948305
3.20506 0.0948369
3.20923 0.0949716
3.21321 0.0949152
3.21757 0.0952469
3.22184 0.0954784
3.22793 0.097539
3.23178 0.0953375
3.23538 0.0948989
3.23948 0.0949709
3.24346 0.0949145
3.25181 0.0951928
3.25553 0.0948796
3.25944 0.0947605
3.26547 0.0967584
3.26983 0.0950704
3.27343 0.0946288
3.27741 0.0945754
3.28158 0.094713
3.28729 0.0963885
3.29004 0.089899
3.291 0.094894
3.29472 0.094575
3.29812 0.0939394
3.30286 0.0946504
3.30697 0.0947224
3.31107 0.0947915
3.31748 0.097171
3.32165 0.0952919
3.32614 0.0957491
3.32954 0.0951135
3.33307 0.0946063
3.33775 0.0952546
3.34134 0.094813
3.34991 0.0953106
3.35562 0.096986
3.35895 0.0942739
3.36325 0.0945365
3.36691 0.0941606
3.37101 0.0942326
3.37525 0.094433
3.37935 0.094505
3.38327 0.0943859
3.38859 0.0956732
3.38961 0.0894687
3.3924 0.0942755
3.39657 0.0944102
3.40029 0.0940971
3.40638 0.0961576
3.41081 0.0945324
3.41491 0.0946044
3.4187 0.0943569
3.42338 0.0950052
3.4273 0.0948861
3.43133 0.0948895
3.43499 0.0945136
3.43916 0.0946454
3.44442 0.0958729
3.44859 0.0939909
3.4523 0.0936748
3.45602 0.0933616
3.45974 0.0930485
3.46372 0.0929921
3.46776 0.0929984
3.47161 0.0928137
3.4752 0.0923721
3.48027 0.0934056
3.48399 0.0910786
3.48675 0.0866059
3.4879 0.091792
3.48835 0.0922399
3.49258 0.0924374
3.49649 0.0902956
3.50021 0.0899795
3.50033 0.0901079
3.50424 0.0899829
3.50745 0.0891562
3.51188 0.0895477
3.51611 0.0897481
3.52021 0.0898201
3.52464 0.0902116
3.53009 0.0916303
3.53394 0.0894258
3.53791 0.0893665
3.53804 0.0894949
3.54189 0.0893101
3.54644 0.0898271
3.55067 0.0900245
3.55407 0.0893918
3.55811 0.0893982
3.55824 0.0895266
3.56228 0.0895359
3.56767 0.0908918
3.57133 0.0884991
3.57505 0.088186
3.57986 0.0889626
3.58255 0.0824105
3.58364 0.0875338
3.58377 0.0876622
3.588 0.0878568
3.59108 0.0869016
3.59569 0.0874808
3.59909 0.0868452
3.60357 0.0872965
3.60723 0.0869206
3.61172 0.0873778
3.61839 0.0900117
3.62237 0.0879386
3.62647 0.0880077
3.63025 0.0877572
3.6341 0.0875695
3.63423 0.0876979
3.63881 0.0882489
3.64362 0.0890256
3.64702 0.0883929
3.65074 0.0880798
3.65671 0.090009
3.66088 0.0881299
3.66447 0.0876884
3.66825 0.0874409
3.6721 0.0872561
3.67646 0.087582
3.68128 0.0883616
3.68224 0.0820944
3.6857 0.0875718
3.68954 0.0873841
3.69384 0.0876472
3.69762 0.0873968
3.70281 0.0885528
3.70794 0.0896484
3.71282 0.0884711
3.71647 0.0880923
3.72256 0.090144
3.72634 0.0898907
3.72646 0.0900191
3.73069 0.0902136
3.73486 0.0903483
3.73973 0.0911877
3.74365 0.0910686
3.74954 0.0929322
3.75384 0.0911786
3.75763 0.0909311
3.76163 0.0909029
3.76568 0.0909121
3.76978 0.0909812
3.77369 0.0908621
3.77761 0.090743
3.7828 0.0919048
3.78607 0.0859289
3.78767 0.091563
3.7878 0.0916913
3.791 0.0908617
3.79491 0.0907367
3.80094 0.0927258
3.80523 0.0909692
3.80921 0.0909128
3.81389 0.0915582
3.81786 0.0915018
3.82254 0.0921471
3.8269 0.092473
3.83145 0.09299
3.83569 0.0931903
3.84162 0.095088
3.84174 0.0952164
3.84669 0.0941076
3.85085 0.0942394
3.85483 0.094183
3.85836 0.0936788
3.86297 0.0942614
3.86689 0.0941423
3.87118 0.0944025
3.87542 0.0946029
3.88138 0.0965351
3.88453 0.0936288
3.88876 0.0938263
3.88959 0.0894475
3.89433 0.0962059
3.89837 0.0941925
3.90305 0.0948379
3.90657 0.0943301
3.91061 0.0943365
3.91106 0.0947844
3.9151 0.0947907
3.91914 0.0947971
3.93283 0.0963844
3.937 0.0945053
3.94091 0.0943833
3.94527 0.0947086
3.94957 0.0949747
3.95323 0.0945988
3.95708 0.094414
3.96093 0.0942292
3.96528 0.0945551
3.97067 0.0959081
3.97471 0.0939006
3.97875 0.0939069
3.98196 0.0930802
3.98741 0.0944959
3.98799 0.0878435
3.99145 0.0933209
3.99504 0.0928765
3.99863 0.092432
4.0033 0.0930744
4.00728 0.0930236
4.01145 0.0931584
4.01588 0.0935499
4.02216 0.0957987
4.02617 0.0937561
4.03052 0.094079
4.03437 0.0938937
4.03873 0.0942196
4.04284 0.0942916
4.04701 0.0944292
4.05175 0.0951403
4.05541 0.0947614
4.06054 0.0958606
4.06493 0.0942008
4.06859 0.0938249
4.06872 0.0939533
4.07205 0.0932549
4.07578 0.0929447
4.07969 0.0928256
4.0847 0.0937993
4.09572 0.0915442
4.09585 0.0916726
4.10031 0.0920952
4.10422 0.0919732
4.10986 0.0935859
4.11409 0.0917666
4.11833 0.091967
4.12307 0.092675
4.12721 0.0927782
4.13173 0.0932635
4.13557 0.0930787
4.13993 0.0934046
4.14429 0.0937304
4.15035 0.0957565
4.15446 0.0938117
4.15766 0.092985
4.1619 0.0931824
4.16542 0.0926782
4.16991 0.0931324
4.17004 0.0932608
4.17357 0.0927565
4.17748 0.0926374
4.18114 0.0922586
4.18729 0.0871503
4.18742 0.0945073
4.19082 0.0926934
4.1953 0.0931447
4.20005 0.0938557
4.20389 0.0916478
4.20812 0.0918452
4.21197 0.0916605
4.21614 0.0917917
4.22069 0.0923116
4.22578 0.0933728
4.22989 0.0934418
4.23451 0.0940274
4.23976 0.095252
4.24457 0.0940119
4.24919 0.094594
4.25252 0.0938952
4.25714 0.0944778
4.26086 0.0941646
4.26503 0.0942964
4.26951 0.0947507
4.26964 0.0948791
4.27294 0.0941457
4.27885 0.0960151
4.27897 0.0961435
4.28295 0.0940704
4.28712 0.0942022
4.28942 0.0892816
4.29211 0.0960054
4.29577 0.0936069
4.29974 0.0935476
4.3041 0.0938705
4.30423 0.0939989
4.30788 0.0936201
4.31262 0.0943311
4.31689 0.0945626
4.32163 0.0952707
4.32176 0.0953991
4.32606 0.0956622
4.33099 0.0965643
4.33529 0.0948136
4.33965 0.0951424
4.34774 0.095158
4.35601 0.0953677
4.35954 0.0948634
4.36378 0.0950638
4.36993 0.0971871
4.37006 0.0973155
4.37404 0.0952424
4.37783 0.0949949
4.38155 0.0946817
4.38783 0.0969305
4.39014 0.0899931
4.39091 0.094797
4.39507 0.0949288
4.39854 0.0943589
4.40417 0.0959627
4.40732 0.0950733
4.41129 0.095014
4.41565 0.0953398
4.42184 0.0974942
4.4263 0.095903
4.43034 0.0959094
4.43383 0.0953705
4.43736 0.0948663
4.4457 0.0951387
4.44981 0.0952107
4.45379 0.0951572
4.45969 0.0970267
4.4645 0.0957837
4.4679 0.095151
4.47162 0.0948349
4.47566 0.0948442
4.47976 0.0949162
4.48368 0.0947971
4.48893 0.0960187
4.49381 0.0956798
4.49425 0.0961277
4.49733 0.0951726
4.50124 0.0950505
4.51134 0.0970765
4.51566 0.095354
4.51948 0.0951346
4.52384 0.0954575
4.52396 0.0955859
4.52775 0.0953384
4.53211 0.0956672
4.53603 0.0955481
4.54013 0.0956201
4.54398 0.0954353
4.54976 0.0971794
4.55412 0.0954914
4.55771 0.0950498
4.56124 0.0945456
4.5658 0.0950655
4.57003 0.0952629
4.57349 0.094693
4.57779 0.094959
4.58177 0.0949027
4.58798 0.0970858
4.58991 0.0897632
4.591 0.0948866
4.59535 0.0952095
4.60125 0.0970702
4.60503 0.0948001
4.60913 0.0948721
4.61336 0.0950695
4.6176 0.0952699
4.62298 0.0966229
4.62645 0.096053
4.63055 0.096122
4.63421 0.0957461
4.64794 0.0953577
4.65211 0.0954954
4.65621 0.0955674
4.65968 0.0950004
4.66366 0.094944
4.66815 0.0954011
4.67193 0.0951507
4.67783 0.0970202
4.68213 0.0952695
4.68528 0.09438
4.68944 0.0892999
4.69111 0.096178
4.6947 0.0945551
4.69861 0.0944331
4.70277 0.0945649
4.70322 0.0950128
4.7072 0.0949534
4.70733 0.0950818
4.71149 0.0952166
4.71592 0.0956081
4.71957 0.0952293
4.72413 0.0957521
4.72996 0.097553
4.73368 0.095223
4.73381 0.0953514
4.74145 0.0949191
4.74536 0.0948
4.75011 0.095514
4.75377 0.0951381
4.76179 0.0950939
4.76782 0.0970918
4.77584 0.0950221
4.77949 0.0946462
4.78373 0.0948466
4.78905 0.0961368
4.79329 0.0951618
4.7972 0.0950368
4.80175 0.0955567
4.80521 0.0949868
4.80964 0.0953783
4.81381 0.095513
4.81971 0.0973825
4.82414 0.0957602
4.82843 0.0960233
4.8319 0.0954533
4.83536 0.0948863
4.83998 0.0954719
4.84415 0.0956096
4.84826 0.0956845
4.85218 0.0955654
4.85776 0.0971154
4.86944 0.0946756
4.87342 0.0946192
4.87816 0.0953332
4.88176 0.0948946
4.88753 0.0966327
4.89016 0.0900149
4.89106 0.0949471
4.8949 0.0947594
4.89503 0.0948878
4.89875 0.0945747
4.90292 0.0947065
4.90926 0.0970209
4.91356 0.0952672
4.91748 0.0951481
4.92999 0.0955577
4.93383 0.0953729
4.93794 0.0954449
4.94211 0.0955826
4.9474 0.0968412
4.95587 0.0952282
4.9594 0.0947239
4.96383 0.0951154
4.96761 0.0948679
4.97185 0.0950654
4.97576 0.0949463
4.97974 0.0948899
4.98519 0.0963115
4.98923 0.094301
4.99032 0.090179
4.99359 0.0954653
4.99892 0.0967555
5.00315 0.0949392
5.00739 0.0951453
5.01085 0.0945724
5.01547 0.095158
5.01951 0.0951673
5.02804 0.0956337
5.03247 0.0960282
5.04563 0.0950634
5.0498 0.0952011
5.05339 0.0947596
5.05743 0.0947688
5.06096 0.0942646
5.0659 0.0951696
5.06949 0.0947281
5.07597 0.0971768
5.08014 0.0952977
5.08387 0.0949875
5.089 0.0960866
5.09709 0.0949268
5.10106 0.0948704
5.10523 0.0950081
5.10921 0.0949517
5.11331 0.0950208
5.1221 0.0957435
5.12807 0.0976757
5.1393 0.0947851
5.14321 0.094663
5.14796 0.0953799
5.152 0.0953892
5.15604 0.0953985
5.15957 0.0948942
5.16592 0.0972116
5.16971 0.0949473
5.1735 0.0946998
5.17754 0.0947091
5.18171 0.0948468
5.18748 0.0965849
5.19017 0.0900298
5.19081 0.0947053
5.19498 0.09484
5.19941 0.0952315
5.20325 0.0950438
5.20749 0.0952442
5.21166 0.0953789
5.21762 0.0973111
5.22179 0.095432
5.22622 0.0958265
5.22981 0.095382
5.23334 0.0948777
5.24611 0.0955446
5.25593 0.0972979
5.26004 0.0953561
5.26408 0.0953624
5.26748 0.0947297
5.27126 0.0944793
5.27556 0.0947454
5.27979 0.0949458
5.28403 0.0951491
5.28942 0.0965021
5.29352 0.0953986
5.29737 0.0952109
5.30129 0.0950918
5.30744 0.0972181
5.31148 0.0952076
5.31578 0.0954737
5.31925 0.0949038
5.32384 0.0954577
5.32816 0.0957519
5.33204 0.0955983
5.33602 0.0955448
5.34026 0.0957452
5.34552 0.0969727
5.35007 0.0954788
5.3536 0.0949716
5.35739 0.0947241
5.36117 0.0944766
5.3665 0.0957698
5.37388 0.0950807
5.37798 0.0951527
5.38382 0.0969595
5.38806 0.0951431
5.39133 0.0952204
5.3971 0.0969586
5.40121 0.0950138
5.40499 0.0947605
5.40903 0.0947668
5.41326 0.0949643
5.41749 0.0951676
5.42186 0.0954964
5.42629 0.0958908
5.43539 0.0969301
5.43962 0.0951108
5.44367 0.0951201
5.44755 0.0949694
5.45179 0.0951727
5.45961 0.0949345
5.46404 0.0953289
5.46796 0.0952098
5.47386 0.0970764
5.47835 0.0955168
5.48194 0.0950782
5.48733 0.0964341
5.49015 0.0900073
5.49092 0.0948112
5.49572 0.095582
5.49855 0.0943701
5.50284 0.0946303
5.50739 0.0951502
5.51137 0.0950938
5.5158 0.0954883
5.51965 0.0953035
5.5261 0.0977177
5.53337 0.0949116
5.53735 0.0948552
5.541 0.0944764
5.54582 0.095256
5.54986 0.0952619
5.55352 0.094886
5.55737 0.0947041
5.56378 0.0970842
5.56734 0.0945943
5.57112 0.0943438
5.5751 0.0942875
5.57921 0.0943595
5.58338 0.0944971
5.58896 0.0960412
5.58966 0.0895172
5.59274 0.0946124
5.59671 0.0945531
5.59684 0.0946815
5.60043 0.0942399
5.60486 0.0946285
5.60909 0.094826
5.61515 0.0968549
5.61951 0.095167
5.62343 0.0950479
5.62734 0.0949288
5.63106 0.0946127
5.6352 0.0947187
5.63917 0.0946594
5.64745 0.0948691
5.65277 0.0961564
5.65655 0.0938892
5.66021 0.0935133
5.66399 0.0932628
5.66765 0.092887
5.67124 0.0924454
5.67503 0.092195
5.67875 0.0918818
5.68369 0.0927898
5.68638 0.0862376
5.68875 0.092639
5.69118 0.091042
5.69509 0.090917
5.70112 0.092909
5.70452 0.0902566
5.70465 0.090385
5.70824 0.0899464
5.71209 0.0897616
5.71645 0.0900904
5.72088 0.0904819
5.72517 0.090745
5.72947 0.0910082
5.7337 0.0912056
5.73864 0.0921078
5.73876 0.0922362
5.74326 0.0906766
5.74659 0.0899782
5.75089 0.0902414
5.75429 0.0896087
5.75852 0.0898062
5.76224 0.0894959
5.76622 0.0894395
5.76994 0.0891264
5.77546 0.0906107
5.7786 0.0877015
5.78245 0.0875197
5.78328 0.0831409
5.78822 0.0900904
5.79168 0.0875037
5.79591 0.0877041
5.79957 0.0873247
5.80335 0.0870713
5.80771 0.0874001
5.81175 0.0874094
5.81675 0.0883772
5.82169 0.0892788
5.8272 0.0907602
5.83112 0.0886214
5.83458 0.0880485
5.83932 0.0887595
5.84343 0.0888315
5.84696 0.0883272
5.851 0.0883336
5.85472 0.0880204
5.85895 0.0882174
5.86434 0.0895733
5.86825 0.0874374
5.87184 0.0869959
5.87524 0.0863632
5.8805 0.0875907
5.88121 0.0810667
5.88454 0.0864187
5.88839 0.086231
5.89169 0.085501
5.89624 0.086018
5.90009 0.0858332
5.9042 0.0859052
5.90831 0.0859802
5.91529 0.0889336
5.91892 0.0865064
5.92295 0.0865098
5.9269 0.0864218
5.9317 0.0871926
5.93491 0.0863659
5.93933 0.0867545
5.94401 0.0873998
5.94703 0.086382
5.95299 0.0883142
5.95697 0.086241
5.9605 0.0857368
5.96403 0.0852325
5.96813 0.085304
5.97218 0.0853132
5.9777 0.0867975
5.98051 0.0803708
5.9816 0.0854942
5.98577 0.0856289
5.98943 0.0852501
5.99337 0.0851621
5.99786 0.0856134
6.0042 0.0879249
6.00844 0.0861144
6.01267 0.0863113
6.0128 0.0864397
6.01684 0.086446
6.02082 0.0863897
6.02512 0.0866557
6.02909 0.0865993
6.03339 0.0868595
6.03807 0.0875049
6.0439 0.0893058
6.04749 0.0868474
6.0507 0.0860237
6.05455 0.0858359
6.05814 0.0853973
6.06219 0.0854066
6.0661 0.0852875
6.07014 0.0852968
6.07399 0.085112
6.07996 0.0870442
6.08772 0.085559
6.09439 0.0881959
6.0983 0.08606
6.10215 0.0858752
6.10626 0.0859473
6.11062 0.086276
6.11507 0.0866957
6.1152 0.0868241
6.11892 0.086511
6.11905 0.0866393
6.12328 0.0868339
6.12758 0.087097
6.13296 0.088447
6.1377 0.0871413
6.14116 0.0865684
6.14469 0.0860641
6.1488 0.0861332
6.1522 0.0855005
6.15624 0.0855069
6.16021 0.0854505
6.16034 0.0855789
6.16426 0.0854598
6.17029 0.0874547
6.17452 0.0856383
6.17798 0.0850684
6.18093 0.0807868
6.18394 0.0878326
6.18785 0.0856908
6.19202 0.0858256
6.19593 0.0857006
6.20009 0.0858324
6.20381 0.0855158
6.20798 0.0856505
6.21224 0.085882
6.21682 0.0864301
6.22342 0.0889925
6.22695 0.0864714
6.23092 0.0864092
6.2347 0.0861587
6.23868 0.0861024
6.24234 0.0857235
6.24644 0.0857926
6.25003 0.085354
6.25452 0.0858082
6.26007 0.0873236
6.2643 0.0855073
6.26809 0.0852598
6.27213 0.0852661
6.27784 0.0869386
6.28078 0.0806403
6.28168 0.0855725
6.28636 0.0862149
6.28969 0.0855137
6.29398 0.0857739
6.29783 0.0855862
6.29796 0.0857145
6.30244 0.0861659
6.30572 0.0854048
6.31203 0.0876841
6.31658 0.0861873
6.32107 0.0866386
6.32478 0.0863225
6.3287 0.0862004
6.33216 0.0856276
6.33664 0.0860818
6.34049 0.085897
6.34421 0.0855839
6.35005 0.0873877
6.35466 0.0859496
6.35819 0.0854453
6.36217 0.0853889
6.36615 0.0853325
6.37031 0.0854673
6.37403 0.0851541
6.37974 0.0868266
6.38077 0.0806221
6.38403 0.0859084
6.38769 0.0855266
6.39166 0.0854703
6.39583 0.0856021
6.40185 0.087594
6.40698 0.0866735
6.4107 0.0863603
6.41564 0.0872595
6.41904 0.0866239
6.42396 0.0875202
6.42409 0.0876486
6.4282 0.0877176
6.43249 0.0879778
6.43621 0.0876647
6.44262 0.0900447
6.4466 0.0879687
6.45077 0.0881034
6.45455 0.0878559
6.45865 0.087925
6.46244 0.0876775
6.4661 0.0872986
6.46982 0.0869855
6.47373 0.0868664
6.4794 0.0885072
6.48171 0.0815699
6.48312 0.0870128
6.48748 0.0873357
6.49312 0.0889454
6.49703 0.0868037
6.50126 0.0869982
6.50472 0.0864283
6.50902 0.0866914
6.51408 0.0877219
6.51825 0.0878567
6.52344 0.0890092
6.52773 0.0892723
6.53363 0.0911359
6.53838 0.0898302
6.5385 0.0899586
6.54357 0.090992
6.54857 0.0919598
6.55287 0.0922229
6.55736 0.0926801
6.56153 0.0928149
6.56166 0.0929432
6.56589 0.0931436
6.57076 0.0939831
6.57769 0.0968796
6.58244 0.0955768
6.58558 0.0946844
6.58571 0.0948128
6.59 0.0898611
6.59097 0.0960345
6.59513 0.0949879
6.59904 0.0948629
6.60333 0.0951202
6.60763 0.0953833
6.61154 0.0952613
6.61583 0.0955244
6.61997 0.0956275
6.62414 0.0957622
6.63043 0.0980139
6.63392 0.0954583
6.6379 0.095402
6.64996 0.0953612
6.65361 0.0949853
6.65753 0.0948662
6.6617 0.0950039
6.66792 0.0971928
6.67247 0.095693
6.676 0.0951888
6.67998 0.0951324
6.68389 0.0950133
6.68934 0.096429
6.69357 0.0954481
6.69723 0.0950692
6.70133 0.0951383
6.70544 0.0952103
6.7098 0.0955362
6.71377 0.0954769
6.71954 0.097215
6.71967 0.0973434
6.72438 0.0960031
6.729 0.0965857
6.72913 0.0967141
6.7324 0.095953
6.74022 0.0957119
6.74439 0.0958496
6.74812 0.0955393
6.75203 0.0954202
6.7578 0.0971584
6.76242 0.0957272
6.76255 0.0958556
6.76999 0.0952263
6.77358 0.0947848
6.77788 0.0950508
6.78167 0.0948033
6.78756 0.0966669
6.79026 0.0901147
6.79116 0.095047
6.795 0.0948593
6.79923 0.0950567
6.80352 0.095314
6.80365 0.0954424
6.80913 0.0968892
6.81356 0.0952639
6.81773 0.0953987
6.82196 0.0955991
6.82655 0.096153
6.83046 0.096031
6.83456 0.096103
6.83867 0.096175
6.84233 0.0957991
6.84788 0.0973174
6.85597 0.0953192
6.85975 0.0950717
6.86789 0.0951471
6.87187 0.0950878
6.87569 0.0948714
6.87973 0.0948807
6.88563 0.0967502
6.88935 0.0944173
6.89345 0.0953219
6.89864 0.0964808
6.90326 0.0950466
6.9073 0.095053
6.9114 0.0951221
6.9157 0.0953852
6.91993 0.0955856
6.9282 0.0957923
6.9375 0.0970262
6.94212 0.095595
6.95361 0.0949809
6.95784 0.0951813
6.96137 0.094677
6.9658 0.0950685
6.96984 0.0950749
6.976 0.0972011
6.98062 0.0957699
6.98895 0.0960394
6.98959 0.0894497
6.99312 0.0949928
6.99716 0.0949991
7.00158 0.0953877
7.00556 0.0953373
7.00986 0.0955975
7.01377 0.0954754
7.01787 0.0955474
7.02217 0.0958135
7.02814 0.0977457
7.03244 0.095995
7.04816 0.0955813
7.05195 0.0953338
7.05592 0.0952774
7.05939 0.0947104
7.06625 0.0975408
7.07029 0.0955304
7.07414 0.0953456
7.07774 0.094907
7.08204 0.0951725
7.0873 0.0964
7.09916 0.0949869
7.1034 0.0951902
7.10808 0.0958356
7.11161 0.0953313
7.11744 0.0971322
7.12193 0.0955726
7.12656 0.0961611
7.1304 0.0959734
7.134 0.0955347
7.13785 0.09535
7.14201 0.0954847
7.1458 0.0952372
7.14997 0.0953749
7.15594 0.09731
7.16775 0.0949986
7.1721 0.0953245
7.17223 0.0954529
7.17557 0.0947546
7.17967 0.0948266
7.18372 0.0948358
7.18929 0.0963799
7.19353 0.0954049
7.19744 0.0952829
7.20136 0.0951637
7.20719 0.0969675
7.21143 0.0951482
7.21964 0.0952923
7.22387 0.0954927
7.23195 0.0955053
7.24558 0.0970393
7.25027 0.0956738
7.25406 0.0954263
7.25784 0.0951788
7.26188 0.0951881
7.26965 0.0948842
7.27369 0.0948935
7.27818 0.0953506
7.28389 0.097029
7.28857 0.0956576
7.29133 0.0952214
7.29704 0.0968968
7.30108 0.0948863
7.30121 0.0950147
7.30505 0.094827
7.30929 0.0950304
7.31391 0.095613
7.31808 0.0957477
7.32206 0.0956943
7.32661 0.0962171
7.33033 0.095904
7.3439 0.0953526
7.34403 0.095481
7.34801 0.0954275
7.35583 0.0951864
7.35956 0.0948761
7.36392 0.0952049
7.36777 0.0950231
7.3738 0.097018
7.37855 0.0957152
7.38227 0.095405
7.3874 0.0965041
7.39125 0.095141
7.39516 0.095016
7.39529 0.0951444
7.39875 0.0945744
7.40337 0.09516
7.40754 0.0952947
7.40767 0.0954231
7.41145 0.0951756
7.41588 0.0955701
7.41992 0.0955793
7.42595 0.0975772
7.43064 0.0962087
7.43404 0.0955761
7.44167 0.0951409
7.44975 0.0951565
7.44988 0.0952849
7.4536 0.0949746
7.45765 0.0949839
7.46406 0.097367
7.46811 0.0953595
7.47189 0.095109
7.47587 0.0950526
7.47997 0.0951247
7.48389 0.0950055
7.48902 0.0961017
7.49364 0.0955089
7.4971 0.0949361
7.5014 0.0952021
7.5055 0.0952712
7.50941 0.0951492
7.51531 0.0970186
7.52006 0.0957158
7.53183 0.0953837
7.54004 0.0955277
7.54793 0.0953552
7.55371 0.0970963
7.56199 0.0952892
7.57013 0.0953705
7.5736 0.0948005
7.57751 0.0946814
7.58213 0.095267
7.58758 0.0966856
7.59015 0.090005
7.59111 0.095
7.59124 0.0951284
7.59527 0.0951318
7.5954 0.0952602
7.59887 0.0946932
7.6099 0.0956386
7.61368 0.0953882
7.61766 0.0953348
7.62196 0.0956008
7.62645 0.096058
7.63081 0.0963868
7.63422 0.0957541
7.63877 0.096274
7.6439 0.0973732
7.64827 0.0956881
7.65205 0.0954406
7.65622 0.0955783
7.65988 0.0952024
7.66392 0.0952087
7.66732 0.0945761
7.67136 0.0945824
7.67572 0.0949112
7.68208 0.0972315
7.68548 0.0945821
7.68933 0.0943944
7.6951 0.0969709
7.69914 0.0949605
7.7033 0.0950923
7.70728 0.0950359
7.71145 0.0951706
7.71972 0.0953803
7.72428 0.0959002
7.72845 0.0960349
7.73371 0.0972625
7.7456 0.0950415
7.75375 0.0951228
7.75728 0.0946185
7.76132 0.0946278
7.76575 0.0950222
7.77191 0.0971455
7.78397 0.0950909
7.78923 0.0963155
7.79327 0.0951464
7.79706 0.094896
7.80155 0.0953532
7.80937 0.095112
7.81361 0.0953124
7.81765 0.0953188
7.82342 0.0970598
7.82823 0.0958198
7.83182 0.0953782
7.83529 0.0948112
7.83894 0.0944324
7.84382 0.0952718
7.84703 0.094448
7.85055 0.0939408
7.85446 0.0938187
7.85915 0.09447
7.86287 0.09214
7.86601 0.0912506
7.86941 0.090615
7.87224 0.089406
7.87557 0.0887077
7.88019 0.0892903
7.88256 0.0824186
7.88352 0.0874136
7.88762 0.0874798
7.88999 0.085817
7.89012 0.0859454
7.89378 0.0855666
7.89766 0.0854129
7.90375 0.0874706
7.9083 0.0859767
7.91228 0.0859203
7.9167 0.0863089
7.92042 0.0859957
7.92395 0.0854914
7.92799 0.0854978
7.93229 0.0857609
7.93633 0.0857672
7.94229 0.0876965
7.94653 0.0858801
7.95006 0.0853758
7.95441 0.0857017
7.95801 0.0852631
7.96212 0.0853351
7.96641 0.0856011
7.97007 0.0852253
7.97424 0.08536
7.97937 0.0864591
7.9795 0.0865875
7.98059 0.0804487
7.98386 0.085735
7.98752 0.0853562
7.99393 0.0857195
7.9979 0.0856602
8.00172 0.0854408
8.00586 0.08555
8.00599 0.0856784
8.01003 0.0856847
8.01016 0.0858131
8.01452 0.086139
8.01804 0.0856318
8.02215 0.0857038
8.026 0.085519
8.03215 0.0876394
8.03613 0.0855662
8.04036 0.0857637
8.04402 0.0853878
8.04825 0.0855882
8.05191 0.0852123
8.05595 0.0852187
8.06006 0.0852936
8.0641 0.0853029
8.07013 0.0873007
8.07437 0.0854873
8.07796 0.0850458
8.08784 0.0856775
8.09194 0.0857495
8.09573 0.0854991
8.09989 0.0856333
8.10381 0.0855142
8.10795 0.0856203
8.11218 0.0858177
8.11647 0.0860779
8.12211 0.0876847
8.12637 0.085896
8.13003 0.0855172
8.13426 0.0857146
8.1383 0.0857181
8.14208 0.0854676
8.14637 0.0857278
8.15016 0.0854803
8.15433 0.085615
8.15446 0.0857434
8.16017 0.0874218
8.16421 0.0854143
8.16825 0.0854236
8.17217 0.0853045
8.17762 0.0867231
8.1807 0.0805532
8.18242 0.0863156
8.18595 0.0858083
8.18973 0.085555
8.19403 0.0858181
8.19794 0.0856955
8.20229 0.0860179
8.20659 0.086284
8.21218 0.0858142
8.21718 0.086782
8.22141 0.0869795
8.22526 0.0867947
8.22917 0.0866727
8.23244 0.0859087
8.23635 0.0857867
8.24103 0.086432
8.24449 0.0858621
8.25013 0.0874718
8.25424 0.0855271
8.25803 0.0852796
8.26213 0.0853516
8.26226 0.08548
8.26611 0.0852981
8.27035 0.0854985
8.27426 0.0853765
8.37645 0.0803456
8.3778 0.184887
8.38081 0.0806715
8.38222 0.0861143
8.38562 0.0854787
8.3895 0.0853221
8.3938 0.0855882
8.39803 0.0857857
8.40156 0.0852784
8.40861 0.0883005
8.41271 0.0863528
8.41284 0.0864812
8.41733 0.0869325
8.42181 0.0873867
8.42582 0.0873614
8.42993 0.0874305
8.43326 0.0867293
8.4378 0.0872422
8.44124 0.0866407
8.44732 0.0886954
8.45053 0.0858519
8.45483 0.0861121
8.45855 0.0858019
8.46253 0.0857455
8.46618 0.0853696
8.4701 0.0852505
8.4742 0.0853196
8.47959 0.0866755
8.481 0.0808562
8.4842 0.0860768
8.48798 0.0858234
8.4917 0.0855073
8.4983 0.0880727
8.49843 0.0882011
8.50259 0.0863161
8.50682 0.0865135
8.51138 0.0870335
8.51535 0.0869741
8.51997 0.0875568
8.52375 0.0873034
8.52779 0.0873097
8.53144 0.0869309
8.53766 0.089117
8.54215 0.0875515
8.54574 0.0871099
8.54997 0.0873074
8.55363 0.0869315
8.55741 0.0866811
8.56142 0.0866558
8.56533 0.0865367
8.56893 0.0860951
8.57457 0.0877049
8.57797 0.0850555
8.5806 0.0804544
8.58175 0.0856434
8.58841 0.0882715
8.59233 0.0861327
8.59675 0.0865213
8.60117 0.0869069
8.60463 0.086337
8.60864 0.0863087
8.61293 0.0865719
8.6178 0.0874054
8.62184 0.0874088
8.62851 0.0900457
8.63274 0.0882264
8.63684 0.0882954
8.64107 0.0884958
8.64531 0.0886933
8.64922 0.0885713
8.65236 0.0876818
8.65653 0.0878166
8.66032 0.0875691
8.66583 0.0890504
8.66981 0.0869773
8.67366 0.0867925
8.67911 0.0882111
8.68129 0.0811454
8.6827 0.0865883
8.68718 0.0870366
8.68763 0.0874845
8.69032 0.0861443
8.69429 0.0860849
8.69801 0.0857688
8.70256 0.0862829
8.70269 0.0864113
8.70641 0.0860981
8.71026 0.0859133
8.71782 0.0894401
8.72275 0.0883226
8.72724 0.0887797
8.73262 0.0901298
8.73657 0.0900388
8.74061 0.0900452
8.74599 0.0913952
8.74991 0.0912761
8.75446 0.091796
8.76183 0.0951376
8.76555 0.0928076
8.77075 0.0939665
8.77479 0.0939758
8.7796 0.0947525
8.78377 0.0948902
8.78954 0.0966254
8.79339 0.0952593
8.79736 0.0952029
8.80172 0.0955288
8.80551 0.0952813
8.80948 0.095222
8.81609 0.0977932
8.82013 0.0957828
8.82443 0.0960488
8.83245 0.0960017
8.8363 0.0958169
8.8404 0.0958889
8.84419 0.0956414
8.84778 0.0952028
8.8618 0.0951017
8.86571 0.0949797
8.86975 0.094986
8.87354 0.0947385
8.87745 0.0946194
8.88194 0.0950766
8.8879 0.0970059
8.8913 0.0951948
8.89502 0.0948787
8.89926 0.0950791
8.90567 0.0974563
8.90964 0.0953802
8.91432 0.0960256
8.91797 0.0956462
8.92221 0.0958466
8.92669 0.0963003
8.93048 0.0960499
8.93407 0.0956084
8.93805 0.095552
8.94427 0.0977404
8.95647 0.0958201
8.96 0.0953158
8.96384 0.0951281
8.96801 0.0952658
8.9716 0.0948242
8.97568 0.0948646
8.98607 0.0951716
8.98915 0.0942164
8.99543 0.0973036
8.99908 0.094908
9.00395 0.0957416
9.00761 0.0953689
9.00774 0.0954973
9.01582 0.09551
9.01999 0.0956447
9.0239 0.0955256
9.02878 0.096365
9.03448 0.0980399
9.03898 0.0964803
9.04257 0.0960417
9.04655 0.0959883
9.05396 0.0953332
9.05768 0.0950201
9.0616 0.094901
9.06564 0.0949073
9.07186 0.0970963
9.07597 0.0951545
9.08001 0.0951637
9.08393 0.0950446
9.08963 0.0967201
9.09772 0.0955602
9.10163 0.0954382
9.10952 0.0952598
9.11381 0.09552
9.11394 0.0956484
9.11782 0.0954947
9.1245 0.0981345
9.12879 0.0963809
9.13264 0.096199
9.13694 0.0964651
9.14054 0.0960235
9.14814 0.0955626
9.15218 0.0955718
9.15603 0.0953841
9.16193 0.0972536
9.16591 0.0951775
9.17389 0.0950959
9.17806 0.0952335
9.18178 0.0949204
9.18832 0.097423
9.19159 0.0954836
9.1955 0.0953615
9.19999 0.0958157
9.20012 0.0959441
9.20345 0.0952429
9.20724 0.0949924
9.21429 0.0980115
9.21788 0.0955532
9.22288 0.096521
9.22705 0.0966587
9.23109 0.096665
9.23456 0.0960951
9.2386 0.0961044
9.24206 0.0955344
9.24604 0.095481
9.25233 0.0977386
9.25625 0.0956027
9.25991 0.0952268
9.26421 0.0954929
9.26825 0.0955021
9.27171 0.0949293
9.2755 0.0946818
9.27999 0.0951389
9.28377 0.0948914
9.28941 0.0964983
9.29371 0.0955801
9.29383 0.0957085
9.29711 0.0949474
9.30409 0.0978979
9.30775 0.0955053
9.31166 0.0953832
9.31609 0.0957747
9.32391 0.0955306
9.32827 0.0958594
9.33591 0.0954272
9.34604 0.0954773
9.35381 0.0951764
9.35772 0.0950573
9.36131 0.0946157
9.36574 0.0950102
9.3701 0.095336
9.3735 0.0947004
9.38036 0.0975343
9.38402 0.0951387
9.38748 0.0945687
9.3903 0.0901588
9.39351 0.0973991
9.39774 0.0955798
9.39787 0.0957082
9.40216 0.0959713
9.40941 0.095148
9.41377 0.0954739
9.41787 0.0955459
9.42172 0.0953577
9.43627 0.0957964
9.44038 0.0958684
9.44436 0.095812
9.45186 0.0952514
9.4561 0.0954518
9.45931 0.094628
9.4638 0.0950851
9.46977 0.0970203
9.47355 0.0947531
9.47779 0.0949564
9.48189 0.0950284
9.48766 0.0967666
9.49023 0.090083
9.49138 0.0952721
9.49529 0.09515
9.49542 0.0952784
9.49895 0.0947742
9.50356 0.0953539
9.50761 0.0953631
9.51171 0.0954322
9.51575 0.0954415
9.52243 0.0980813
9.53102 0.0965937
9.53462 0.0961551
9.53834 0.0958419
9.54617 0.0956037
9.55002 0.0954219
9.55377 0.0951428
9.55993 0.097269
9.56385 0.0951331
9.56789 0.0951424
9.57187 0.095086
9.57584 0.0950297
9.57956 0.0947165
9.5838 0.0949198
9.58944 0.0965296
9.59028 0.090134
9.59361 0.0954859
9.5974 0.0952355
9.60112 0.0949223
9.60528 0.0950571
9.61195 0.097691
9.61599 0.0956806
9.62003 0.0956899
9.62837 0.0959593
9.6285 0.0960877
9.63575 0.0952703
9.63985 0.0953394
9.64377 0.0952203
9.65384 0.0952106
9.65737 0.0947063
9.6616 0.0949067
9.66565 0.094916
9.66994 0.0951792
9.6736 0.0948033
9.67777 0.0949409
9.68181 0.0949502
9.68836 0.0974587
9.69131 0.0951998
9.69529 0.0951434
9.69573 0.0955913
9.70173 0.0975575
9.7059 0.0956755
9.70994 0.0956818
9.7143 0.0960106
9.71809 0.0957602
9.72194 0.0955783
9.72662 0.0962266
9.73054 0.0961075
9.73381 0.0953465
9.74426 0.0957191
9.74824 0.0956656
9.7564 0.0957499
9.75948 0.0947977
9.76378 0.0950637
9.77173 0.0949539
9.77828 0.0974624
9.782 0.0951354
9.78489 0.0939892
9.78989 0.0897421
9.79136 0.0964291
9.79572 0.0955736
9.79982 0.0956456
9.8038 0.0955892
9.80778 0.0955328
9.81618 0.095868
9.81958 0.0952353
9.82375 0.09537
9.83036 0.0979442
9.83837 0.0958774
9.84235 0.0958239
9.84627 0.0957048
9.8498 0.0952005
9.85365 0.0950187
9.85743 0.0947712
9.86161 0.0949089
9.8677 0.0969695
9.87174 0.094959
9.88008 0.0952344
9.88419 0.0953093
9.88958 0.0966623
9.89381 0.0956843
9.89747 0.0953055
9.90151 0.0953148
9.90555 0.0953241
9.90959 0.0953275
9.90972 0.0954559
9.9135 0.0952054
9.91998 0.0976512
9.92408 0.0957064
9.92838 0.0959696
9.93232 0.0958786
9.9474 0.0948195
9.95176 0.0951483
9.96158 0.0948819
9.96594 0.0952136
9.9739 0.0951008
9.97756 0.094725
9.98185 0.094991
9.98789 0.0969889

