% time_sec delay_sec
1.15082 0.0507334
1.15082 0.0507334
1.25087 0.0507851
1.35088 0.0507945
1.44949 0.353411
1.4508 0.0507162
1.55064 0.0505557
1.65066 0.0505736
1.75065 0.0505625
1.75225 0.353503
1.85066 0.0505677
1.95102 0.250261
1.953 0.0528942
1.95496 0.0568638
1.959 0.056875
2.05106 0.144897
2.05211 0.0520019
2.05583 0.0577355
2.05957 0.0574485
2.06357 0.0574152
2.06764 0.0574477
2.07168 0.057453
2.07568 0.0574227
2.07985 0.0575604
2.08396 0.0576294
2.08408 0.0577578
2.08975 0.0573779
2.09495 0.0585398
2.09912 0.0586775
2.10374 0.059263
2.10855 0.0600427
2.11375 0.0612045
2.11773 0.0611481
2.12528 0.064672
2.12887 0.0642275
2.13541 0.066736
2.14022 0.0654959
2.14497 0.0662099
2.14959 0.0667954
2.15383 0.0669988
2.15883 0.0679695
2.16332 0.0672483
2.16698 0.0668724
2.1707 0.0665563
2.17487 0.066694
2.17904 0.0668287
2.18494 0.0686982
2.18917 0.0668789
2.19365 0.0673273
2.19686 0.0665005
2.20115 0.0667607
2.20487 0.0664446
2.2093 0.0668361
2.2141 0.0676099
2.21757 0.0670429
2.22232 0.0677568
2.23232 0.0676786
2.23572 0.0670459
2.24439 0.0676408
2.24792 0.0671365
2.2519 0.0670831
2.25568 0.0668356
2.26069 0.0678063
2.26479 0.0666999
2.26922 0.0670915
2.27493 0.0687669
2.27897 0.0667594
2.28744 0.0671602
2.29526 0.0669132
2.29897 0.0665971
2.3034 0.0669856
2.30699 0.0665412
2.31115 0.0666759
2.31756 0.0670363
2.32629 0.0676939
2.33001 0.0673772
2.33379 0.0671297
2.33809 0.0673929
2.3413 0.0665661
2.34547 0.0667038
2.34989 0.0670983
2.35535 0.0685198
2.35849 0.0656136
2.36459 0.0685126
2.36921 0.0670814
2.37306 0.0668966
2.37704 0.0668432
2.38108 0.0668525
2.38499 0.0667334
2.3889 0.0666113
2.39301 0.0666833
2.39692 0.0665613
2.40359 0.0691952
2.40731 0.0668653
2.41154 0.0670598
2.41571 0.0671975
2.41956 0.0670122
2.42392 0.067341
2.43193 0.067288
2.43206 0.0674164
2.43501 0.0663358
2.44567 0.0689193
2.45003 0.0672342
2.45427 0.0674375
2.45908 0.0682172
2.46299 0.0669197
2.46678 0.0666722
2.47082 0.0666815
2.47506 0.0668819
2.47884 0.0666344
2.48289 0.0666436
2.48725 0.0669724
2.49353 0.0692212
2.4968 0.0664404
2.50097 0.0665752
2.50507 0.0666442
2.50911 0.0666506
2.51335 0.066851
2.52168 0.0671229
2.52598 0.0673889
2.53548 0.0667971
2.53978 0.0670632
2.54401 0.0672607
2.54734 0.0665653
2.55177 0.0669597
2.55543 0.0665838
2.56076 0.067877
2.56486 0.0667707
2.56865 0.0665232
2.57307 0.0669147
2.57699 0.0667956
2.58302 0.0687934
2.58732 0.0670398
2.59084 0.0665326
2.59488 0.0665389
2.59873 0.0663541
2.60322 0.0668113
2.6072 0.0667549
2.61124 0.0667613
2.61567 0.0671557
2.62587 0.0672745
2.63004 0.0674092
2.63369 0.0670304
2.64207 0.0673368
2.64938 0.0665851
2.65355 0.0667198
2.65849 0.0676278
2.66272 0.0666498
2.66683 0.0667248
2.67312 0.0689765
2.6771 0.0669063
2.68095 0.0667215
2.68499 0.0667308
2.68897 0.0666744
2.69294 0.0666151
2.69672 0.0663647
2.70109 0.0666934
2.70506 0.0666341
2.71109 0.068629
2.71571 0.0671978
2.71943 0.0668847
2.72411 0.0675359
2.72822 0.0676079
2.73233 0.0676799
2.73926 0.066543
2.7474 0.0666243
2.75369 0.0668621
2.7628 0.0679078
2.7671 0.0669955
2.77089 0.066748
2.775 0.06682
2.77891 0.0667009
2.78295 0.0667102
2.78712 0.0668449
2.79078 0.0664661
2.79456 0.0662157
2.80104 0.0686585
2.80501 0.0665824
2.80931 0.0668455
2.81341 0.0669175
2.81745 0.0669268
2.82166 0.0670956
2.82531 0.0667197
2.82942 0.0667917
2.83327 0.066604
2.83923 0.0685391
2.8436 0.0668512
2.84758 0.0667977
2.85162 0.066807
2.85547 0.0666222
2.86067 0.067787
2.86259 0.0624813
2.86458 0.0664866
2.87304 0.0668845
2.87696 0.0667653
2.88074 0.0665178
2.88504 0.0667839
2.89107 0.0687788
2.89524 0.0668968
2.89877 0.0663896
2.90313 0.0667184
2.90717 0.0667277
2.91115 0.0666683
2.91525 0.0667403
2.91942 0.066878
2.92417 0.067592
2.93065 0.0700348
2.93379 0.0671286
2.93815 0.0674574
2.942 0.0672755
2.9497 0.0669089
2.95349 0.0666614
2.95862 0.0677605
2.96279 0.0667198
2.97069 0.0665444
2.97492 0.0667448
2.98082 0.0686142
2.98531 0.0670546
2.9891 0.0668071
2.99288 0.0665567
2.99686 0.0665003
3.00122 0.0668291
3.00508 0.0666499
3.00918 0.0667219
3.01354 0.0670507
3.01935 0.0688228
3.02378 0.0671976
3.0282 0.0675891
3.02833 0.0677175
3.03192 0.0672789
3.04389 0.0671398
3.0471 0.066316
3.05191 0.0670956
3.05531 0.066463
3.06044 0.0655453
3.06057 0.0656737
3.06243 0.062322
3.06474 0.0666498
3.07077 0.0686476
3.07494 0.0667685
3.07899 0.0667778
3.0831 0.0668528
3.08714 0.0668621
3.09477 0.0664298
3.09888 0.0665047
3.1035 0.0670932
3.10954 0.0690911
3.11357 0.0670807
3.1173 0.0667704
3.12173 0.0671649
3.13 0.0673716
3.1334 0.066739
3.13719 0.0664915
3.14116 0.0664321
3.14758 0.0688147
3.15175 0.0669356
3.1556 0.0667537
3.16048 0.0675961
3.1624 0.0622903
3.16458 0.0664897
3.16875 0.0666274
3.1769 0.0667087
3.1812 0.0669747
3.18486 0.0665988
3.1889 0.0666052
3.19339 0.0670653
3.1991 0.0687407
3.20333 0.0669214
3.20731 0.066865
3.21122 0.066743
3.21526 0.0667523
3.21943 0.0668899
3.22344 0.0668647
3.22793 0.0673218
3.23191 0.0672655
3.23781 0.0691349
3.24564 0.0668799
3.24975 0.0669549
3.25386 0.0670269
3.2588 0.0679349
3.26271 0.0666374
3.27086 0.0667187
3.27484 0.0666623
3.27875 0.0665432
3.2828 0.0665525
3.28908 0.0688042
3.29299 0.0666625
3.29664 0.0662807
3.30107 0.0666722
3.30498 0.0665502
3.30934 0.066876
3.31319 0.0666912
3.31722 0.0666971
3.32178 0.0672199
3.32826 0.0696627
3.33191 0.0672671
3.33564 0.0669569
3.33955 0.0668349
3.34715 0.066368
3.35151 0.0666968
3.35504 0.0661925
3.45634 0.0602688
3.45711 0.164234
3.55279 0.0567124
3.55381 0.15774
3.65119 0.0551154
3.65382 0.155729
3.65395 0.155857
3.6553 0.0551874
3.65927 0.0611813
3.66364 0.0594933
3.66761 0.0594369
3.67114 0.0589326
3.67524 0.0590017
3.67537 0.0591301
3.67935 0.0590737
3.68365 0.0593368
3.68768 0.0593403
3.69128 0.0588987
3.6975 0.0610847
3.70268 0.060224
3.70576 0.0592688
3.71012 0.0595942
3.71461 0.0600484
3.71474 0.0601768
3.7191 0.0605027
3.72448 0.0618498
3.72461 0.0619782
3.72845 0.0617875
3.73326 0.0625613
3.73929 0.0645562
3.74352 0.0627398
3.7482 0.0633852
3.75217 0.0633258
3.75647 0.0635919
3.75878 0.0586713
3.76073 0.0626421
3.76484 0.0627171
3.76875 0.062595
3.77292 0.0627297
3.77684 0.0626106
3.78113 0.0628738
3.78473 0.0624351
3.79075 0.0644213
3.79466 0.0622795
3.79972 0.0633071
3.80286 0.0624147
3.80683 0.0623554
3.81139 0.0628753
3.81555 0.06301
3.82049 0.0639122
3.82485 0.064238
3.83119 0.0665495
3.83581 0.0651183
3.8396 0.0648679
3.84399 0.0652278
3.84906 0.0662612
3.85278 0.0659481
3.85772 0.0668532
3.86105 0.0609429
3.86188 0.0658095
3.86599 0.0658815
3.87022 0.066079
3.8749 0.0667273
3.87875 0.0665425
3.87888 0.0666709
3.8844 0.0681552
3.88863 0.0663359
3.89286 0.0665304
3.89299 0.0666588
3.89587 0.0655096
3.90036 0.0659639
3.90452 0.0660957
3.90901 0.0665494
3.91324 0.0667469
3.91754 0.06701
3.92414 0.0695812
3.93097 0.0663238
3.93514 0.0664615
3.93912 0.0664051
3.94338 0.0666337
3.94351 0.0667621
3.94732 0.0665457
3.95111 0.0662982
3.95573 0.0668837
3.95996 0.0670841
3.96176 0.06165
3.96426 0.066166
3.96862 0.0664947
3.97369 0.0675282
3.97747 0.0652639
3.98158 0.065333
3.98574 0.0654677
3.98908 0.0647665
3.99356 0.0652178
3.99689 0.0645165
3.99734 0.0649644
4.00157 0.0651619
4.0051 0.0646603
4.01107 0.0665896
4.01575 0.0652211
4.01985 0.0652902
4.02373 0.065133
4.02866 0.0660352
4.03232 0.0656558
4.037 0.0663041
4.04033 0.0656058
4.04495 0.0661914
4.05175 0.0689566
4.05496 0.0661131
4.05804 0.065158
4.06131 0.0611989
4.06352 0.0674432
4.06365 0.0675716
4.0675 0.065373
4.07115 0.0649942
4.07513 0.0649407
4.07892 0.0646932
4.08277 0.0645114
4.08662 0.0643266
4.09046 0.064136
4.09418 0.0638228
4.10031 0.0659116
4.10409 0.0636444
4.10749 0.0630117
4.11159 0.0630837
4.11576 0.0632184
4.12147 0.064888
4.12567 0.0650538
4.12579 0.0651822
4.12945 0.0648034
4.13365 0.0649722
4.13955 0.0668358
4.14404 0.0652732
4.14416 0.0654016
4.14798 0.0651852
4.15176 0.0649348
4.15689 0.066031
4.16068 0.0605686
4.16106 0.0649874
4.16119 0.0651157
4.16478 0.0646742
4.16889 0.0647462
4.17267 0.0644958
4.17646 0.0642483
4.18037 0.0641262
4.18435 0.0640728
4.19082 0.0665097
4.1953 0.0649443
4.198 0.063604
4.20159 0.063159
4.20607 0.0636103
4.2062 0.0637387
4.20992 0.0634255
4.21453 0.0640052
4.21864 0.0640738
4.22293 0.0643369
4.22989 0.0672582
4.23425 0.0655702
4.23855 0.0658333
4.24214 0.0653918
4.24656 0.0657828
4.2506 0.0657891
4.25451 0.0656666
4.2599 0.0670195
4.26201 0.0619049
4.26394 0.0658446
4.26804 0.0659166
4.27195 0.0657916
4.27647 0.0662794
4.28167 0.0674412
4.28699 0.0667117
4.29058 0.0662673
4.29365 0.0653092
4.29775 0.0653753
4.30288 0.0664686
4.30666 0.0662182
4.31064 0.0661589
4.31442 0.0659084
4.31455 0.0660368
4.32163 0.069087
4.32593 0.0673334
4.32939 0.0667605
4.33292 0.0662562
4.33754 0.0668418
4.34196 0.0672333
4.34568 0.0669201
4.34979 0.0669951
4.35383 0.0670044
4.35864 0.067781
4.36269 0.066612
4.36692 0.0668124
4.37276 0.0686132
4.37693 0.0667341
4.38078 0.0665494
4.38539 0.0671349
4.38898 0.0666904
4.39347 0.0671417
4.39668 0.066315
4.40116 0.0667693
4.40129 0.0668977
4.4052 0.0667727
4.41116 0.0687019
4.41578 0.0672678
4.41892 0.0663754
4.42344 0.0668637
4.42854 0.0679283
4.4321 0.0674551
4.43576 0.0670792
4.43929 0.0665749
4.44377 0.0670292
4.44968 0.0688986
4.45366 0.0668284
4.45603 0.0651686
4.46206 0.0619546
4.46302 0.0681279
4.46694 0.0668275
4.47033 0.0661919
4.4747 0.0665207
4.4788 0.0665927
4.48265 0.0664079
4.48765 0.0673728
4.49105 0.0667401
4.49522 0.0668719
4.50124 0.0688669
4.5089 0.0664396
4.51297 0.0664771
4.5131 0.0666054
4.518 0.067476
4.52319 0.0686319
4.52563 0.0670378
4.52993 0.0673009
4.53378 0.0671191
4.54411 0.0673633
4.54745 0.0666679
4.55123 0.0664204
4.55566 0.0668149
4.56021 0.0673348
4.56464 0.0665479
4.56477 0.0666763
4.56932 0.0671962
4.56977 0.0676441
4.57272 0.0665606
4.57702 0.0668267
4.58087 0.0666419
4.58574 0.0674813
4.59125 0.0689597
4.59459 0.0662417
4.5983 0.0659227
4.59843 0.0660511
4.60323 0.0668219
4.60721 0.0667626
4.61137 0.0668973
4.6158 0.0672888
4.61939 0.0668502
4.62439 0.0678151
4.63042 0.06981
4.63408 0.0674173
4.63799 0.0672953
4.64158 0.0668537
4.64556 0.0668003
4.64999 0.0671947
4.65352 0.0666905
4.65878 0.067918
4.66224 0.0621361
4.66263 0.0665548
4.66693 0.0668209
4.67052 0.0663793
4.67482 0.0666425
4.68111 0.0688971
4.68541 0.0671464
4.68912 0.0668303
4.69341 0.0670876
4.69636 0.066004
4.70092 0.066524
4.70508 0.0666558
4.70931 0.0668532
4.71316 0.0666655
4.71329 0.0667939
4.71944 0.0689172
4.72387 0.0672949
4.72842 0.0678119
4.73163 0.0669881
4.73561 0.0669317
4.73952 0.0668126
4.74356 0.0668189
4.74767 0.0668939
4.75165 0.0668375
4.75614 0.0672947
4.76076 0.0658664
4.76474 0.0666484
4.77064 0.0685179
4.77475 0.0665702
4.77859 0.0663854
4.78277 0.0665231
4.78751 0.0672341
4.79111 0.0667955
4.79578 0.0674409
4.79899 0.0666171
4.80342 0.0670057
4.80938 0.0689378
4.81381 0.0673126
4.81734 0.0668083
4.82151 0.066946
4.82581 0.067212
4.82998 0.0673468
4.83344 0.0667768
4.83761 0.0669145
4.84184 0.0671149
4.84814 0.0693725
4.85205 0.0672366
4.85564 0.066798
4.86039 0.0675119
4.8645 0.0664056
4.86873 0.0666089
4.87303 0.066872
4.87688 0.0666902
4.88086 0.0666338
4.8849 0.0666431
4.88901 0.0667122
4.89272 0.0663961
4.89862 0.0682626
4.90336 0.0669539
4.90677 0.0663213
4.911 0.0665187
4.91934 0.0667911
4.92344 0.0668626
4.92806 0.0674482
4.92819 0.0675766
4.93178 0.067135
4.93191 0.0672634
4.93768 0.0690045
4.94198 0.0672538
4.94965 0.0668526
4.95376 0.0669276
4.9585 0.0676415
4.96248 0.0623732
4.96274 0.0666636
4.96672 0.0666072
4.97031 0.0661656
4.97473 0.0665571
4.97871 0.0665008
4.98295 0.0667041
4.9891 0.0688274
4.99346 0.0671365
4.99635 0.0659903
5.00033 0.0659339
5.00495 0.0665252
5.0095 0.0670421
5.01348 0.0669858
5.01739 0.0668667
5.02182 0.0672611
5.02817 0.0695785
5.03607 0.0673891
5.0394 0.0666908
5.0437 0.0669539
5.04755 0.0667721
5.05134 0.0665246
5.05563 0.0667877
5.06019 0.0673106
5.0625 0.06239
5.06462 0.0665237
5.06853 0.0664046
5.07257 0.0664139
5.07886 0.0686685
5.08284 0.0665983
5.08701 0.066736
5.09106 0.0667453
5.09497 0.0666262
5.09895 0.0665698
5.10331 0.0668986
5.10716 0.0667167
5.11101 0.066529
5.11774 0.0692281
5.1221 0.0675431
5.12647 0.0678718
5.12948 0.066854
5.13352 0.0668604
5.13757 0.0668696
5.14148 0.0667476
5.14526 0.0665001
5.14982 0.0670229
5.15553 0.0687013
5.1588 0.0659235
5.16265 0.0625435
5.16291 0.0668339
5.16888 0.068769
5.17273 0.0665675
5.17677 0.0665767
5.18081 0.066586
5.18485 0.0665953
5.18902 0.0667271
5.19287 0.0665394
5.19671 0.0663546
5.20095 0.0665521
5.20107 0.0666805
5.20736 0.0689322
5.21153 0.0670501
5.21538 0.0668654
5.2191 0.0665522
5.22352 0.0669467
5.22865 0.0680428
5.23167 0.067025
5.23539 0.0667148
5.23956 0.0668495
5.24572 0.0689758
5.25362 0.0667864
5.25888 0.0680169
5.26273 0.0626202
5.26311 0.0670389
5.26671 0.0665974
5.2703 0.0661558
5.27466 0.0664846
5.27864 0.0664282
5.28313 0.0668883
5.28724 0.0669603
5.29121 0.066904
5.29737 0.0690273
5.30116 0.066763
5.30488 0.0664498
5.3095 0.0670354
5.31347 0.066979
5.31752 0.0669883
5.32198 0.0674139
5.32566 0.0670691
5.32986 0.0672349
5.33577 0.0691044
5.33987 0.0671596
5.34744 0.0666646
5.35174 0.0669307
5.35553 0.0666803
5.36015 0.0672658
5.3649 0.0668044
5.36926 0.0671331
5.37298 0.06682
5.37715 0.0669577
5.38106 0.0668385
5.3871 0.0688364
5.39107 0.0667633
5.39479 0.0664501
5.39877 0.0663937
5.40351 0.0671018
5.40685 0.0664035
5.41121 0.0667293
5.41544 0.0669297
5.41936 0.0668106
5.42616 0.0695788
5.43045 0.0678252
5.43347 0.0668039
5.43821 0.0675149
5.44148 0.0667538
5.44537 0.0666031
5.44986 0.0670632
5.45377 0.0669441
5.45872 0.0678521
5.46295 0.0668771
5.46706 0.0669491
5.47072 0.0665732
5.47681 0.0686338
5.48104 0.0668174
5.4849 0.0666356
5.489 0.0667046
5.49291 0.0665826
5.49707 0.0667115
5.50117 0.0667805
5.50496 0.0665301
5.50925 0.0667932
5.51965 0.0671031
5.52366 0.0670778
5.53167 0.0670278
5.53543 0.0667487
5.53934 0.0666266
5.54338 0.066633
5.54749 0.0667079
5.55339 0.0685739
5.55595 0.0650914
5.56064 0.0657427
5.56147 0.0613638
5.56644 0.0683503
5.57003 0.065892
5.57016 0.0660204
5.57433 0.0661551
5.57818 0.0659703
5.58235 0.066108
5.58703 0.0667563
5.59062 0.0663118
5.59492 0.0665749
5.59806 0.0656825
5.60447 0.0680597
5.60896 0.0664972
5.61268 0.066184
5.61675 0.0662244
5.62144 0.0668756
5.62561 0.0670133
5.62933 0.0666972
5.63301 0.0663524
5.63802 0.0673202
5.64334 0.0686105
5.64732 0.0665403
5.65187 0.0670572
5.65501 0.0661648
5.65931 0.0664309
5.66091 0.0608056
5.66322 0.0651305
5.66669 0.0645635
5.67034 0.0641847
5.67413 0.0639342
5.67823 0.0640062
5.67836 0.0641346
5.68176 0.0635019
5.68523 0.0629349
5.69106 0.0647299
5.69497 0.0625882
5.69913 0.0627229
5.70221 0.0617649
5.70606 0.0615801
5.70997 0.061461
5.71408 0.061533
5.71863 0.0620529
5.72255 0.0619338
5.72921 0.0645677
5.733 0.0623005
5.73665 0.0619217
5.74062 0.0618624
5.74544 0.0626391
5.74896 0.0621348
5.75352 0.0626547
5.75672 0.0566161
5.75756 0.0614827
5.76134 0.0612352
5.76513 0.0609877
5.76943 0.0612508
5.77315 0.0609376
5.77847 0.0622279
5.78232 0.0600293
5.78623 0.0599043
5.78943 0.0590746
5.79341 0.0590183
5.79739 0.0589619
5.80258 0.0601173
5.80553 0.0590368
5.80964 0.0591088
5.81663 0.0620652
5.81675 0.0621936
5.82047 0.0598631
5.82496 0.0603144
5.82881 0.0601296
5.83265 0.0599419
5.83708 0.0603334
5.84099 0.0602114
5.84497 0.060155
5.84895 0.0600986
5.85395 0.0610664
5.85504 0.0549276
5.85805 0.0599566
5.86203 0.0599032
5.86722 0.061065
5.87075 0.058544
5.87486 0.058616
5.87845 0.0581744
5.88198 0.0576702
5.88596 0.0576138
5.88961 0.057232
5.89426 0.0578487
5.89779 0.0573415
5.90381 0.0593364
5.90805 0.057523
5.91209 0.0575293
5.91622 0.0576295
5.92109 0.058466
5.92478 0.0581212
5.92882 0.0581275
5.93267 0.0579369
5.93279 0.0580653
5.93792 0.0591585
5.94312 0.0603204
5.94703 0.0581816
5.95011 0.0572265
5.95357 0.0534614
5.95543 0.0593551
5.95967 0.0575417
5.96313 0.0569717
5.96724 0.0570432
5.97128 0.0570525
5.97538 0.0571245
5.97936 0.0570681
5.98417 0.0578419
5.98738 0.0570151
5.99459 0.0601937
5.99773 0.0572846
6.00151 0.0570312
6.00164 0.0571596
6.00594 0.0574286
6.00998 0.0574344
6.01428 0.0576975
6.01851 0.0578979
6.02332 0.0586746
6.02717 0.0584928
6.033 0.0602907
6.03807 0.0593045
6.04172 0.0589256
6.04506 0.0582273
6.0498 0.0589413
6.05288 0.0527743
6.05372 0.0576409
6.05712 0.0570082
6.0611 0.0569547
6.0652 0.0570268
6.06533 0.0571551
6.06937 0.0571644
6.0695 0.0572928
6.07348 0.0572364
6.07746 0.0571801
6.08368 0.059369
6.08381 0.0594974
6.08759 0.0572302
6.0915 0.0571111
6.09554 0.0571174
6.09997 0.057509
6.10382 0.0573271
6.10812 0.0575903
6.11203 0.0574711
6.11661 0.0580192
6.12315 0.0605218
6.12732 0.0586398
6.13091 0.0581982
6.13488 0.058136
6.13501 0.0582644
6.13892 0.0581423
6.13905 0.0582707
6.14328 0.0584682
6.14694 0.0580894
6.1513 0.0584181
6.15143 0.0585465
6.15316 0.0530497
6.15534 0.0572461
6.15951 0.0573838
6.16323 0.0570706
6.16734 0.0571426
6.17362 0.0593943
6.17773 0.0574496
6.18131 0.0570051
6.18586 0.0575215
6.18599 0.0576499
6.18945 0.0570771
6.194 0.057594
6.19785 0.0574063
6.2024 0.0579198
6.20574 0.0572244
6.21208 0.0595389
6.21657 0.0579729
6.22067 0.058039
6.2247 0.0580424
6.22925 0.0585594
6.23227 0.0575386
6.2324 0.057667
6.23644 0.0576734
6.24041 0.057617
6.24439 0.0575577
6.24913 0.0582716
6.25317 0.0530661
6.25356 0.0574848
6.25728 0.0571716
6.26353 0.0593917
6.26758 0.0573842
6.2711 0.056877
6.27547 0.0572058
6.2795 0.0572092
6.28329 0.0569587
6.28777 0.0574071
6.29148 0.057091
6.29559 0.0571601
6.30168 0.0592148
6.30597 0.0574612
6.30963 0.0570823
6.31414 0.0575642
6.31427 0.0576926
6.31844 0.0578273
6.32286 0.058213
6.32658 0.0579028
6.33081 0.0580973
6.33446 0.0577185
6.34004 0.0592655
6.34408 0.0572551
6.34671 0.0558491
6.34684 0.0559775
6.353 0.0528879
6.35357 0.0586761
6.3537 0.0588045
6.35755 0.0574413
6.36108 0.056937
6.36525 0.0570718
6.36942 0.0572065
6.37339 0.0571501
6.37724 0.0569654
6.38166 0.0573539
6.38583 0.0574857
6.39154 0.0591582
6.39557 0.0571449
6.3998 0.0573423
6.40025 0.0577902
6.40378 0.057283
6.40859 0.0580597
6.41276 0.0581944
6.41711 0.0585173
6.42319 0.0605662
6.4257 0.0590348
6.43178 0.0610895
6.43634 0.0595926
6.44044 0.0596646
6.44519 0.0603727
6.44833 0.0594833
6.4534 0.0605167
6.45513 0.0550199
6.45737 0.0592791
6.46161 0.0594824
6.4652 0.0590379
6.4693 0.0591099
6.46943 0.0592383
6.47296 0.058734
6.47697 0.0587087
6.48325 0.0609575
6.48735 0.0590069
6.49043 0.0580518
6.4944 0.0579924
6.49914 0.0587005
6.50292 0.0584472
6.50703 0.0585192
6.5112 0.0586539
6.51133 0.0587823
6.5153 0.058723
6.52305 0.0624404
6.52729 0.060624
6.53222 0.0615232
6.53235 0.0616516
6.53562 0.0608876
6.54062 0.0618583
6.54633 0.0635308
6.54992 0.0630893
6.55588 0.0650215
6.5598 0.0596875
6.56031 0.0642346
6.56512 0.0650113
6.57006 0.0659164
6.57429 0.0661168
6.58064 0.0684341
6.58558 0.0673224
6.58891 0.0666212
6.5934 0.0670725
6.59693 0.0665653
6.60198 0.0675899
6.60487 0.0664437
6.60962 0.0671547
6.61333 0.0668386
6.61346 0.066967
6.61959 0.0690587
6.62375 0.0671767
6.62876 0.0681445
6.63171 0.067061
6.63565 0.0669729
6.63944 0.0667254
6.6438 0.0670513
6.64393 0.0671797
6.64778 0.0669979
6.65207 0.067261
6.65618 0.0673359
6.6608 0.0659047
6.66093 0.0660331
6.66491 0.0668151
6.67081 0.0686817
6.67536 0.0671848
6.67876 0.0665521
6.68274 0.0664957
6.68767 0.0673979
6.69108 0.0667652
6.69492 0.0665775
6.6987 0.0663271
6.70325 0.066844
6.70954 0.0690957
6.71364 0.0671481
6.71749 0.0669633
6.72259 0.0680249
6.72631 0.0677117
6.73028 0.0676524
6.73381 0.0671482
6.73804 0.0673456
6.74196 0.0672265
6.74786 0.0690989
6.75178 0.066963
6.75607 0.0672262
6.76031 0.0674266
6.76486 0.0667681
6.76928 0.0671596
6.76973 0.0676075
6.77281 0.0666524
6.77673 0.0665333
6.78077 0.0665426
6.7859 0.0676388
6.78898 0.0666836
6.79398 0.0676485
6.79923 0.0688731
6.80352 0.0671136
6.80747 0.0670226
6.81118 0.0667065
6.81574 0.0672264
6.81933 0.0667849
6.82369 0.0671137
6.82866 0.0680499
6.83238 0.0677396
6.84961 0.0668153
6.85372 0.0668902
6.85872 0.067861
6.86264 0.062527
6.86276 0.0666889
6.86289 0.0668173
6.8668 0.0666953
6.87046 0.0663165
6.87485 0.0666763
6.87896 0.0667484
6.87909 0.0668767
6.88294 0.0666949
6.88922 0.0689437
6.89345 0.0671214
6.89685 0.0664858
6.9005 0.066107
6.90505 0.0666269
6.90922 0.0667587
6.90935 0.0668871
6.91345 0.0669562
6.91756 0.0670282
6.92224 0.0676765
6.92808 0.0694803
6.9359 0.0672224
6.93994 0.0672287
6.94007 0.0673571
6.94398 0.067238
6.94784 0.0670561
6.95181 0.0669998
6.95586 0.067009
6.96035 0.0674662
6.96484 0.066745
6.96881 0.0666887
6.9726 0.0664382
6.97908 0.068884
6.98338 0.0671333
6.98754 0.0672651
6.98767 0.0673935
6.99126 0.066949
6.99479 0.0664417
6.99863 0.066257
7.00344 0.0670307
7.00787 0.0674282
7.01133 0.0668553
7.01775 0.0692354
7.02205 0.0674847
7.02994 0.0673092
7.03372 0.0670617
7.03815 0.0674532
7.03828 0.0675816
7.04168 0.0669489
7.04623 0.0674718
7.04983 0.0670332
7.05548 0.0686459
7.05862 0.0657396
7.06273 0.06665
7.06978 0.0696716
7.07273 0.0665742
7.07684 0.0666462
7.08088 0.066655
7.08505 0.0667927
7.08884 0.0665452
7.09288 0.0665515
7.09686 0.0664951
7.10096 0.0665671
7.10808 0.0696519
7.11148 0.0670025
7.11545 0.0669432
7.11937 0.066824
7.1236 0.0670244
7.12854 0.0679295
7.13207 0.0674252
7.13573 0.0670494
7.13951 0.0668019
7.14554 0.0687968
7.14997 0.0671745
7.15363 0.0667986
7.1587 0.067835
7.16287 0.0667943
7.16685 0.0667379
7.17057 0.0664247
7.17467 0.0664938
7.17878 0.0665658
7.18295 0.0667035
7.18724 0.0669666
7.19109 0.0667818
7.19731 0.0689708
7.20123 0.0668349
7.20495 0.0665218
7.20508 0.0666502
7.20969 0.0672328
7.21348 0.0669824
7.22156 0.0670009
7.22605 0.0674581
7.22977 0.067142
7.23555 0.0688831
7.23958 0.0668727
7.24376 0.0670103
7.24751 0.0667312
7.25194 0.0671257
7.2556 0.0667498
7.26047 0.0675921
7.26503 0.0669366
7.26894 0.0668175
7.27279 0.0666327
7.27722 0.0670272
7.28088 0.0666513
7.28806 0.0697988
7.2912 0.0668925
7.29479 0.066451
7.29864 0.0662662
7.30345 0.06704
7.30685 0.0664073
7.31109 0.0666077
7.31962 0.0670712
7.33351 0.0668452
7.33812 0.0674278
7.34557 0.0668044
7.34942 0.0666226
7.35346 0.066629
7.35879 0.0679221
7.36283 0.066753
7.367 0.0668907
7.37053 0.0663864
7.37688 0.0687038
7.38124 0.0670158
7.38522 0.0669624
7.38875 0.0664552
7.39273 0.0663988
7.39708 0.0667217
7.401 0.0666026
7.40517 0.0667403
7.41601 0.0695148
7.41954 0.0669938
7.42352 0.0669374
7.42813 0.0675229
7.43198 0.0673382
7.43558 0.0668996
7.43981 0.067097
7.44372 0.066975
7.44783 0.0670499
7.45373 0.0689194
7.45636 0.0654996
7.46079 0.0658941
7.46708 0.0689871
7.4708 0.0666572
7.47497 0.0667919
7.47869 0.0664787
7.48286 0.0666164
7.48716 0.0668795
7.49511 0.0667668
7.49876 0.0663879
7.50537 0.0689592
7.50941 0.0669487
7.513 0.0665072
7.51756 0.06703
7.52173 0.0671677
7.5259 0.0673054
7.52971 0.067086
7.53337 0.0667072
7.53805 0.0673555
7.5437 0.0689682
7.54755 0.0667696
7.55159 0.0667789
7.55589 0.067042
7.56032 0.0674364
7.565 0.0669093
7.56885 0.0667275
7.57264 0.066477
7.57308 0.0669249
7.57661 0.0664207
7.58104 0.0668151
7.58496 0.066696
7.5888 0.0665083
7.59527 0.0689482
7.59874 0.0663644
7.60326 0.0668497
7.60698 0.0665366
7.61144 0.0669592
7.61561 0.0670969
7.61933 0.0667866
7.62376 0.0671782
7.62825 0.0676353
7.63409 0.0694421
7.64191 0.0671842
7.64531 0.0665515
7.65013 0.0673311
7.65385 0.0670209
7.6586 0.0677348
7.6627 0.0625949
7.66296 0.0668853
7.66668 0.0665721
7.66681 0.0667005
7.67027 0.0661305
7.67495 0.0667788
7.67874 0.0665313
7.68522 0.06898
7.68933 0.0670323
7.6933 0.066976
7.69676 0.0664031
7.69689 0.0665315
7.70093 0.0665378
7.70497 0.0665442
7.70914 0.0666789
7.7135 0.0670047
7.71716 0.0666289
7.72415 0.0695882
7.72832 0.0677061
7.72845 0.0678345
7.73178 0.0671362
7.7355 0.066826
7.73942 0.0667039
7.7474 0.0666217
7.75125 0.066437
7.75542 0.0665746
7.76043 0.0675454
7.76055 0.0676738
7.76498 0.0668899
7.76864 0.066514
7.77505 0.0688941
7.77916 0.0669493
7.78307 0.0668302
7.78718 0.0669022
7.79077 0.0664606
7.79488 0.0665327
7.795 0.066661
7.79872 0.0663479
7.80328 0.0668678
7.80719 0.0667487
7.81348 0.0690004
7.81752 0.06699
7.82547 0.0668801
7.82939 0.0667581
7.83336 0.0667017
7.83753 0.0668364
7.841 0.0662665
7.84536 0.0665953
7.85055 0.0677571
7.85446 0.0656183
7.85678 0.0638958
7.85973 0.0596172
7.86171 0.0656393
7.86531 0.0631839
7.86819 0.0620347
7.87147 0.0612737
7.87467 0.060447
7.87846 0.0601965
7.88147 0.0591787
7.88557 0.0592478
7.88935 0.0589914
7.89378 0.059383
7.89753 0.0570841
7.9015 0.0570248
7.90567 0.0571625
7.90946 0.056915
7.91363 0.0570497
7.91856 0.0579519
7.92184 0.0571908
7.92581 0.0571344
7.93203 0.0593205
7.93216 0.0594488
7.9362 0.0574384
7.93973 0.0569312
7.94396 0.0571316
7.94903 0.0581651
7.9532 0.0530879
7.95358 0.0575066
7.95711 0.0570023
7.96128 0.05714
7.96507 0.0568925
7.96943 0.0572213
7.97347 0.0572276
7.97726 0.0569801
7.98341 0.0591034
7.98739 0.0570274
7.99143 0.0570337
7.99553 0.0571028
7.99964 0.0571748
8.00361 0.057115
8.00759 0.0570646
8.00772 0.057193
8.01202 0.0574561
8.01586 0.0572684
8.02202 0.0593917
8.02574 0.0570618
8.03023 0.057516
8.03414 0.057394
8.03825 0.057466
8.04203 0.0572156
8.04607 0.0572219
8.05114 0.0582583
8.05345 0.0533377
8.05518 0.0570863
8.05903 0.0569045
8.0632 0.0570421
8.0675 0.0573082
8.0736 0.0593717
8.0777 0.057427
8.07783 0.0575553
8.08149 0.0571765
8.08553 0.0571858
8.08957 0.0571921
8.0938 0.0573925
8.09752 0.0570794
8.10156 0.0570852
8.10586 0.0573513
8.11192 0.0593773
8.11634 0.0577491
8.12038 0.0577525
8.12391 0.0572453
8.12804 0.057345
8.13201 0.0572856
8.13631 0.0575488
8.14029 0.0574894
8.14419 0.0573645
8.14913 0.0582695
8.24911 0.0530324
8.34893 0.0528564
8.34919 0.253113
8.44963 0.0535576
8.45181 0.155737
8.45194 0.155866
8.45348 0.0533699
8.45585 0.0577604
8.45996 0.0578354
8.46368 0.0575222
8.46772 0.0575315
8.47164 0.0574094
8.47176 0.0575378
8.47587 0.0576069
8.47946 0.0571683
8.4842 0.0578764
8.48971 0.0593548
8.4942 0.0577893
8.4983 0.0578555
8.50215 0.0576678
8.50625 0.0577368
8.51093 0.0583851
8.5151 0.0585169
8.51522 0.0586453
8.51952 0.0589085
8.52362 0.0589746
8.52926 0.0605843
8.5333 0.058571
8.53728 0.0585146
8.54202 0.0592227
8.54215 0.0593511
8.54561 0.0587811
8.55087 0.0600057
8.55395 0.0538387
8.55491 0.0588337
8.55895 0.058843
8.56245 0.0583041
8.56674 0.0585673
8.57021 0.0579973
8.57367 0.0574274
8.57989 0.0596164
8.58412 0.057797
8.58829 0.0579259
8.59188 0.0574844
8.59662 0.0581924
8.60104 0.0585781
8.60425 0.0577514
8.60851 0.0579799
8.60864 0.0581083
8.6128 0.0582431
8.6203 0.0617042
8.62427 0.0596281
8.62825 0.0595717
8.63203 0.0593213
8.63697 0.0602234
8.64095 0.060167
8.64492 0.0601077
8.64851 0.0596662
8.65371 0.060828
8.65518 0.0550744
8.65749 0.0593992
8.66147 0.0593458
8.6648 0.0586445
8.66493 0.0587729
8.67071 0.060514
8.67443 0.058184
8.67911 0.0588323
8.68257 0.0582595
8.68641 0.0580688
8.68987 0.0574959
8.69429 0.0578845
8.69776 0.0573116
8.70256 0.0580825
8.7084 0.0598863
8.71276 0.0581953
8.71289 0.0583237
8.71756 0.0589662
8.72166 0.0590323
8.72673 0.0600658
8.73141 0.0607111
8.73618 0.0614532
8.74022 0.0614596
8.74541 0.0626185
8.75202 0.0651927
8.75587 0.0629911
8.7601 0.0599934
8.76036 0.0642838
8.76735 0.0652263
8.7719 0.0657433
8.77678 0.0665856
8.78127 0.0670428
8.78537 0.0671148
8.78915 0.0668614
8.79351 0.0671873
8.79736 0.0670025
8.80127 0.0668805
8.80749 0.0690665
8.81141 0.0669277
8.8157 0.0671908
8.81974 0.0671972
8.82353 0.0669497
8.83591 0.0672314
8.83963 0.0669182
8.84598 0.0692385
8.85006 0.0672621
8.85397 0.067143
8.85865 0.0677908
8.86687 0.0667564
8.87078 0.0666344
8.87508 0.0669004
8.87937 0.0671636
8.8831 0.0668533
8.88777 0.0674987
8.8913 0.0669944
8.89727 0.0689237
8.90144 0.0670416
8.90528 0.0668539
8.90926 0.0667946
8.91406 0.0675684
8.91759 0.0670606
8.92208 0.0675178
8.92586 0.0672669
8.93009 0.0674643
8.93606 0.0693965
8.93965 0.0669382
8.94414 0.0673949
8.95184 0.0670312
8.95595 0.0671061
8.96109 0.0682053
8.96275 0.0626427
8.96506 0.0669676
8.96955 0.0674247
8.97321 0.0670489
8.98126 0.0670329
8.98774 0.0674589
8.99133 0.0670174
8.99504 0.0667013
8.99953 0.0671555
9.00382 0.0674128
9.00748 0.0670401
9.01152 0.0670464
9.01569 0.0671812
9.01973 0.0671875
9.02609 0.0695078
9.03032 0.0676885
9.03391 0.0672464
9.04219 0.0674561
9.04604 0.0672743
9.05358 0.0667477
9.05884 0.0679752
9.06314 0.0670629
9.06731 0.0671976
9.07302 0.068873
9.07725 0.0670596
9.08117 0.0669405
9.08534 0.0670781
9.08938 0.0670845
9.09361 0.0672849
9.09746 0.067103
9.10125 0.0668526
9.10555 0.0671187
9.10939 0.066931
9.11577 0.0692765
9.11975 0.0672033
9.12385 0.0672754
9.12841 0.0677953
9.13213 0.067485
9.1363 0.0676227
9.14015 0.0674379
9.14776 0.066977
9.15404 0.0692316
9.15642 0.0655521
9.16065 0.0657525
9.16078 0.0658809
9.16264 0.0625292
9.16706 0.0669542
9.17097 0.0668322
9.17531 0.0671294
9.1796 0.0673925
9.18313 0.0668882
9.18762 0.0673395
9.19121 0.066898
9.19525 0.0669043
9.19922 0.0668479
9.20506 0.0666291
9.20948 0.0670206
9.21416 0.067666
9.21775 0.0672244
9.22199 0.0674248
9.22635 0.0677536
9.23084 0.0682078
9.23385 0.06719
9.23796 0.067262
9.24425 0.0695166
9.24835 0.0675748
9.25586 0.0670171
9.26106 0.0681819
9.26517 0.0670755
9.26998 0.0678522
9.27306 0.0668971
9.27318 0.0670255
9.27748 0.0672916
9.28114 0.0669157
9.2857 0.0674356
9.29512 0.0667752
9.29916 0.0667815
9.30409 0.0676807
9.30736 0.0669197
9.3114 0.066926
9.31583 0.0673175
9.31948 0.0669387
9.32352 0.0669451
9.32365 0.0670734
9.32814 0.0675306
9.32827 0.067659
9.33405 0.0694001
9.33751 0.0668134
9.34155 0.0668197
9.34553 0.0667633
9.34983 0.0670294
9.34995 0.0671578
9.35393 0.0671043
9.35875 0.067884
9.36298 0.066906
9.36734 0.0672348
9.37074 0.0665992
9.37517 0.0669907
9.38126 0.0690542
9.38517 0.0669154
9.39043 0.068137
9.39351 0.0671819
9.39761 0.067251
9.39774 0.0673794
9.40204 0.0676425
9.40524 0.0668129
9.40941 0.0669476
9.41364 0.0671451
9.4239 0.0673231
9.4289 0.068288
9.42903 0.0684164
9.43166 0.0670104
9.4357 0.0670197
9.43935 0.0666409
9.4441 0.0673548
9.44782 0.0670446
9.45129 0.0664747
9.45552 0.0666751
9.46085 0.0679682
9.46521 0.0671187
9.47079 0.0686686
9.47509 0.066915
9.4792 0.066987
9.48324 0.0669963
9.48754 0.0672594
9.49112 0.0668149
9.49516 0.0668212
9.49895 0.0665737
9.50344 0.067025
9.50979 0.0693424
9.5137 0.0672036
9.51774 0.0672129
9.52191 0.0673506
9.52634 0.067745
9.53032 0.0676886
9.5341 0.0674411
9.54142 0.0666864
9.54565 0.0668897
9.55223 0.0694352
9.55602 0.0671709
9.56083 0.0679506
9.565 0.0669099
9.56904 0.0669191
9.5734 0.067245
9.57713 0.0669348
9.5811 0.0668784
9.58528 0.0670161
9.58932 0.0670224
9.59316 0.0668376
9.59906 0.0687042
9.60349 0.067076
9.60759 0.067148
9.61182 0.0673454
9.61586 0.0673518
9.61965 0.0671043
9.62356 0.0669822
9.63536 0.0666847
9.65371 0.0668818
9.65846 0.0675958
9.66289 0.0668119
9.66699 0.0668839
9.67084 0.0666991
9.67527 0.0670935
9.67912 0.0669088
9.68323 0.0669837
9.68938 0.069107
9.69336 0.0670368
9.6974 0.0670432
9.70148 0.0670835
9.70533 0.0668988
9.70981 0.067353
9.71405 0.0675534
9.71796 0.0674314
9.72155 0.0669928
9.72829 0.0696953
9.7324 0.0677505
9.73599 0.0673119
9.73965 0.0669331
9.74799 0.0672084
9.75184 0.0670266
9.75595 0.0671015
9.76115 0.0682663
9.76519 0.0670972
9.76949 0.0673633
9.77295 0.0667934
9.77917 0.0689823
9.78322 0.0669748
9.78751 0.067238
9.7911 0.0667935
9.79514 0.0667969
9.79527 0.0669253
9.79969 0.0673168
9.80341 0.0670036
9.80752 0.0670756
9.80765 0.067204
9.81156 0.067082
9.81772 0.0692082
9.82195 0.0673919
9.82632 0.0677207
9.8335 0.0668346
9.84575 0.0669908
9.84967 0.0668717
9.85352 0.0666899
9.85885 0.0659663
9.86885 0.0687462
9.87321 0.0670553
9.87726 0.0670646
9.88124 0.0670111
9.88515 0.066892
9.88919 0.0668983
9.89343 0.0670987
9.89734 0.0669767
9.89747 0.0671051
9.90138 0.066986
9.9076 0.069175
9.91119 0.0667137
9.91606 0.0675531
9.91972 0.0671772
9.92357 0.0669925
9.928 0.067384
9.93181 0.0671646
9.93566 0.0669828
9.93906 0.0663472
9.9456 0.0688552
9.9499 0.0671045
9.95003 0.0672328
9.95388 0.0670481
9.95856 0.0676993
9.96299 0.0669154
9.96703 0.0669247
9.96716 0.0670531
9.97101 0.0668683
9.97505 0.0668776
9.97903 0.0668212
9.98327 0.0670245
9.98737 0.0670965
9.9875 0.0672249
9.99122 0.0669118
9.99706 0.0687156
9.99719 0.0688439

