% time_sec delay_sec
1.184 0.083843
1.184 0.083843
1.28373 0.0835667
1.38385 0.0836863
1.48413 0.0839709
1.48426 0.388113
1.58411 0.0839452
1.68384 0.0836831
1.78517 0.0850116
1.78698 0.38816
1.88384 0.0836773
1.98514 0.284306
1.98558 0.0853984
1.98943 0.0912643
1.99313 0.090934
2.08533 0.179099
2.09328 0.0910864
2.09726 0.09103
2.10175 0.0914871
2.10618 0.0918816
2.11009 0.0917625
2.11452 0.0921511
2.11824 0.0918408
2.12567 0.0932195
2.1283 0.0918136
2.13183 0.0913093
2.13599 0.0914411
2.1401 0.0915131
2.14433 0.0917135
2.14895 0.0922991
2.15216 0.0914753
2.15607 0.0913562
2.1562 0.0914846
2.16185 0.0930973
2.16583 0.0910241
2.17031 0.0914784
2.17044 0.0916068
2.1741 0.0912309
2.17865 0.0917508
2.18334 0.092402
2.18725 0.0870651
2.18789 0.0917406
2.19218 0.0920008
2.19577 0.0915563
2.2009 0.0926496
2.20449 0.0922051
2.20955 0.0932385
2.2141 0.0917387
2.21423 0.0918671
2.2184 0.0920048
2.22289 0.092462
2.227 0.0925369
2.23155 0.0930539
2.2363 0.0937679
2.23643 0.0938962
2.24041 0.0938399
2.24503 0.0944284
2.24933 0.0946944
2.25491 0.0962444
2.25883 0.0941085
2.26332 0.0945657
2.26755 0.0947661
2.27165 0.0948352
2.2721 0.0952831
2.27582 0.0949728
2.28 0.0951105
2.28423 0.0953109
2.29045 0.0974969
2.2909 0.0907162
2.29526 0.0970923
2.2991 0.0969046
2.30493 0.0987025
2.30904 0.0967548
2.31442 0.0981049
2.31782 0.0974722
2.32231 0.0979294
2.32738 0.0989623
2.33212 0.0996734
2.33719 0.100707
2.34142 0.100907
2.34572 0.101173
2.35548 0.100844
2.35939 0.100725
2.36369 0.100988
2.36382 0.101117
2.36799 0.101254
2.37235 0.101583
2.37627 0.101464
2.37979 0.10096
2.38397 0.101097
2.3898 0.102901
2.39365 0.1007
2.39942 0.103276
2.40333 0.101134
2.40705 0.100821
2.41128 0.101016
2.41141 0.101144
2.41519 0.100897
2.42013 0.101801
2.42392 0.101554
2.42834 0.101945
2.43219 0.101757
2.43232 0.101886
2.4379 0.103433
2.43803 0.103561
2.44168 0.101169
2.44567 0.101115
2.44939 0.100805
2.45363 0.101008
2.45805 0.101403
2.46222 0.10154
2.46627 0.10155
2.47044 0.101687
2.47403 0.101246
2.47949 0.102667
2.48366 0.100788
2.48763 0.100732
2.4934 0.102467
2.49654 0.0963628
2.49719 0.101038
2.5011 0.100916
2.50494 0.100729
2.50937 0.10112
2.51347 0.101192
2.51777 0.101458
2.52194 0.101592
2.5272 0.10282
2.53548 0.10101
2.53952 0.101019
2.54401 0.101473
2.54786 0.101292
2.55216 0.101558
2.55652 0.101886
2.56037 0.101705
2.56448 0.101777
2.56974 0.100987
2.57359 0.100803
2.57737 0.100555
2.58142 0.100564
2.58578 0.100893
2.59033 0.10141
2.59514 0.102187
2.59636 0.0961763
2.5995 0.101337
2.60746 0.101224
2.61175 0.101488
2.61766 0.103357
2.6217 0.10135
2.6251 0.100717
2.6294 0.10098
2.63382 0.101371
2.63802 0.10154
2.64271 0.102191
2.64637 0.101816
2.65034 0.101759
2.65579 0.103178
2.65939 0.100722
2.66362 0.100923
2.66735 0.100613
2.67184 0.10107
2.67581 0.101013
2.68005 0.101214
2.68422 0.101352
2.69333 0.102391
2.6975 0.101348
2.70134 0.101163
2.70679 0.102579
2.71109 0.100825
2.71558 0.101282
2.71917 0.100841
2.72334 0.100978
2.72796 0.101564
2.73194 0.101507
2.73631 0.101839
2.74022 0.101717
2.74035 0.101846
2.74561 0.103073
2.74978 0.101194
2.75331 0.10069
2.75761 0.100956
2.76171 0.101031
2.76589 0.101168
2.7705 0.101754
2.77801 0.101193
2.78161 0.100755
2.78751 0.100604
2.7909 0.0999688
2.79642 0.0962382
2.79738 0.102412
2.80104 0.100854
2.80488 0.100667
2.80892 0.100673
2.81328 0.101002
2.81745 0.10114
2.82166 0.101308
2.82596 0.101574
2.83032 0.101903
2.83558 0.103128
2.83994 0.10144
2.84385 0.101321
2.84745 0.100882
2.85175 0.101148
2.85617 0.10154
2.86028 0.101615
2.86432 0.101621
2.86849 0.101759
2.87369 0.102917
2.87734 0.100525
2.88139 0.100534
2.88543 0.100543
2.88979 0.100869
2.89537 0.102416
2.8962 0.0960206
2.89941 0.101244
2.90339 0.101188
2.90743 0.101197
2.91166 0.101395
2.91564 0.101338
2.92006 0.101733
2.92494 0.102575
2.92937 0.10095
2.93328 0.100828
2.93751 0.101028
2.94188 0.10136
2.94592 0.101369
2.95035 0.101764
2.95426 0.101644
2.95862 0.101973
2.96376 0.103072
2.96735 0.100617
2.97146 0.100689
2.97543 0.100633
2.97967 0.100833
2.98397 0.101099
2.98833 0.101428
2.9934 0.102461
2.99737 0.101227
3.00148 0.101299
3.00546 0.101248
3.00982 0.101577
3.01569 0.103411
3.01897 0.100634
3.01909 0.100762
3.02352 0.101153
3.0266 0.100201
3.0359 0.101434
3.0402 0.101697
3.04414 0.101609
3.04825 0.101684
3.05319 0.102592
3.05768 0.101033
3.06147 0.100785
3.06538 0.100666
3.06975 0.100995
3.07379 0.101004
3.07803 0.101207
3.08194 0.101088
3.08605 0.101163
3.09009 0.10117
3.09542 0.100446
3.10517 0.102975
3.10941 0.101159
3.11293 0.100651
3.11717 0.100855
3.12108 0.100736
3.12545 0.101064
3.13 0.101584
3.13417 0.101722
3.1386 0.102114
3.13872 0.102242
3.14366 0.103147
3.14732 0.100754
3.15149 0.100891
3.1556 0.100966
3.15939 0.100719
3.16407 0.101367
3.16824 0.101505
3.17241 0.10164
3.17639 0.101586
3.18146 0.102623
3.1855 0.100615
3.18993 0.101007
3.19506 0.102106
3.19923 0.101065
3.20308 0.100877
3.20705 0.100821
3.21122 0.100956
3.21552 0.101222
3.2203 0.101967
3.22383 0.101463
3.22819 0.101791
3.23358 0.103147
3.23769 0.101202
3.24173 0.101212
3.24526 0.100707
3.24975 0.101168
3.25398 0.101368
3.25841 0.101762
3.2622 0.101515
3.2715 0.102752
3.27548 0.100679
3.27952 0.100688
3.28344 0.100569
3.2878 0.100898
3.29299 0.102054
3.29677 0.100622
3.30119 0.101013
3.30498 0.100763
3.30947 0.101217
3.31331 0.101032
3.31774 0.101423
3.32358 0.103227
3.32723 0.100834
3.33178 0.101351
3.33525 0.100784
3.33929 0.100791
3.34403 0.101502
3.34805 0.101479
3.35215 0.101551
3.35651 0.10188
3.36171 0.103045
3.36556 0.100843
3.37345 0.100665
3.37762 0.100802
3.38166 0.100812
3.38603 0.10114
3.39013 0.101206
3.39503 0.10208
3.39631 0.0961322
3.40394 0.101747
3.40773 0.1015
3.41312 0.102853
3.41742 0.101102
3.4212 0.100855
3.42505 0.10067
3.42935 0.100933
3.43384 0.101387
3.43832 0.101841
3.44262 0.102104
3.44628 0.101729
3.45179 0.103207
3.45192 0.103335
3.45551 0.100877
3.45949 0.100821
3.46347 0.100764
3.46789 0.101156
3.472 0.101228
3.47623 0.101428
3.47988 0.101049
3.48425 0.101381
3.49046 0.103561
3.49367 0.100718
3.49739 0.10124
3.50309 0.10291
3.50681 0.100577
3.51149 0.101225
3.51528 0.100978
3.51919 0.100856
3.524 0.101632
3.52804 0.101639
3.53253 0.102093
3.5365 0.102036
3.54176 0.103261
3.54554 0.100994
3.54965 0.101063
3.55343 0.100812
3.55766 0.101013
3.56607 0.101351
3.57017 0.101423
3.57415 0.101367
3.57935 0.102528
3.58364 0.100775
3.588 0.101098
3.59242 0.101489
3.59646 0.0962773
3.59749 0.101338
3.60255 0.102366
3.60499 0.100771
3.60922 0.100972
3.6132 0.100915
3.61768 0.10137
3.62185 0.101504
3.62608 0.101702
3.63166 0.103246
3.63513 0.100659
3.6392 0.100697
3.64362 0.101088
3.64728 0.100712
3.656 0.101367
3.65979 0.101119
3.66376 0.101063
3.66922 0.102482
3.66934 0.10261
3.67294 0.100152
3.67685 0.10003
3.68051 0.0996538
3.68455 0.0996602
3.68858 0.0996636
3.69384 0.100888
3.6948 0.0946209
3.69775 0.0995877
3.70268 0.100487
3.70563 0.0994034
3.70999 0.0997288
3.71435 0.100055
3.71871 0.10038
3.72281 0.0984299
3.72659 0.0981765
3.73069 0.0982426
3.73422 0.0977354
3.73858 0.0980642
3.74198 0.0974286
3.74583 0.0972438
3.74954 0.0969277
3.75397 0.0973192
3.75737 0.0946698
3.76099 0.0942564
3.76446 0.0936894
3.76773 0.0929254
3.76786 0.0930538
3.77119 0.0923555
3.77485 0.0919796
3.77818 0.0912812
3.7837 0.0927655
3.78722 0.0870435
3.78819 0.0920385
3.79184 0.0916567
3.79594 0.0917258
3.80145 0.0932013
3.80581 0.0915074
3.80946 0.0911315
3.81389 0.0915201
3.81401 0.0916485
3.81761 0.091207
3.82184 0.0914044
3.82639 0.0919214
3.83055 0.0920532
3.83447 0.0919341
3.83985 0.093287
3.84373 0.0911166
3.8479 0.0912543
3.85162 0.0909382
3.85573 0.0910102
3.85996 0.0912106
3.86381 0.0910229
3.86792 0.0910978
3.87182 0.0909728
3.87798 0.0930991
3.88138 0.0904467
3.88594 0.0909666
3.88696 0.0867789
3.89164 0.0934775
3.89561 0.0913985
3.89959 0.0913392
3.90375 0.091471
3.9076 0.0912857
3.91196 0.0916115
3.91626 0.0918747
3.9203 0.091881
3.92453 0.0920785
3.92988 0.0933964
3.93373 0.0911948
3.93783 0.0912668
3.94184 0.0912415
3.94578 0.0911506
3.9497 0.0910315
3.95426 0.0915543
3.95836 0.0916263
3.96246 0.0916954
3.96792 0.093114
3.97176 0.0909096
3.9758 0.0909189
3.97991 0.0909909
3.986 0.0930485
3.9869 0.0867156
3.98946 0.0912973
3.99382 0.0916202
3.99747 0.0912384
4.00292 0.0926512
4.00587 0.0915762
4.01023 0.0919021
4.01421 0.0918428
4.02011 0.0937093
4.0236 0.0911503
4.02841 0.091924
4.03174 0.0912257
4.03604 0.0914883
4.04021 0.091623
4.04406 0.0914382
4.04855 0.0918984
4.05259 0.0919018
4.05271 0.0920302
4.05791 0.093192
4.06169 0.0909248
4.06182 0.0910532
4.06583 0.0910279
4.06981 0.0909715
4.07385 0.0909808
4.07783 0.0909274
4.08341 0.0924773
4.09572 0.0915062
4.10031 0.0920572
4.10383 0.09155
4.10948 0.0931627
4.11384 0.0914717
4.11749 0.0910959
4.12243 0.0919951
4.12579 0.0913278
4.1299 0.0913969
4.13423 0.0916941
4.13827 0.0917004
4.14192 0.0913216
4.14785 0.0932192
4.15164 0.090952
4.15606 0.0913435
4.15991 0.0911588
4.16388 0.0910994
4.1678 0.0909803
4.17177 0.090921
4.17594 0.0910587
4.17998 0.091065
4.18621 0.093254
4.18633 0.0933824
4.18697 0.0867927
4.19069 0.0925269
4.19518 0.0929783
4.20018 0.0939461
4.20376 0.0914813
4.20767 0.0913593
4.21146 0.0911089
4.21562 0.0912401
4.22018 0.0917601
4.22415 0.0917002
4.22867 0.0921856
4.23265 0.0921292
4.23771 0.0931626
4.24162 0.0910238
4.24175 0.0911522
4.24573 0.0910958
4.2497 0.091036
4.25413 0.091427
4.25791 0.0911766
4.26227 0.0915024
4.26592 0.0911236
4.2699 0.0910643
4.27647 0.0936033
4.28019 0.0912734
4.28411 0.0911543
4.28686 0.0866787
4.29058 0.0944296
4.29378 0.0915832
4.29762 0.0913926
4.29775 0.091521
4.30288 0.0926142
4.30589 0.0915964
4.31019 0.0918566
4.31429 0.0919256
4.31907 0.0926678
4.32285 0.0924173
4.32849 0.0940242
4.33202 0.0915031
4.33581 0.0912556
4.33978 0.0911992
4.34382 0.0912056
4.34838 0.0917284
4.35191 0.0912241
4.35601 0.0912961
4.35614 0.0914245
4.36018 0.0914338
4.36602 0.0932376
4.37006 0.0912272
4.37417 0.0912992
4.37795 0.0910517
4.38334 0.0924076
4.38744 0.0872618
4.38808 0.0919373
4.39168 0.0914958
4.39571 0.0914992
4.40001 0.0917623
4.40456 0.0922763
4.40809 0.0917721
4.4127 0.0923518
4.41764 0.0932568
4.42229 0.0918538
4.42604 0.0915747
4.42995 0.0914526
4.43383 0.091299
4.438 0.0914366
4.44198 0.0913803
4.44647 0.0918374
4.45045 0.0917811
4.4559 0.0932026
4.45603 0.093331
4.45995 0.0911951
4.46405 0.0912642
4.4679 0.0910794
4.47187 0.0910201
4.472 0.0911485
4.47591 0.0910294
4.48015 0.0912298
4.48688 0.0866978
4.48701 0.0940548
4.48996 0.0917959
4.49483 0.0926324
4.49791 0.0916773
4.50297 0.0927078
4.5082 0.0938973
4.51198 0.0916301
4.51566 0.0912824
4.52012 0.091705
4.52422 0.0917711
4.5289 0.0924194
4.53288 0.092366
4.5368 0.0922469
4.54065 0.0920621
4.54077 0.0921905
4.54629 0.0936748
4.54989 0.0912194
4.55399 0.0912914
4.5581 0.0913634
4.56176 0.0909875
4.56592 0.0911223
4.57028 0.0914481
4.57041 0.0915765
4.57426 0.0913917
4.57805 0.0911442
4.58401 0.0930764
4.58747 0.0872887
4.58824 0.0920926
4.59221 0.0920333
4.59772 0.0935088
4.60278 0.0925196
4.60721 0.0929082
4.61112 0.0927861
4.61529 0.0929209
4.61914 0.092739
4.62465 0.0942175
4.6285 0.0940327
4.63267 0.0941674
4.6387 0.0961623
4.64248 0.0938981
4.64691 0.0942925
4.65089 0.0942391
4.65442 0.0937348
4.65865 0.0939352
4.66314 0.0943924
4.66693 0.0941449
4.67039 0.0935749
4.677 0.0961491
4.68066 0.0937564
4.68412 0.0931865
4.68989 0.0897098
4.69072 0.0957548
4.69457 0.0943887
4.69848 0.0942666
4.70322 0.0949747
4.7072 0.0949154
4.71162 0.0953069
4.71605 0.0956984
4.7206 0.0962183
4.72529 0.0968696
4.73138 0.0989272
4.73561 0.0971108
4.74023 0.0976964
4.74408 0.0975116
4.74819 0.0975866
4.753 0.0983633
4.75717 0.0985009
4.76153 0.0988327
4.76577 0.0990331
4.77256 0.101795
4.77269 0.101924
4.77584 0.0990176
4.78001 0.0991552
4.78398 0.0990989
4.78815 0.0992336
4.79508 0.102127
4.7954 0.0952181
4.79899 0.10083
4.80329 0.10109
4.80714 0.100905
4.81143 0.101168
4.81522 0.100921
4.81932 0.100993
4.82555 0.103185
4.82959 0.101174
4.8337 0.101246
4.83761 0.101127
4.84172 0.101199
4.8457 0.101146
4.8498 0.101221
4.85372 0.101102
4.86373 0.103043
4.86745 0.100716
4.87149 0.100725
4.87521 0.100412
4.87945 0.100613
4.88349 0.100622
4.88779 0.100885
4.89356 0.10262
4.8976 0.101448
4.90112 0.100941
4.90516 0.100947
4.90952 0.101273
4.91568 0.103396
4.91946 0.101132
4.92331 0.100947
4.92678 0.10038
4.93152 0.101091
4.93165 0.101219
4.93961 0.10111
4.94403 0.101501
4.94766 0.101094
4.95286 0.102258
4.95729 0.100636
4.96133 0.100645
4.96524 0.100523
4.96979 0.101043
4.97332 0.100536
4.97749 0.100674
4.98141 0.100554
4.98532 0.100435
4.99071 0.101788
4.99532 0.100354
4.99667 0.0964889
4.99981 0.10165
5.00521 0.103011
5.00976 0.101512
5.01348 0.101198
5.01752 0.101208
5.02169 0.101345
5.02587 0.101483
5.03389 0.101436
5.03825 0.101765
5.0437 0.103183
5.04742 0.100856
5.05147 0.100866
5.05563 0.101
5.05897 0.100305
5.06372 0.101016
5.06776 0.101025
5.07142 0.100649
5.07546 0.100659
5.08156 0.102722
5.08567 0.10078
5.08977 0.100852
5.09535 0.102402
5.10369 0.101496
5.10716 0.100929
5.11184 0.101575
5.11588 0.101581
5.11941 0.101076
5.12345 0.101086
5.13339 0.102961
5.13731 0.100826
5.14186 0.101345
5.14539 0.100841
5.14969 0.101107
5.15361 0.100988
5.1579 0.101254
5.1658 0.101079
5.17151 0.102757
5.17536 0.100556
5.17953 0.100693
5.18331 0.100446
5.18748 0.10058
5.19325 0.102316
5.19723 0.101081
5.2012 0.101022
5.20518 0.100965
5.20903 0.10078
5.21326 0.100978
5.21749 0.101178
5.2234 0.103048
5.22827 0.10187
5.23167 0.101238
5.23552 0.101056
5.23943 0.100934
5.24367 0.101134
5.2479 0.101338
5.25593 0.101293
5.26132 0.102652
5.26549 0.10077
5.26991 0.101162
5.2735 0.10072
5.27729 0.100473
5.28159 0.100739
5.28967 0.100754
5.29577 0.102815
5.29968 0.101517
5.3034 0.101204
5.30744 0.101214
5.31373 0.103465
5.31848 0.102162
5.32172 0.10137
5.32525 0.100866
5.32948 0.101062
5.33358 0.101134
5.34225 0.101729
5.34565 0.101097
5.35136 0.102775
5.3554 0.100765
5.35957 0.100902
5.36336 0.100655
5.36727 0.100536
5.37157 0.100799
5.37169 0.100927
5.37568 0.100874
5.3794 0.100561
5.38331 0.100441
5.38979 0.102887
5.39345 0.100495
5.39723 0.101082
5.40364 0.10346
5.40698 0.100745
5.41178 0.101518
5.41531 0.101014
5.41948 0.101152
5.42372 0.101352
5.43173 0.101302
5.43591 0.101439
5.44161 0.103112
5.44537 0.100816
5.44947 0.100891
5.45313 0.100515
5.45756 0.100909
5.46141 0.100727
5.46584 0.101122
5.46982 0.101066
5.47334 0.100558
5.47347 0.100687
5.47937 0.102556
5.48348 0.100614
5.48746 0.100558
5.49291 0.101974
5.49643 0.0962487
5.49765 0.1015
5.50117 0.100993
5.50509 0.100871
5.50938 0.101134
5.51323 0.10095
5.51766 0.101344
5.52173 0.101384
5.52545 0.101071
5.53154 0.103129
5.5353 0.100833
5.53934 0.100839
5.54338 0.100846
5.54723 0.100664
5.55172 0.101118
5.5557 0.101064
5.55981 0.101139
5.56378 0.10108
5.56991 0.103171
5.57343 0.100647
5.5776 0.100785
5.58113 0.100281
5.58498 0.100096
5.59011 0.101189
5.5953 0.102351
5.59614 0.0959556
5.60018 0.102012
5.60377 0.101568
5.60421 0.102016
5.6071 0.100869
5.6112 0.100938
5.61541 0.101107
5.62182 0.10349
5.62522 0.100841
5.62984 0.101423
5.63366 0.101207
5.64174 0.10122
5.64578 0.101229
5.65014 0.101558
5.65386 0.101242
5.65944 0.102789
5.66348 0.100778
5.66765 0.100916
5.67124 0.100474
5.67503 0.100224
5.67945 0.100616
5.68356 0.10069
5.68888 0.101975
5.69336 0.102429
5.69702 0.100872
5.7015 0.101323
5.70554 0.10133
5.7117 0.103456
5.71607 0.101768
5.71953 0.101198
5.72389 0.101524
5.73139 0.10096
5.73152 0.101089
5.73985 0.101355
5.7439 0.101364
5.74909 0.102526
5.75326 0.100644
5.75339 0.100773
5.75769 0.101036
5.76122 0.100531
5.76513 0.100412
5.76968 0.100932
5.77719 0.100372
5.78104 0.100187
5.78764 0.102755
5.79065 0.0997175
5.79547 0.100497
5.80271 0.104542
5.80566 0.101445
5.80964 0.101389
5.81323 0.100947
5.81778 0.101467
5.82195 0.101598
5.82208 0.101727
5.82547 0.101091
5.83419 0.101743
5.83432 0.101871
5.83958 0.103096
5.84368 0.101151
5.8476 0.101032
5.85157 0.100972
5.85587 0.101236
5.85972 0.10105
5.86389 0.101188
5.86812 0.101388
5.87184 0.101075
5.87762 0.102816
5.88159 0.100743
5.8857 0.100815
5.88961 0.10069
5.89612 0.103164
5.90009 0.101929
5.90343 0.101231
5.90715 0.100921
5.91139 0.101121
5.91568 0.101381
5.92026 0.101929
5.92347 0.101103
5.92953 0.103129
5.93356 0.101115
5.93805 0.101567
5.94132 0.100806
5.9453 0.100746
5.94946 0.100881
5.95383 0.10121
5.95838 0.101733
5.96191 0.101228
5.96762 0.102903
5.97154 0.100767
5.97551 0.100711
5.97923 0.100398
5.98314 0.100276
5.98738 0.100473
5.99324 0.102308
5.99651 0.0963294
5.99734 0.101196
6.00138 0.101199
6.00511 0.100892
6.00947 0.101217
6.01331 0.101033
6.01979 0.103475
6.02345 0.101083
6.02762 0.10122
6.03191 0.101481
6.03525 0.100782
6.03922 0.100723
6.0439 0.101368
6.04749 0.100927
6.05166 0.101064
6.05686 0.102226
6.06033 0.0996425
6.06424 0.0995234
6.06816 0.0994043
6.07175 0.0989628
6.07553 0.0987153
6.07938 0.0985305
6.08297 0.0980889
6.0831 0.0982173
6.08701 0.0980953
6.09291 0.0999618
6.10023 0.0980287
6.10555 0.0993219
6.10966 0.0973772
6.11392 0.0976057
6.117 0.0966506
6.12078 0.0963972
6.12508 0.0966604
6.12867 0.0962159
6.13322 0.0967328
6.13713 0.0966108
6.14232 0.0977697
6.14591 0.0953114
6.14982 0.0951894
6.15361 0.0949389
6.15662 0.0939211
6.16047 0.0937363
6.16413 0.0933604
6.16759 0.0927905
6.17093 0.0920921
6.1776 0.094729
6.18106 0.0921394
6.1842 0.0912465
6.18689 0.0867081
6.19048 0.0943307
6.19413 0.0919351
6.19772 0.0914906
6.2024 0.0921325
6.20599 0.0916939
6.21009 0.091763
6.21512 0.0927589
6.21836 0.0919633
6.22342 0.092988
6.22925 0.0947889
6.23265 0.0921365
6.23644 0.091886
6.2399 0.0913161
6.24003 0.0914445
6.24387 0.0912568
6.24824 0.0915856
6.25202 0.0913381
6.25593 0.091216
6.26058 0.0918327
6.26616 0.0933797
6.27033 0.0914977
6.27457 0.0916981
6.27822 0.0913193
6.28431 0.093374
6.28725 0.0870727
6.2879 0.0917482
6.28834 0.0921961
6.29174 0.0915605
6.29584 0.0916296
6.30091 0.0926571
6.30417 0.0918932
6.30815 0.0918368
6.31229 0.0919364
6.31831 0.0939284
6.32286 0.0924257
6.32645 0.0919871
6.33068 0.0921816
6.33421 0.0916744
6.33806 0.0914896
6.3419 0.0913048
6.34658 0.0919502
6.35018 0.0915116
6.35607 0.0933741
6.36044 0.0916861
6.36403 0.0912446
6.36801 0.0911882
6.37192 0.0910662
6.37589 0.0910098
6.38013 0.0912073
6.38596 0.0930052
6.38704 0.0868634
6.39006 0.0918959
6.39448 0.0922845
6.39756 0.0913294
6.40185 0.0915895
6.40859 0.0942891
6.41205 0.0917024
6.41628 0.091897
6.42096 0.0925394
6.42409 0.0916441
6.4282 0.0917131
6.42832 0.0918415
6.43249 0.0919733
6.43262 0.0921017
6.43634 0.0917885
6.44057 0.0919889
6.44596 0.093339
6.44968 0.0910091
6.45391 0.0912095
6.45776 0.0910217
6.46174 0.0909683
6.46584 0.0910374
6.46982 0.090981
6.47418 0.0913098
6.47812 0.0912218
6.48402 0.0930854
6.48722 0.0870409
6.48799 0.0918447
6.49197 0.0917884
6.49799 0.0937774
6.50267 0.0924031
6.50613 0.0918361
6.50979 0.0914572
6.51408 0.0917174
6.51787 0.091467
6.52318 0.0927479
6.52677 0.0923064
6.53164 0.0931428
6.5369 0.0943674
6.54062 0.0920375
6.54492 0.0923006
6.54902 0.0923697
6.55178 0.0910951
6.55576 0.0910387
6.56018 0.0914302
6.56377 0.0909886
6.56782 0.0909979
6.57481 0.0939543
6.5791 0.0922007
6.58129 0.0903498
6.58737 0.0871926
6.58814 0.0931748
6.59218 0.0920028
6.59564 0.0914299
6.59987 0.0916244
6.60384 0.0915622
6.60827 0.0919537
6.61263 0.0922795
6.61664 0.0922543
6.62113 0.0927114
6.62709 0.0946436
6.63145 0.0929498
6.63527 0.0927334
6.6388 0.0922291
6.64239 0.0917876
6.64662 0.091988
6.65047 0.0918032
6.65451 0.0918125
6.65881 0.0920785
6.66407 0.093306
6.66818 0.0913613
6.67234 0.0914931
6.67247 0.0916215
6.67613 0.0912456
6.68011 0.0911892
6.68703 0.0868513
6.68716 0.0942083
6.68999 0.091821
6.69396 0.0917617
6.69787 0.0916396
6.70261 0.0923477
6.70685 0.0925481
6.71063 0.0922977
6.71659 0.0942269
6.72086 0.0924417
6.72489 0.0924451
6.72913 0.0926425
6.73265 0.0921383
6.73766 0.0931061
6.74138 0.0927958
6.74542 0.0928051
6.74953 0.0928801
6.75479 0.0941076
6.75845 0.091712
6.76255 0.091784
6.76602 0.0912141
6.77012 0.0912831
6.77397 0.0910984
6.77801 0.0911076
6.78404 0.0931055
6.78744 0.087255
6.78808 0.0919305
6.79206 0.0918741
6.79577 0.0915581
6.80019 0.0919466
6.80676 0.0944803
6.80721 0.0949282
6.81003 0.0916996
6.81445 0.0920882
6.81785 0.0914555
6.82183 0.0913991
6.82629 0.0918247
6.82995 0.0914458
6.83456 0.0920314
6.83822 0.0916555
6.84387 0.0932682
6.84814 0.0914859
6.85179 0.09111
6.85571 0.0909909
6.85988 0.0911285
6.86449 0.0917082
6.86789 0.0910756
6.872 0.0911446
6.87212 0.091273
6.87581 0.0909283
6.88165 0.092735
6.88589 0.0909186
6.88729 0.0871131
6.89044 0.092274
6.89582 0.093624
6.89999 0.0917391
6.9039 0.091617
6.90871 0.0923908
6.91204 0.0916924
6.91634 0.0919556
6.9207 0.0922843
6.92487 0.0924191
6.92974 0.0932585
6.93552 0.0949996
6.93905 0.0924785
6.94347 0.09287
6.94732 0.0926882
6.95072 0.0920555
6.95489 0.0921932
6.95887 0.0921368
6.96266 0.0918893
6.96644 0.0916389
6.97285 0.094019
6.97651 0.0916263
6.98062 0.0916983
6.9869 0.0867184
6.98716 0.0942039
6.99036 0.0921988
6.99421 0.0920111
6.9978 0.0915695
7.00267 0.092406
7.00698 0.092678
7.01108 0.0927441
7.01569 0.0933268
7.01993 0.0935301
7.02686 0.0964238
7.03116 0.0946731
7.03526 0.094748
7.0393 0.0947543
7.04296 0.0943785
7.04765 0.0950297
7.05259 0.0959377
7.05605 0.0953678
7.06029 0.0955711
7.06715 0.0984015
7.07132 0.0965195
7.07517 0.0963347
7.07921 0.0963435
7.08281 0.0959048
7.08884 0.0979027
7.10135 0.0971315
7.10526 0.0970124
7.10949 0.0972098
7.11424 0.0979208
7.12052 0.100173
7.12424 0.0978456
7.12937 0.0989417
7.13323 0.0987599
7.1372 0.0987035
7.14201 0.0994802
7.14631 0.0997463
7.15061 0.100012
7.1553 0.100664
7.16114 0.10247
7.16524 0.100526
7.16992 0.101174
7.17332 0.100538
7.17704 0.100225
7.18083 0.0999776
7.18506 0.100178
7.18929 0.100375
7.19597 0.103015
7.2002 0.102037
7.20335 0.101148
7.20719 0.100963
7.2136 0.10334
7.21797 0.101652
7.22131 0.100957
7.22515 0.100772
7.22913 0.100713
7.23362 0.10117
7.23817 0.10169
7.24177 0.101251
7.24584 0.101292
7.25168 0.103098
7.2556 0.100962
7.25938 0.100715
7.2633 0.100596
7.26727 0.100539
7.27132 0.100549
7.27536 0.100558
7.27921 0.100373
7.28338 0.100511
7.29011 0.103211
7.29358 0.100624
7.29762 0.101469
7.30371 0.103526
7.30698 0.100748
7.31121 0.100949
7.31551 0.101212
7.3234 0.101036
7.32732 0.100917
7.33155 0.101118
7.34178 0.103281
7.34531 0.10076
7.34942 0.100835
7.3532 0.100585
7.35737 0.100723
7.36122 0.100541
7.36546 0.100741
7.36976 0.101007
7.37354 0.100757
7.37983 0.103011
7.38394 0.10107
7.38766 0.100756
7.39388 0.102942
7.3967 0.0965157
7.39734 0.101191
7.40125 0.101072
7.40504 0.100825
7.40908 0.100831
7.41331 0.101031
7.41755 0.101235
7.42127 0.100921
7.42518 0.100802
7.43173 0.103311
7.43545 0.100984
7.4391 0.100605
7.44359 0.101059
7.4468 0.100235
7.45116 0.100564
7.45553 0.100896
7.4597 0.101034
7.46406 0.101362
7.47003 0.103295
7.47375 0.100965
7.4776 0.10078
7.48126 0.100404
7.4851 0.100219
7.48953 0.100611
7.49633 0.103373
7.50024 0.102076
7.50377 0.101568
7.5071 0.10087
7.51101 0.100748
7.51531 0.101014
7.52173 0.103397
7.52526 0.100876
7.52946 0.101042
7.5335 0.101048
7.5376 0.10112
7.54151 0.100998
7.54549 0.100945
7.55005 0.101468
7.55948 0.102833
7.56385 0.101145
7.56757 0.100835
7.57155 0.100778
7.57533 0.100528
7.57899 0.100152
7.58316 0.10029
7.58758 0.100681
7.59374 0.102801
7.59387 0.10293
7.59771 0.101567
7.60159 0.101413
7.60525 0.101034
7.61195 0.103702
7.61561 0.10131
7.61907 0.100743
7.62363 0.101262
7.62684 0.100439
7.63165 0.101215
7.63563 0.101162
7.63954 0.10104
7.6439 0.101369
7.64987 0.103304
7.65 0.103432
7.65321 0.100592
7.65783 0.101177
7.66129 0.10061
7.66508 0.10036
7.67354 0.100758
7.67714 0.100319
7.68131 0.100457
7.68836 0.103479
7.69048 0.0995454
7.69535 0.100385
7.69663 0.0964538
7.7024 0.104239
7.70497 0.100757
7.70888 0.100635
7.71286 0.100575
7.71729 0.10097
7.72133 0.100979
7.7253 0.100923
7.72934 0.100929
7.73371 0.101258
7.73929 0.102805
7.74365 0.101114
7.74689 0.100321
7.75125 0.10065
7.75516 0.100531
7.75934 0.100668
7.76351 0.100806
7.76748 0.10075
7.77178 0.101013
7.77781 0.10301
7.78173 0.100875
7.78564 0.100756
7.78961 0.100696
7.79558 0.102628
7.79962 0.101459
7.80328 0.10108
7.80694 0.100705
7.8111 0.100839
7.81515 0.100849
7.82964 0.103244
7.83336 0.100914
7.83766 0.101178
7.84125 0.100736
7.84497 0.100423
7.84965 0.101071
7.85363 0.101015
7.85825 0.1016
7.86171 0.10103
7.86781 0.103091
7.86794 0.103219
7.87159 0.100827
7.87544 0.100642
7.87967 0.100839
7.88339 0.100526
7.88852 0.101617
7.89333 0.102393
7.89753 0.101381
7.90176 0.101578
7.90542 0.101202
7.90907 0.100826
7.91363 0.101346
7.91978 0.103467
7.92684 0.100441
7.93178 0.101343
7.93556 0.101093
7.93934 0.100843
7.9437 0.101171
7.94768 0.101115
7.95153 0.10093
7.95775 0.103119
7.96141 0.100727
7.9652 0.100479
7.96956 0.100808
7.97347 0.100686
7.97751 0.100695
7.98142 0.100573
7.98546 0.100579
7.98976 0.10084
7.99553 0.102578
8.00335 0.101155
8.01003 0.101781
8.01336 0.101083
8.01779 0.101471
8.02138 0.10103
8.02536 0.100973
8.02952 0.101108
8.03363 0.101177
8.03786 0.101377
8.04248 0.10196
8.04748 0.102931
8.05127 0.100666
8.05518 0.100544
8.05929 0.100619
8.06307 0.100372
8.0675 0.100766
8.07154 0.100776
8.0754 0.100594
8.07944 0.1006
8.08617 0.103303
8.08983 0.100907
8.0938 0.100851
8.10317 0.100968
8.10689 0.100658
8.11083 0.100567
8.11525 0.100956
8.11955 0.101216
8.12339 0.101028
8.12753 0.101128
8.13189 0.101454
8.13804 0.103574
8.14157 0.10105
8.14516 0.100606
8.14926 0.100678
8.15311 0.100493
8.15767 0.101016
8.1619 0.101216
8.16562 0.100906
8.17582 0.103039
8.17942 0.10058
8.18351 0.100646
8.18768 0.100778
8.19345 0.102516
8.1973 0.10115
8.20172 0.101538
8.20512 0.100905
8.20935 0.101105
8.21314 0.100855
8.21743 0.101118
8.22154 0.101187
8.22693 0.100526
8.22769 0.101294
8.2318 0.101363
8.23571 0.101241
8.23584 0.101369
8.23904 0.100542
8.24334 0.100803
8.24731 0.100746
8.25148 0.100881
8.25559 0.100953
8.25957 0.1009
8.26573 0.103026
8.2697 0.100953
8.27342 0.10064
8.2774 0.100583
8.27753 0.100712
8.28093 0.100076
8.28535 0.100467
8.28971 0.10079
8.29606 0.103105
8.30023 0.102061
8.3035 0.1013
8.30716 0.100924
8.3137 0.103436
8.31803 0.101713
8.32175 0.101397
8.32489 0.100508
8.32938 0.100962
8.33329 0.10084
8.33746 0.100974
8.34252 0.102005
8.3456 0.10105
8.34983 0.101247
8.3558 0.103179
8.35965 0.10098
8.36324 0.100539
8.36754 0.100805
8.3712 0.100429
8.37562 0.100821
8.37928 0.100442
8.38344 0.100574
8.38758 0.100674
8.3938 0.102863
8.39393 0.102991
8.39726 0.101111
8.40322 0.103041
8.4072 0.100968
8.4113 0.10104
8.41643 0.10213
8.4188 0.10047
8.42717 0.100771
8.4273 0.100899
8.43178 0.10135
8.4355 0.101033
8.43922 0.100717
8.44489 0.100338
8.44861 0.100025
8.45233 0.099709
8.45611 0.0994586
8.45945 0.0987632
8.46317 0.09845
8.46708 0.0983309
8.47067 0.0978894
8.47433 0.0975105
8.48145 0.100595
8.48158 0.100724
8.4851 0.0981968
8.48907 0.0981374
8.49241 0.0922243
8.49311 0.0969625
8.49702 0.0968375
8.50016 0.0959451
8.50445 0.0962053
8.50836 0.0960833
8.50849 0.0962117
8.51228 0.0959612
8.51625 0.0959019
8.52035 0.095971
8.52657 0.0981541
8.53048 0.0960153
8.5342 0.0956992
8.53856 0.096025
8.54215 0.0955805
8.54548 0.0948822
8.54939 0.0947602
8.55299 0.0943186
8.55651 0.0938114
8.56046 0.0937234
8.56661 0.0958467
8.56963 0.0928121
8.57303 0.0921765
8.57656 0.0916722
8.58002 0.0911023
8.58624 0.0932854
8.5872 0.0870152
8.58989 0.0917252
8.59412 0.0919227
8.59765 0.0914155
8.60226 0.0919922
8.60607 0.0917758
8.6121 0.0937678
8.61639 0.0920083
8.62043 0.0920117
8.62453 0.0920808
8.62851 0.0920244
8.63287 0.0923503
8.63299 0.0924787
8.63646 0.0919058
8.64056 0.0919778
8.64428 0.0916617
8.64838 0.0917337
8.65409 0.0913923
8.658 0.0912703
8.66198 0.0912169
8.66583 0.0910291
8.66994 0.0911012
8.67417 0.0913016
8.67796 0.0910541
8.68494 0.0940046
8.6875 0.0873181
8.68872 0.0925699
8.69199 0.0918088
8.69596 0.0917466
8.70269 0.0944403
8.70641 0.0921104
8.70974 0.091412
8.71512 0.0927591
8.71782 0.0914189
8.72249 0.0920613
8.72634 0.0918765
8.73076 0.0922651
8.73089 0.0923935
8.73455 0.0920147
8.73468 0.092143
8.74009 0.0935271
8.74471 0.092093
8.74792 0.0912663
8.75177 0.0910815
8.75189 0.0912099
8.75587 0.0911535
8.75978 0.0910315
8.76382 0.0910378
8.76787 0.0910471
8.77177 0.0909221
8.77588 0.0909941
8.78153 0.0926068
8.78704 0.0920684
8.78736 0.0871761
8.79185 0.0936835
8.7957 0.091482
8.79974 0.0914883
8.80371 0.091429
8.80801 0.0916921
8.81218 0.0918269
8.81634 0.0919616
8.82051 0.0920964
8.82455 0.0921056
8.83052 0.0940378
8.83475 0.0922215
8.8379 0.091332
8.84181 0.0912129
8.84573 0.0910938
8.84993 0.0912626
8.85384 0.0911435
8.8584 0.0916628
8.8618 0.0910302
8.86584 0.0910365
8.87238 0.0915282
8.87604 0.0911523
8.88014 0.0912244
8.88688 0.0866953
8.887 0.0940523
8.88957 0.0914082
8.89393 0.0917341
8.8974 0.0911641
8.90169 0.0914273
8.90592 0.0916247
8.90964 0.0913086
8.91432 0.091954
8.92048 0.0940768
8.92439 0.091938
8.92881 0.092326
8.93221 0.0916934
8.93593 0.0913802
8.94029 0.091709
8.94401 0.0913953
8.94812 0.0914703
8.95184 0.09116
8.9582 0.0934803
8.96198 0.0912161
8.96596 0.0911567
8.97006 0.0912288
8.97414 0.0912691
8.97805 0.09115
8.98434 0.0934047
9.08316 0.0870076
9.08405 0.187906
9.18345 0.087303
9.28339 0.0872396
9.2839 0.285736
9.2873 0.0871146
9.28826 0.0921096
9.28839 0.092238
9.29185 0.091668
9.29749 0.0932778
9.30268 0.092417
9.30659 0.0922949
9.30993 0.0915966
9.31416 0.0917941
9.31884 0.0924424
9.32352 0.0930907
9.32801 0.0935478
9.33148 0.0929779
9.33802 0.0954893
9.34232 0.0937357
9.34668 0.0940645
9.35085 0.0942021
9.35483 0.0941487
9.359 0.0942864
9.36349 0.0947435
9.3676 0.0948155
9.37221 0.0953952
9.37542 0.0945715
9.38165 0.0947466
9.38492 0.0939826
9.39113 0.0909538
9.3921 0.0971272
9.39594 0.095764
9.40063 0.0964123
9.40498 0.0967352
9.40928 0.0969984
9.41422 0.0979005
9.41826 0.0979098
9.42262 0.0982351
9.42736 0.0989491
9.43384 0.101389
9.43833 0.0998264
9.44269 0.100155
9.4468 0.10023
9.45103 0.100431
9.45552 0.100888
9.45944 0.100769
9.4638 0.101097
9.46765 0.100916
9.47355 0.102782
9.47753 0.100712
9.48138 0.100527
9.48542 0.100536
9.49035 0.101436
9.49529 0.102341
9.50029 0.10213
9.50344 0.101238
9.50696 0.100733
9.51113 0.100868
9.51511 0.100812
9.51883 0.100499
9.52544 0.103076
9.5298 0.101388
9.53372 0.101269
9.53795 0.101469
9.54154 0.101027
9.54527 0.100717
9.54938 0.100792
9.55326 0.100641
9.55788 0.101227
9.56346 0.102777
9.56802 0.101283
9.57174 0.10097
9.57533 0.100528
9.57969 0.100857
9.58406 0.101189
9.58758 0.100682
9.59316 0.102229
9.59714 0.0969575
9.59727 0.101119
9.5974 0.101248
9.60156 0.101383
9.60477 0.100556
9.60862 0.100371
9.61573 0.103453
9.61888 0.100547
9.6233 0.100938
9.62722 0.100819
9.63151 0.101079
9.63164 0.101208
9.63524 0.100769
9.63927 0.100775
9.64351 0.100976
9.64723 0.100666
9.65345 0.102854
9.65795 0.101295
9.6616 0.100919
9.66565 0.100928
9.67007 0.10132
9.67373 0.100944
9.67764 0.100825
9.68156 0.100706
9.68541 0.100524
9.68951 0.100593
9.69573 0.100765
9.70507 0.102871
9.70937 0.101118
9.71315 0.100867
9.71713 0.100811
9.72155 0.101205
9.72502 0.100636
9.72957 0.101158
9.73342 0.100974
9.73798 0.101493
9.74362 0.103106
9.74735 0.100779
9.75133 0.100726
9.75543 0.100801
9.75948 0.10081
9.76365 0.100948
9.76776 0.101023
9.77161 0.100838
9.77545 0.100653
9.7811 0.102266
9.78572 0.100835
9.79033 0.101414
9.79527 0.102316
9.79969 0.101529
9.80316 0.10096
9.80694 0.100712
9.8113 0.101038
9.81509 0.10079
9.81919 0.100862
9.82336 0.100997
9.82349 0.101126
9.8267 0.100302
9.83324 0.102807
9.83773 0.101248
9.84158 0.101066
9.84524 0.10069
9.84928 0.100699
9.85339 0.100774
9.85769 0.10104
9.86135 0.100664
9.86545 0.100736
9.87129 0.10254
9.8754 0.100595
9.8797 0.100861
9.8838 0.100936
9.88784 0.100943
9.89317 0.102233
9.89721 0.0970275
9.89734 0.101189
9.90151 0.101327
9.90491 0.100694
9.90972 0.101468
9.91299 0.100704
9.91709 0.100776
9.92331 0.102965
9.92344 0.103094
9.92729 0.100892
9.93155 0.101121
9.93528 0.10081
9.93976 0.101265
9.94348 0.100951
9.94361 0.10108
9.9474 0.100832
9.95176 0.101161
9.95529 0.100656
9.96132 0.102654
9.96556 0.100841
9.96998 0.101232
9.97351 0.100728
9.97768 0.100866
9.98173 0.100875
9.98558 0.100693
9.98968 0.100762
9.99533 0.102375
9.99924 0.101077

