% time_sec delay_sec
1.18092 0.0808157
1.18092 0.0808157
1.2809 0.0807967
1.38089 0.0807835
1.48043 0.384333
1.48107 0.0809589
1.58095 0.0808473
1.68092 0.0808114
1.78116 0.081054
1.78302 0.384252
1.88094 0.0808366
1.98187 0.281099
1.98327 0.0831458
1.98571 0.0875984
1.9899 0.0877601
2.08203 0.175857
2.08299 0.0828684
2.08584 0.0877339
2.09027 0.0881255
2.09508 0.0889021
2.09951 0.0892966
2.10413 0.0898822
2.10932 0.0910469
2.11464 0.0923343
2.1194 0.0930511
2.12778 0.0953884
2.13106 0.0946273
2.13625 0.0957862
2.14087 0.0963718
2.14587 0.0973425
2.15036 0.0977997
2.15434 0.0977463
2.15793 0.0973047
2.16223 0.0975708
2.16826 0.0995686
2.17269 0.0979404
2.17282 0.0980688
2.17647 0.0976929
2.18071 0.0978933
2.18456 0.0977086
2.19378 0.0976896
2.19712 0.0969913
2.20128 0.0971231
2.2057 0.0975116
2.20583 0.09764
2.20955 0.0973269
2.2159 0.0996413
2.21943 0.0971203
2.22431 0.0979626
2.22937 0.0989931
2.23245 0.098041
2.23643 0.0979846
2.24079 0.0983134
2.24464 0.0981315
2.24881 0.0982692
2.25267 0.0980874
2.25806 0.0994433
2.26223 0.0975642
2.26678 0.0980841
2.27082 0.0980904
2.27441 0.0976489
2.27833 0.0975298
2.28731 0.0984441
2.29154 0.0986416
2.29321 0.093079
2.29538 0.0972755
2.29551 0.0974039
2.2991 0.0969594
2.29923 0.0970878
2.30634 0.100167
2.30916 0.096938
2.31416 0.0979029
2.31429 0.0980313
2.31782 0.097527
2.32193 0.097599
2.32642 0.0980562
2.33835 0.0978836
2.34207 0.0975704
2.34816 0.0976172
2.35252 0.097946
2.35631 0.0976985
2.36035 0.0977078
2.36446 0.0977798
2.36876 0.0980458
2.37248 0.0977327
2.38082 0.098008
2.38615 0.0993012
2.39237 0.0922418
2.39551 0.0994165
2.3993 0.0971522
2.40385 0.0976692
2.40744 0.0972276
2.41154 0.0972938
2.41167 0.0974221
2.41616 0.0978788
2.42013 0.0978224
2.42456 0.0982169
2.42886 0.09848
2.43347 0.0990626
2.43828 0.0978225
2.4422 0.0977034
2.44644 0.0979068
2.45042 0.0978533
2.45465 0.0980567
2.4587 0.0980659
2.46222 0.0975617
2.46652 0.0978277
2.47018 0.0974518
2.47634 0.0995781
2.48077 0.0979558
2.4843 0.0974515
2.48937 0.098485
2.49295 0.0928286
2.49379 0.0976952
2.49706 0.0969312
2.5011 0.0969375
2.50533 0.097135
2.50937 0.0971413
2.51386 0.0975985
2.51835 0.0980557
2.52406 0.0997306
2.52867 0.0982964
2.5288 0.0984248
2.53214 0.0977265
2.53612 0.097673
2.54035 0.0978734
2.54413 0.097623
2.5485 0.0979547
2.56024 0.0975974
2.56685 0.0981548
2.57038 0.0976505
2.57429 0.0975285
2.57808 0.097281
2.58289 0.0980606
2.58732 0.0984521
2.59123 0.0983301
2.59232 0.0921912
2.59514 0.0970296
2.59924 0.0971016
2.60393 0.0977499
2.6081 0.0978876
2.61336 0.0991122
2.61791 0.0976183
2.62657 0.0982131
2.63395 0.0975211
2.63841 0.0979467
2.64258 0.0980844
2.65207 0.0995123
2.65605 0.0974391
2.66035 0.0977052
2.66465 0.0979712
2.66837 0.097661
2.67286 0.0981153
2.67659 0.097805
2.68043 0.0976203
2.68448 0.0976295
2.68935 0.0984719
2.69346 0.0973626
2.6975 0.0973689
2.70346 0.0992982
2.7075 0.0972878
2.70763 0.0974162
2.71122 0.0969746
2.71609 0.097817
2.71969 0.0973754
2.7245 0.098155
2.72886 0.0984838
2.73271 0.098299
2.73643 0.0979888
2.74182 0.0993418
2.74599 0.0974627
2.75042 0.0978571
2.75421 0.0976096
2.75825 0.0976189
2.76268 0.0980134
2.76723 0.0985362
2.77435 0.0975904
2.77814 0.0973429
2.78443 0.0975808
2.78456 0.0977092
2.78808 0.0972019
2.78821 0.0973303
2.79238 0.0922532
2.79366 0.098746
2.7968 0.0966782
2.80129 0.0971324
2.80527 0.0970731
2.80943 0.0972079
2.81393 0.097665
2.81816 0.0978654
2.82191 0.0975863
2.8266 0.0982376
2.83237 0.0999728
2.83596 0.0975174
2.84007 0.0975894
2.84398 0.0974703
2.8486 0.0980588
2.85258 0.0980024
2.85643 0.0978176
2.86041 0.0977642
2.87003 0.0993175
2.87407 0.0973071
2.87805 0.0972507
2.88273 0.097902
2.88709 0.0982308
2.88722 0.0983592
2.89146 0.0985595
2.89293 0.0928059
2.8955 0.0973875
2.89941 0.0972655
2.90351 0.0973375
2.90781 0.0976035
2.9114 0.0971591
2.91615 0.097873
2.92173 0.099423
2.92654 0.0981829
2.9309 0.0985088
2.93418 0.0977477
2.93854 0.0980765
2.94252 0.098023
2.94643 0.0979039
2.95048 0.0979132
2.96036 0.0997263
2.96048 0.0998547
2.96427 0.0975904
2.96825 0.097537
2.97287 0.0981196
2.97659 0.0978094
2.98057 0.097753
2.98949 0.0986046
2.99725 0.0971194
3.00186 0.097705
3.00572 0.0975258
3.01104 0.098816
3.01595 0.0976727
3.02442 0.0980735
3.02846 0.0980798
3.03654 0.0980974
3.04045 0.0979753
3.04414 0.0976305
3.04998 0.0994373
3.05396 0.0973671
3.05807 0.0974391
3.06211 0.0974483
3.06673 0.0980339
3.07052 0.0977864
3.0786 0.097805
3.08258 0.0977515
3.08656 0.0976981
3.0915 0.0965864
3.09233 0.0922075
3.09567 0.0975625
3.10119 0.0990497
3.10581 0.0976214
3.10966 0.0974367
3.10979 0.097565
3.1137 0.097443
3.11787 0.0975807
3.12211 0.097784
3.12654 0.0981755
3.13981 0.099353
3.14392 0.0974082
3.14848 0.0979306
3.15239 0.0978115
3.15643 0.0978207
3.16035 0.0977016
3.16048 0.09783
3.16432 0.0976452
3.17241 0.0976609
3.17812 0.0993392
3.18223 0.0973974
3.18704 0.0981741
3.19147 0.0985685
3.19589 0.0977817
3.20012 0.0979821
3.20372 0.0975405
3.20769 0.0974841
3.21148 0.0972337
3.21985 0.0975402
3.22486 0.0985109
3.22986 0.0994816
3.23371 0.0972801
3.23846 0.097994
3.24224 0.0977466
3.24641 0.0978842
3.25065 0.0980876
3.25463 0.0980312
3.26778 0.0990861
3.27202 0.0972698
3.27625 0.0974702
3.28055 0.0977362
3.28434 0.0974887
3.28947 0.0985849
3.29216 0.0920298
3.29312 0.0970248
3.2969 0.0967714
3.30145 0.0972913
3.30549 0.0972977
3.30947 0.0972384
3.31402 0.0977577
3.32024 0.0999467
3.32422 0.0978736
3.32839 0.0980083
3.33217 0.0977579
3.33602 0.097576
3.34012 0.0976451
3.34403 0.0975231
3.34843 0.0978859
3.35215 0.0975727
3.35741 0.0988002
3.36184 0.0971779
3.36652 0.0978257
3.37011 0.0973841
3.37422 0.0974562
3.3782 0.0973998
3.38262 0.0977942
3.38718 0.0983141
3.39131 0.0984143
3.39227 0.0921471
3.3949 0.0967944
3.39503 0.0969228
3.39882 0.0966723
3.40311 0.0969355
3.40824 0.0980346
3.41286 0.0966005
3.41755 0.0972517
3.42172 0.0973894
3.42653 0.098166
3.42948 0.0970825
3.43358 0.0971516
3.4382 0.0977342
3.44089 0.096394
3.44737 0.0988397
3.45166 0.0970831
3.45525 0.0966416
3.45885 0.0962
3.45897 0.0963284
3.46295 0.096272
3.4661 0.0953826
3.47052 0.0957741
3.4743 0.0955237
3.4779 0.0950821
3.48258 0.0957333
3.48598 0.0930839
3.48918 0.0890562
3.49046 0.0943707
3.49572 0.0955923
3.49912 0.09294
3.50296 0.0927522
3.50668 0.0924361
3.51059 0.092317
3.51463 0.0923234
3.51906 0.0927149
3.52374 0.0933632
3.52752 0.0931128
3.52765 0.0932412
3.53291 0.0944657
3.5365 0.0920074
3.54054 0.0920138
3.5449 0.0923396
3.54503 0.092468
3.54939 0.0927939
3.55304 0.092415
3.55702 0.0923586
3.56119 0.0924963
3.56466 0.0919264
3.57005 0.0932823
3.57389 0.0910807
3.57832 0.0914723
3.58191 0.0910336
3.58569 0.0855684
3.58659 0.0904977
3.58986 0.0897337
3.59364 0.0894827
3.59761 0.0894205
3.6028 0.0905765
3.60582 0.0895586
3.61012 0.0898247
3.61435 0.0900251
3.62121 0.0928501
3.62531 0.0909025
3.62903 0.0905893
3.63327 0.0907868
3.63721 0.0906958
3.63734 0.0908242
3.64202 0.0914754
3.646 0.0914161
3.64972 0.091103
3.65337 0.0907271
3.65953 0.0928504
3.66312 0.0903921
3.6671 0.0903357
3.6705 0.089703
3.67524 0.090414
3.67909 0.0902293
3.68403 0.0911343
3.68544 0.085315
3.68794 0.089831
3.69217 0.0900314
3.69602 0.0898437
3.70064 0.0904263
3.70172 0.0915132
3.70467 0.0904297
3.71108 0.0928063
3.71487 0.0905391
3.71974 0.0913786
3.72486 0.0924689
3.72499 0.0925973
3.72947 0.0930456
3.73364 0.0931804
3.73717 0.0926732
3.74236 0.093835
3.74666 0.0940981
3.7523 0.095705
3.75577 0.0931212
3.76086 0.0941828
3.76433 0.0936158
3.7685 0.0937505
3.77267 0.0938853
3.77658 0.0937662
3.78056 0.0937098
3.7853 0.0944237
3.78876 0.088636
3.78998 0.0938849
3.79011 0.0940133
3.79401 0.0938883
3.79414 0.0940167
3.79793 0.0937662
3.80299 0.0947938
3.80722 0.0929745
3.81164 0.093366
3.8162 0.0938859
3.82107 0.0947224
3.82587 0.0954962
3.826 0.0956245
3.82959 0.0951801
3.83408 0.0956372
3.83838 0.0959004
3.84425 0.0977353
3.84931 0.096752
3.85303 0.0964388
3.85733 0.0967019
3.86176 0.0970934
3.86586 0.0971655
3.87022 0.0974913
3.87035 0.0976197
3.87407 0.0973065
3.87875 0.0979548
3.88337 0.0985404
3.88722 0.0963359
3.89126 0.0963423
3.89241 0.0922829
3.89715 0.0990413
3.90106 0.0969025
3.90494 0.0967459
3.90927 0.0970401
3.91337 0.0971092
3.91799 0.0976918
3.92222 0.0978922
3.92616 0.0978008
3.93014 0.0977415
3.9354 0.098969
3.93982 0.0973437
3.93995 0.0974721
3.94351 0.096996
3.94822 0.0976783
3.9522 0.097622
3.95984 0.0971897
3.964 0.0973215
3.96779 0.097074
3.97305 0.0982986
3.97683 0.0960343
3.98055 0.0957211
3.9844 0.0955364
3.98959 0.0966924
3.99061 0.0904879
3.99382 0.0957085
3.99747 0.0953268
4.0017 0.0955242
4.00587 0.0956646
4.0094 0.0951574
4.01421 0.0959311
4.01895 0.0966421
4.02398 0.0976405
4.02905 0.0966543
4.03283 0.0964033
4.03713 0.0966665
4.04123 0.0967385
4.04572 0.0971956
4.04983 0.0972676
4.05432 0.0977219
4.05752 0.0968952
4.06365 0.0989839
4.06711 0.0964001
4.07141 0.0966633
4.07462 0.0958395
4.07866 0.0958488
4.07879 0.0959772
4.08251 0.0956669
4.08707 0.0961868
4.0872 0.0963152
4.08982 0.0896944
4.09085 0.0947551
4.09521 0.095081
4.09832 0.0941599
4.1028 0.0946112
4.10659 0.0943637
4.11185 0.0955912
4.11628 0.093966
4.1223 0.095955
4.12592 0.0955446
4.1299 0.0954852
4.13002 0.0956136
4.13423 0.0957824
4.13814 0.0956604
4.14244 0.0959235
4.14689 0.0963461
4.15253 0.0979559
4.15619 0.0955603
4.15991 0.0952471
4.1644 0.0957013
4.16818 0.0954538
4.17229 0.0955229
4.17582 0.0950186
4.18024 0.0954101
4.18409 0.0952283
4.18871 0.095808
4.1898 0.0896692
4.19306 0.0949555
4.19678 0.0946365
4.20235 0.0961771
4.20665 0.0944205
4.21062 0.0943641
4.21492 0.0946243
4.21889 0.0945645
4.22364 0.095275
4.22841 0.0960171
4.23252 0.0960891
4.23656 0.0960955
4.24259 0.0980904
4.2472 0.0966587
4.25156 0.0969845
4.25547 0.096862
4.25881 0.0961636
4.26381 0.0971285
4.26779 0.0970721
4.27169 0.0969471
4.27577 0.096987
4.28141 0.0985967
4.2852 0.0963325
4.28853 0.0956312
4.29141 0.091284
4.29423 0.0981362
4.29814 0.0959945
4.30346 0.0972788
4.30724 0.0970284
4.31076 0.0965212
4.31506 0.0967843
4.31945 0.0971413
4.32413 0.0977866
4.32862 0.0982409
4.33317 0.0987637
4.33837 0.0979088
4.34222 0.097724
4.34632 0.097796
4.35062 0.0980621
4.3546 0.0980087
4.35839 0.0977582
4.36211 0.097448
4.36666 0.0979679
4.37288 0.100154
4.37616 0.0973761
4.38039 0.0975765
4.38495 0.0980993
4.3895 0.0986163
4.392 0.0918701
4.39373 0.0976325
4.39706 0.0969341
4.40129 0.0971316
4.4059 0.0977113
4.40969 0.0974609
4.40982 0.0975893
4.41411 0.0978494
4.41424 0.0979778
4.41841 0.0981126
4.42447 0.100142
4.4288 0.098419
4.43249 0.0980742
4.43614 0.0976983
4.44025 0.0977703
4.44403 0.0975199
4.44827 0.0977232
4.45237 0.0977952
4.45655 0.0979329
4.46174 0.0990977
4.46668 0.0979831
4.46995 0.0972191
4.47418 0.0974195
4.47784 0.0970436
4.48227 0.0974351
4.48765 0.0987851
4.49156 0.098666
4.49323 0.0931035
4.49586 0.0977478
4.49977 0.0976258
4.50387 0.0976949
4.5082 0.0979856
4.51412 0.0998803
4.51813 0.0978383
4.51826 0.0979667
4.52332 0.0989943
4.52647 0.0981048
4.53057 0.0981768
4.53449 0.0980577
4.53859 0.0981297
4.54276 0.0982674
4.54616 0.0976347
4.55284 0.100275
4.55624 0.0976251
4.55637 0.0977535
4.55951 0.0968641
4.56477 0.0980886
4.56932 0.0986085
4.57259 0.0978445
4.57272 0.0979729
4.57663 0.0978538
4.57676 0.0979822
4.58074 0.0979258
4.58529 0.0984457
4.59035 0.0994733
4.59759 0.0974687
4.60413 0.0999684
4.60746 0.0972533
4.61163 0.097388
4.61618 0.0979079
4.61984 0.097532
4.61997 0.0976604
4.62478 0.0984342
4.6285 0.098121
4.63267 0.0982558
4.63658 0.0981366
4.64235 0.0998748
4.64627 0.0977389
4.65063 0.0980706
4.65442 0.0978231
4.6584 0.0977667
4.6625 0.0978388
4.6668 0.0981048
4.67026 0.0975349
4.6804 0.0996047
4.68438 0.0975316
4.69207 0.0919443
4.6938 0.098885
4.69745 0.0973278
4.70105 0.0968863
4.70566 0.097466
4.7097 0.0974723
4.71393 0.0976698
4.71829 0.0979956
4.72233 0.0980049
4.72714 0.0987816
4.72759 0.0992295
4.73189 0.0994956
4.736 0.0975508
4.74023 0.0977512
4.74408 0.0975664
4.74857 0.0980266
4.75261 0.0980329
4.75665 0.0980422
4.76038 0.097732
4.76461 0.0979324
4.77 0.0992883
4.7741 0.0973406
4.77782 0.0970274
4.78264 0.097807
4.78706 0.0981985
4.79162 0.0987214
4.79617 0.09806
4.7997 0.0975557
4.80393 0.0977532
4.80816 0.0979536
4.81195 0.0977031
4.82189 0.0995819
4.82664 0.0982791
4.83094 0.0985422
4.83395 0.0975243
4.83831 0.0978531
4.84261 0.0981192
4.84647 0.0979374
4.8507 0.0981407
4.85475 0.09815
4.86014 0.0995059
4.86424 0.0975611
4.86835 0.0976361
4.8729 0.098156
4.87637 0.097589
4.8806 0.0977894
4.88477 0.097927
4.88926 0.0983813
4.89202 0.0918918
4.89343 0.0973347
4.89715 0.0970215
4.90138 0.097219
4.90587 0.0976733
4.91151 0.099283
4.91593 0.0976578
4.91959 0.0972819
4.92434 0.0979953
4.92844 0.0980673
4.93242 0.0980109
4.93627 0.0978291
4.94038 0.0979011
4.94416 0.0976507
4.94991 0.0993601
4.95453 0.0979319
4.95825 0.0976187
4.96261 0.0979475
4.96672 0.0980195
4.97031 0.0975779
4.9746 0.0978411
4.97845 0.0976563
4.98269 0.0978596
4.9875 0.0986363
4.99173 0.0968199
4.99276 0.0926322
4.99545 0.0973422
5.00103 0.0988893
5.00572 0.0975295
5.00963 0.0974045
5.00976 0.0975329
5.01374 0.0974765
5.0181 0.0978053
5.02234 0.0980086
5.02657 0.098209
5.031 0.0986035
5.03427 0.0978424
5.04011 0.0996462
5.04024 0.0997746
5.04408 0.0975731
5.04858 0.0980332
5.05249 0.0979111
5.05628 0.0976636
5.06006 0.0974161
5.06436 0.0976793
5.0684 0.0976885
5.07257 0.0978262
5.07777 0.098991
5.08207 0.0972403
5.08644 0.097572
5.09157 0.0986711
5.09535 0.0972453
5.09972 0.0975741
5.10382 0.0976461
5.1078 0.0975926
5.11184 0.097596
5.11601 0.0977303
5.12005 0.0977395
5.12473 0.0983908
5.13012 0.0997467
5.13391 0.0974795
5.14199 0.0974951
5.14616 0.0976328
5.15072 0.0981556
5.15463 0.0980365
5.15855 0.0979174
5.16278 0.0981178
5.16824 0.0995394
5.17202 0.0972751
5.17626 0.0974755
5.18056 0.0977416
5.18447 0.0976224
5.18928 0.0983962
5.19203 0.0919067
5.19723 0.0971021
5.20236 0.0981954
5.20556 0.0973716
5.21018 0.0979542
5.21429 0.0980262
5.22012 0.09983
5.22442 0.0980793
5.22878 0.0984052
5.23231 0.0979009
5.23591 0.0974623
5.24014 0.0976598
5.24418 0.097669
5.24855 0.0980008
5.25246 0.0978816
5.25811 0.0994973
5.26311 0.0984512
5.26658 0.0978813
5.26671 0.0980097
5.26991 0.097183
5.27428 0.0975118
5.27864 0.0978405
5.28287 0.0980439
5.28711 0.0982443
5.28724 0.0983727
5.29211 0.099215
5.2959 0.0977862
5.30392 0.0977391
5.31014 0.0999281
5.31399 0.0977265
5.31848 0.0981837
5.32223 0.0979046
5.3265 0.0981361
5.32663 0.0982645
5.33108 0.0986871
5.3341 0.0976693
5.33859 0.0981264
5.34237 0.097879
5.34847 0.0999425
5.35309 0.0985083
5.35322 0.0986367
5.35649 0.0978757
5.36002 0.0973714
5.36464 0.0979599
5.36926 0.0985455
5.37272 0.0979755
5.37645 0.0976653
5.38055 0.0977373
5.38639 0.099544
5.38992 0.0970201
5.39216 0.0920367
5.39973 0.0996059
5.40422 0.0980404
5.40698 0.0967658
5.41178 0.0975395
5.41583 0.0975488
5.42 0.0976865
5.42449 0.0981437
5.42859 0.0982157
5.43231 0.0978991
5.43847 0.100022
5.44212 0.0976297
5.44626 0.0977358
5.45063 0.0980675
5.45454 0.0979484
5.45846 0.0978293
5.46693 0.098233
5.46706 0.0983614
5.47046 0.0977287
5.47591 0.0991474
5.48027 0.0974594
5.48438 0.0975343
5.48451 0.0976627
5.48951 0.0986305
5.49425 0.0981602
5.49752 0.0973933
5.49765 0.0975217
5.50207 0.0979103
5.5022 0.0980387
5.50547 0.0972776
5.50977 0.0975407
5.51413 0.0978695
5.51849 0.0981983
5.52225 0.0979192
5.52847 0.100105
5.53209 0.097678
5.53568 0.0972394
5.53992 0.0974369
5.54364 0.0971237
5.54832 0.0977744
5.55236 0.0977808
5.55621 0.0975989
5.56006 0.0974171
5.56571 0.0990268
5.56978 0.0970475
5.57407 0.0973106
5.5776 0.0968064
5.58209 0.0972635
5.58627 0.0974012
5.59126 0.0983661
5.59518 0.0970657
5.59921 0.097072
5.60364 0.0974606
5.60377 0.097589
5.60723 0.097019
5.61133 0.0970881
5.61765 0.0993738
5.62195 0.0976231
5.62599 0.0976324
5.62971 0.0973163
5.63366 0.0972283
5.63827 0.0978109
5.64161 0.0971126
5.64604 0.0975071
5.65001 0.0974507
5.65014 0.0975791
5.65552 0.0989291
5.65848 0.0958318
5.66284 0.0961576
5.66656 0.0958474
5.67022 0.0954686
5.67387 0.0950898
5.674 0.0952181
5.67823 0.0954185
5.68138 0.0945291
5.68593 0.0950519
5.68606 0.0951803
5.68862 0.0884939
5.69029 0.0941935
5.69336 0.0932384
5.69715 0.092988
5.70234 0.094144
5.70247 0.0942724
5.70631 0.0920708
5.71068 0.0923996
5.71472 0.0924089
5.71914 0.0928004
5.72402 0.0936398
5.72793 0.0935178
5.73165 0.0932046
5.73556 0.0930826
5.74159 0.0950746
5.74556 0.0930014
5.74993 0.0933302
5.75313 0.0925035
5.7573 0.0926382
5.75743 0.0927666
5.76083 0.0921339
5.76513 0.0924
5.7693 0.0925347
5.77302 0.0922216
5.77732 0.0924876
5.78091 0.0900293
5.78521 0.0902924
5.78597 0.0858479
5.79008 0.0919673
5.7938 0.0896374
5.79784 0.0896432
5.80271 0.0904797
5.80579 0.0895275
5.81073 0.0904326
5.81438 0.0900567
5.819 0.0906393
5.82387 0.0914753
5.82894 0.0925087
5.83323 0.0907522
5.83336 0.0908806
5.83734 0.0908242
5.84189 0.0913441
5.8458 0.091222
5.84997 0.0913568
5.85337 0.0907241
5.85792 0.0912406
5.86126 0.0905452
5.86645 0.091707
5.86658 0.0918354
5.87024 0.0894427
5.87473 0.0898999
5.87819 0.08933
5.87832 0.0894584
5.88275 0.0898528
5.88429 0.0841619
5.88698 0.0888719
5.88999 0.0878511
5.89484 0.0886589
5.89817 0.0879606
5.90234 0.0880953
5.90664 0.0883614
5.911 0.0886902
5.91699 0.0906505
5.92148 0.0890851
5.9253 0.0888687
5.9294 0.0889378
5.92953 0.0890661
5.93318 0.0886844
5.93831 0.0897776
5.93843 0.089906
5.94203 0.0894645
5.94555 0.0889573
5.94959 0.0889636
5.95504 0.0903822
5.95915 0.0884404
5.963 0.0882557
5.96653 0.0877509
5.97089 0.0880796
5.97474 0.0878949
5.97987 0.088994
5.98372 0.0835944
5.98443 0.0883326
5.98853 0.0884017
5.9919 0.0877374
5.99664 0.0884455
6.00112 0.0888968
6.0062 0.0899361
6.01068 0.088373
6.01081 0.0885014
6.01479 0.088445
6.01979 0.0894128
6.02332 0.0889086
6.02345 0.089037
6.02762 0.0891746
6.02775 0.089303
6.03217 0.0896916
6.03589 0.0893784
6.04025 0.0897043
6.04596 0.0913768
6.04916 0.0885333
6.05333 0.088668
6.05699 0.0882921
6.06084 0.0881103
6.06507 0.0883107
6.0688 0.0880005
6.07309 0.0882636
6.07733 0.088464
6.08201 0.0891152
6.08355 0.0834243
6.08618 0.0880716
6.09073 0.0885915
6.09606 0.0898817
6.10023 0.0879997
6.10408 0.0878179
6.10863 0.0883378
6.11322 0.0888888
6.11726 0.0888951
6.12264 0.0902422
6.12649 0.0900574
6.12988 0.0894218
6.1354 0.0909003
6.13944 0.0888898
6.14367 0.0890873
6.14732 0.0887085
6.15072 0.0880758
6.15508 0.0884017
6.15893 0.0882198
6.1631 0.0883546
6.16695 0.0881698
6.17324 0.0904215
6.17747 0.0886051
6.18003 0.0871364
6.18298 0.0828544
6.18644 0.0903485
6.19061 0.0884636
6.19458 0.0884043
6.19836 0.0881538
6.20253 0.0882822
6.20734 0.0890589
6.21067 0.0883605
6.21551 0.0891654
6.22041 0.090033
6.22509 0.0906783
6.22951 0.0890501
6.23265 0.0881577
6.23727 0.0887404
6.24093 0.0883645
6.24477 0.0881768
6.24875 0.0881204
6.2533 0.0886403
6.25715 0.0884555
6.26353 0.090804
6.26681 0.0880262
6.27085 0.0880325
6.27482 0.0879761
6.27989 0.0890067
6.28264 0.0825172
6.28431 0.0882169
6.28834 0.0882173
6.292 0.0878385
6.2961 0.0879076
6.30014 0.087911
6.30443 0.0881712
6.30898 0.0886911
6.31491 0.0905853
6.31978 0.089405
6.32299 0.0885753
6.32311 0.0887037
6.32684 0.0883935
6.33094 0.0884596
6.33485 0.0883376
6.33895 0.0884096
6.34331 0.0887354
6.34684 0.0882282
6.35242 0.0897742
6.35742 0.0887252
6.36057 0.0878358
6.36499 0.0882273
6.36897 0.0881709
6.37326 0.0884341
6.37711 0.0882493
6.38237 0.0894709
6.38346 0.0833321
6.38717 0.0890634
6.3873 0.0891918
6.39019 0.0880455
6.39474 0.0885625
6.39852 0.0883121
6.40429 0.0900473
6.40884 0.0885504
6.41288 0.0885568
6.41769 0.0893276
6.42345 0.0910569
6.4264 0.0899734
6.43089 0.0904247
6.43461 0.0901115
6.43916 0.0906315
6.4457 0.093137
6.44916 0.0905503
6.45314 0.0904939
6.45711 0.0904346
6.46109 0.0903811
6.46494 0.0901934
6.46507 0.0903218
6.46885 0.0900743
6.47283 0.0900179
6.47655 0.0897048
6.47668 0.0898332
6.48216 0.09128
6.48261 0.0917279
6.48447 0.0843426
6.48594 0.0898482
6.48607 0.0899766
6.4896 0.0894694
6.49492 0.0907567
6.4994 0.0891913
6.50318 0.0889379
6.50729 0.0890099
6.51133 0.0890162
6.51594 0.0895989
6.52177 0.0913933
6.52575 0.091334
6.53004 0.0915972
6.53703 0.0945506
6.54158 0.0930537
6.54171 0.0931821
6.54658 0.0940215
6.55082 0.0942219
6.55524 0.0946135
6.55948 0.0948138
6.56499 0.0962952
6.56993 0.0972003
6.57391 0.0971439
6.58064 0.0998464
6.58513 0.0982868
6.58558 0.0987347
6.58802 0.0971347
6.58814 0.0972631
6.59206 0.0919292
6.59449 0.0995746
6.59821 0.0980802
6.60224 0.0980806
6.60237 0.098209
6.60526 0.0970628
6.60987 0.0976454
6.61417 0.0979056
6.61798 0.0976892
6.62254 0.0982091
6.62658 0.0982184
6.63264 0.100242
6.63604 0.0975921
6.64014 0.0976641
6.64027 0.0977925
6.64405 0.097542
6.64855 0.0980021
6.65246 0.0978801
6.65657 0.097955
6.6601 0.0974508
6.66491 0.0982274
6.67094 0.100222
6.67466 0.0978924
6.67889 0.0980928
6.68248 0.0976513
6.68716 0.0982966
6.68729 0.098425
6.69191 0.0990106
6.69531 0.0971966
6.69967 0.0975225
6.70377 0.0975916
6.70749 0.0972784
6.71172 0.0974759
6.71621 0.0979301
6.72361 0.1013
6.73124 0.0988478
6.73464 0.0982152
6.73868 0.0982215
6.7426 0.0981024
6.74645 0.0979206
6.75062 0.0980582
6.75434 0.097748
6.76018 0.0995489
6.76499 0.0983088
6.76928 0.0985719
6.77223 0.0974884
6.77634 0.0975604
6.78064 0.0978265
6.78443 0.097579
6.78936 0.0984811
6.79423 0.0981392
6.79436 0.0982676
6.79801 0.0978888
6.80192 0.0977638
6.80545 0.0972566
6.81183 0.0995992
6.81651 0.0982307
6.81984 0.0975324
6.82446 0.098118
6.82879 0.0984122
6.83277 0.0983587
6.83662 0.098174
6.84072 0.098246
6.84438 0.0978701
6.85064 0.100093
6.85462 0.0980229
6.85834 0.0977097
6.86232 0.0976534
6.86655 0.0978508
6.87033 0.0976004
6.87434 0.0975751
6.87896 0.0981607
6.88255 0.0977221
6.88781 0.0989437
6.89185 0.0969333
6.89249 0.0923604
6.89293 0.0980202
6.89544 0.0973272
6.90172 0.099576
6.90634 0.0981418
6.90973 0.0975062
6.91345 0.0971901
6.91358 0.0973185
6.91781 0.0975189
6.92673 0.0983676
6.9309 0.0985023
6.93411 0.0976785
6.94045 0.099993
6.94424 0.0977287
6.94861 0.0980604
6.95245 0.0978757
6.9565 0.0978849
6.95951 0.0968671
6.96471 0.098029
6.96869 0.0979726
6.97234 0.0975938
6.9792 0.100425
6.98325 0.0984172
6.98728 0.0984206
6.98741 0.098549
6.99203 0.0991316
6.99556 0.097446
6.9996 0.0974524
7.00402 0.097841
7.00877 0.0985579
7.01172 0.0974744
7.01621 0.0979287
7.02031 0.0980036
7.02487 0.0985235
7.03128 0.100907
7.03449 0.098066
7.03879 0.0983291
7.04232 0.0978248
7.04662 0.0980909
7.05079 0.0982286
7.05439 0.09779
7.05823 0.0976052
7.06215 0.0974861
7.06965 0.100955
7.07344 0.0986912
7.07633 0.097545
7.0805 0.0976821
7.08415 0.0973063
7.08961 0.0987278
7.09249 0.0923668
7.09326 0.0971706
7.09724 0.0971143
7.10147 0.0973147
7.10628 0.0980913
7.11411 0.0978472
7.12463 0.0982855
7.1288 0.0984203
7.13233 0.097916
7.13611 0.0976685
7.14022 0.0977405
7.14387 0.0973617
7.1485 0.0979502
7.15234 0.0977654
7.15857 0.0999573
7.16261 0.0979498
7.16646 0.097765
7.17018 0.0974519
7.17428 0.0975209
7.17852 0.0977213
7.18282 0.0979874
7.18711 0.0982505
7.19186 0.0989645
7.19597 0.0978581
7.2002 0.0980585
7.2036 0.0974259
7.21021 0.0999971
7.21425 0.0979866
7.21797 0.0976735
7.22195 0.09762
7.22663 0.0982683
7.23086 0.0984658
7.23388 0.097448
7.2383 0.0978395
7.24228 0.097786
7.24924 0.100714
7.24937 0.100842
7.25232 0.0977448
7.25669 0.0980736
7.26022 0.0975693
7.2649 0.0982205
7.26881 0.0981014
7.27253 0.0977882
7.27677 0.0979916
7.28049 0.0976784
7.28729 0.100444
7.28998 0.0970866
7.29216 0.0920376
7.2937 0.0976119
7.30031 0.100183
7.30371 0.0975307
7.30416 0.0979786
7.30749 0.0972832
7.31134 0.0970984
7.31647 0.0981946
7.32026 0.0979471
7.32443 0.0980848
7.32866 0.0982852
7.33235 0.0979404
7.33851 0.100064
7.33864 0.100192
7.34634 0.0978087
7.35057 0.0980091
7.35397 0.0973765
7.35801 0.0973857
7.36257 0.0979086
7.36687 0.0981746
7.37027 0.097542
7.37662 0.0998593
7.38073 0.0979146
7.38445 0.0976044
7.38978 0.0988946
7.39221 0.0920856
7.39734 0.0972124
7.401 0.0968365
7.40555 0.0973594
7.41395 0.0976945
7.41825 0.0979606
7.4223 0.0979699
7.4289 0.100544
7.43275 0.0983425
7.43635 0.0979038
7.43994 0.0974594
7.44398 0.0974657
7.44834 0.0977974
7.45245 0.0978694
7.45662 0.0980071
7.46021 0.0975685
7.46669 0.100014
7.46682 0.100143
7.47041 0.0976843
7.47471 0.0979474
7.4783 0.0975059
7.48247 0.0976436
7.48703 0.0981635
7.49152 0.0986206
7.49633 0.098216
7.50377 0.0975897
7.50761 0.0974049
7.51153 0.0972829
7.51839 0.100114
7.52237 0.0980436
7.53087 0.0984726
7.53363 0.0971979
7.54203 0.0975331
7.54626 0.0977364
7.55018 0.0976173
7.55031 0.0977457
7.55666 0.100063
7.56032 0.0976704
7.56487 0.0981932
7.56847 0.0977546
7.57264 0.0978893
7.57636 0.0975762
7.58053 0.0977139
7.58457 0.0977231
7.58944 0.0985626
7.59246 0.0923299
7.59733 0.0972028
7.60147 0.0973059
7.60839 0.1002
7.61221 0.0979635
7.61625 0.0979728
7.61972 0.0974058
7.62427 0.0979257
7.62876 0.0983828
7.6328 0.0983921
7.63666 0.0982103
7.64044 0.0979599
7.6466 0.100086
7.65064 0.0980786
7.6552 0.0986015
7.65808 0.0974552
7.66238 0.0977213
7.66668 0.0979844
7.67014 0.0974145
7.6747 0.0979344
7.67836 0.0975585
7.68522 0.100392
7.69176 0.0968505
7.69292 0.0927912
7.69753 0.0994241
7.7024 0.0982438
7.70253 0.0983722
7.70651 0.0983158
7.70972 0.0974891
7.71388 0.0976239
7.71806 0.0977615
7.7221 0.0977708
7.73108 0.0986822
7.73628 0.099847
7.74012 0.0976425
7.74403 0.09752
7.74843 0.0978828
7.75221 0.0976324
7.75625 0.0976417
7.75985 0.097203
7.7646 0.097917
7.76825 0.0975411
7.77454 0.0997928
7.77852 0.0977197
7.78282 0.0979857
7.78615 0.0972903
7.79186 0.0989628
7.79558 0.0974713
7.79937 0.0972238
7.80366 0.0974869
7.80758 0.0973678
7.81136 0.0971174
7.8163 0.0980224
7.81675 0.0984703
7.82015 0.0978377
7.82656 0.100221
7.83029 0.0978908
7.83375 0.0973208
7.83779 0.0973272
7.84138 0.0968856
7.84574 0.0972144
7.84978 0.0972207
7.85306 0.0964597
7.85626 0.095633
7.86184 0.09718
7.86467 0.0939543
7.86807 0.0933187
7.87095 0.0921724
7.87442 0.0916025
7.87788 0.0910325
7.88199 0.0911046
7.885 0.0848719
7.88602 0.0899296
7.88961 0.0894822
7.89211 0.0879508
7.89637 0.0881793
7.90073 0.0885052
7.90663 0.0903747
7.91074 0.0884299
7.91555 0.0892036
7.91901 0.0886337
7.92235 0.0879383
7.92658 0.0881387
7.93037 0.0878883
7.93453 0.088023
7.93877 0.0882205
7.94544 0.0908573
7.94851 0.0878855
7.95332 0.0886621
7.95685 0.0881579
7.96077 0.0880388
7.96481 0.088048
7.96885 0.0880573
7.97321 0.0883832
7.977 0.0881357
7.98194 0.0890407
7.98373 0.0836066
7.98611 0.0879971
7.99014 0.0880005
7.99675 0.088555
8.00069 0.088464
8.00412 0.0878625
8.00836 0.0880689
8.01227 0.0879469
8.01663 0.0882727
8.02022 0.0878282
8.02446 0.0880286
8.02458 0.088157
8.02862 0.0881634
8.03491 0.0904151
8.03908 0.088533
8.04299 0.088411
8.04658 0.0879694
8.05056 0.087916
8.05479 0.0881134
8.05492 0.0882418
8.05877 0.08806
8.06282 0.0880693
8.06699 0.088207
8.07308 0.0902705
8.0777 0.0888393
8.08014 0.0872422
8.08027 0.0873706
8.0836 0.0834771
8.08617 0.0900785
8.0904 0.0882592
8.09053 0.0883876
8.09432 0.0881401
8.09836 0.0881459
8.10208 0.0878327
8.1065 0.0882272
8.1107 0.088393
8.11525 0.08891
8.11968 0.0892986
8.12477 0.0903602
8.12875 0.0882836
8.13253 0.0880331
8.13778 0.0892548
8.14131 0.0887476
8.1449 0.0883031
8.14862 0.0879899
8.15298 0.0883187
8.1569 0.0881996
8.16331 0.0905826
8.16723 0.0884468
8.17101 0.0881993
8.17492 0.0880772
8.18038 0.0894959
8.18339 0.0832602
8.18435 0.0882552
8.18845 0.0883214
8.19211 0.0879455
8.19621 0.088014
8.20082 0.0885932
8.20422 0.0879605
8.20871 0.0884177
8.21519 0.0888438
8.22 0.0896175
8.22346 0.0890476
8.22693 0.0884806
8.23077 0.0882929
8.23481 0.0882992
8.23917 0.0886251
8.24321 0.0886285
8.2468 0.0881869
8.25347 0.0908238
8.257 0.0883027
8.26104 0.088312
8.26483 0.0880645
8.26887 0.0880738
8.27317 0.0883369
8.27727 0.0884089
8.2824 0.0895051
8.28388 0.0837515
8.28625 0.088142
8.29035 0.0882081
8.29465 0.0884712
8.30061 0.0904005
8.30452 0.0882646
8.30882 0.0885307
8.31267 0.0883459
8.31649 0.0881295
8.32091 0.0885181
8.32502 0.0885901
8.32899 0.0885308
8.33252 0.0880236
8.33662 0.0880956
8.34348 0.0909206
8.34361 0.091049
8.34707 0.0884623
8.35131 0.0886593
8.35503 0.0883461
8.35888 0.0881643
8.36298 0.0882363
8.3669 0.0881172
8.37081 0.0879981
8.37511 0.0882612
8.38005 0.0891663
8.38331 0.0831874
8.38459 0.0885019
8.39065 0.0905279
8.39527 0.0890938
8.39854 0.0883327
8.40271 0.0884645
8.40284 0.0885929
8.40649 0.088217
8.41079 0.0884802
8.41656 0.0902124
8.42002 0.0896396
8.42015 0.089768
8.42387 0.0894548
8.42755 0.08911
8.43428 0.0897859
8.43832 0.0897893
8.44258 0.0900179
8.44553 0.0889344
8.44976 0.0891319
8.45374 0.0890725
8.45739 0.0886967
8.46105 0.0883208
8.4649 0.088136
8.47176 0.0909669
8.47599 0.0891476
8.48036 0.0894793
8.48376 0.0836289
8.48523 0.0891345
8.48856 0.0884332
8.49285 0.0886934
8.49606 0.0878638
8.50029 0.0880612
8.50445 0.088193
8.50901 0.0887129
8.5133 0.0889731
8.52035 0.0919922
8.52426 0.0898505
8.52792 0.0894717
8.53266 0.0901797
8.53555 0.0890335
8.54023 0.0896818
8.54446 0.0898763
8.54458 0.0900047
8.54837 0.0897543
8.55209 0.0894411
8.55626 0.0895759
8.5627 0.09199
8.56661 0.0898512
8.56674 0.0899796
8.56976 0.0889617
8.57341 0.0885829
8.57733 0.0884638
8.58259 0.0896884
8.58355 0.0834212
8.58732 0.0892152
8.59047 0.0883228
8.59457 0.0883919
8.60021 0.0899957
8.60296 0.0887182
8.60309 0.0888466
8.60979 0.0915145
8.61364 0.0893101
8.61819 0.0898241
8.62248 0.0900843
8.62665 0.090219
8.63088 0.0904165
8.63498 0.0904856
8.63941 0.0908771
8.64389 0.0913313
8.64774 0.0911465
8.65345 0.0908052
8.658 0.0913251
8.66096 0.0902445
8.6648 0.0900568
8.66827 0.0894898
8.67212 0.089305
8.67642 0.0895682
8.68065 0.0897686
8.68366 0.083533
8.68494 0.0888475
8.68897 0.0888479
8.69237 0.0882153
8.6991 0.090909
8.69923 0.0910374
8.70295 0.0887016
8.70679 0.0885168
8.71115 0.0888427
8.71128 0.088971
8.71589 0.0895507
8.71602 0.0896791
8.72044 0.0900648
8.72057 0.0901932
8.72506 0.0906474
8.72948 0.0910389
8.73455 0.0920694
8.74189 0.0953794
8.74676 0.0941991
8.75177 0.0951698
8.75549 0.0948567
8.76023 0.0955677
8.76466 0.0959592
8.76478 0.0960876
8.76991 0.0971838
8.77036 0.0976317
8.77389 0.0971274
8.77793 0.0971367
8.78274 0.0979134
8.788 0.099135
8.79198 0.0970619
8.79813 0.100024
8.80198 0.0978191
8.80653 0.098339
8.81 0.0977691
8.81346 0.0971962
8.81358 0.0973246
8.81846 0.098164
8.82218 0.0978538
8.82661 0.0982482
8.83091 0.0985113
8.83668 0.100252
8.84079 0.0983076
8.84457 0.0980601
8.84881 0.0982635
8.85256 0.0979814
8.85698 0.0983724
8.86064 0.0979965
8.86455 0.0978745
8.86853 0.0978181
8.87212 0.0973766
8.87963 0.0988327
8.88297 0.0981373
8.88765 0.0987826
8.89252 0.099625
8.89605 0.0979394
8.90028 0.0981368
8.904 0.0978208
8.90778 0.0975703
8.91182 0.0975767
8.91631 0.0980304
8.92035 0.0980367
8.92682 0.100479
8.93477 0.0983466
8.93862 0.0981618
8.94645 0.0979231
8.95017 0.0976128
8.95454 0.0979446
8.95845 0.0978254
8.9657 0.101039
8.96942 0.0987087
8.97334 0.0985896
8.9769 0.0981164
8.981 0.0981884
8.98498 0.0981349
8.99043 0.0995477
8.99056 0.0996761
8.9928 0.092676
8.99427 0.0981816
8.9944 0.09831
9.00197 0.0978062
9.00209 0.0979346
9.00582 0.0976247
9.00986 0.097631
9.01672 0.100459
9.02063 0.0983202
9.02467 0.0983295
9.02903 0.0986553
9.03628 0.0978374
9.04064 0.0981661
9.04462 0.0981127
9.05557 0.100987
9.05871 0.0980807
9.06327 0.0986036
9.06705 0.0983531
9.07083 0.0981027
9.07443 0.0976641
9.07886 0.0980585
9.08258 0.0977483
9.08662 0.0977547
9.09214 0.099239
9.09567 0.0975563
9.10022 0.0980762
9.10638 0.100202
9.11003 0.0978069
9.1142 0.0979387
9.11821 0.0979134
9.12244 0.0981138
9.12674 0.0983798
9.1311 0.0987086
9.1345 0.098076
9.13861 0.098148
9.1448 0.100308
9.1493 0.0987516
9.1534 0.0988236
9.15654 0.0979312
9.16007 0.0974269
9.16475 0.0980723
9.1686 0.0978875
9.16873 0.0980159
9.17258 0.0978312
9.17665 0.0978715
9.1805 0.0976868
9.18806 0.0991997
9.19018 0.0972832
9.19307 0.0929418
9.19627 0.100182
9.20057 0.0984256
9.20397 0.09779
9.20788 0.0976679
9.21166 0.0974175
9.21634 0.0980658
9.22025 0.0979437
9.22468 0.0983352
9.22936 0.0989835
9.2352 0.100787
9.2393 0.0988426
9.24309 0.0985951
9.24681 0.0982849
9.25041 0.0978462
9.25452 0.0979212
9.25862 0.0979932
9.26247 0.0978114
9.26671 0.0980118
9.27331 0.100583
9.27723 0.0984471
9.28088 0.0980712
9.28512 0.0982716
9.29057 0.0996844
9.29313 0.0930038
9.29422 0.0981272
9.29807 0.0979424
9.30179 0.0976263
9.30602 0.0978238
9.30993 0.0977017
9.31403 0.0977708
9.31416 0.0978992
9.31871 0.0984191
9.32532 0.100993
9.32878 0.0984065
9.33276 0.0983501
9.34001 0.0975327
9.34405 0.097539
9.34848 0.0979335
9.35226 0.097686
9.35631 0.0976953
9.36311 0.100463
9.36734 0.0986471
9.37164 0.0989073
9.37504 0.0982746
9.37799 0.0971941
9.38293 0.0980991
9.38306 0.0982275
9.3871 0.0982339
9.39222 0.0993271
9.39569 0.0975788
9.39979 0.0976508
9.40774 0.0975322
9.4146 0.100357
9.41871 0.098412
9.42236 0.0980331
9.42659 0.0982335
9.43833 0.0978645
9.44211 0.097617
9.44615 0.0976262
9.45276 0.1002
9.45687 0.0982556
9.4611 0.098459
9.47272 0.0979703
9.47663 0.0978512
9.48035 0.097538
9.48439 0.0975473
9.48946 0.0985778
9.49273 0.0926019
9.49356 0.0974686
9.49748 0.0973494
9.50395 0.0997893
9.50812 0.0979102
9.51646 0.0981797
9.5196 0.0972902
9.52467 0.0983266
9.52865 0.0982703
9.53629 0.0978409
9.54244 0.0999642
9.54706 0.098536
9.55092 0.0983541
9.55512 0.0985229
9.55865 0.0980186
9.56269 0.0980279
9.56661 0.0979088
9.56673 0.0980372
9.57052 0.0977897
9.57456 0.097796
9.58149 0.100693
9.58553 0.0986851
9.58803 0.0971508
9.59348 0.0933575
9.59425 0.0993398
9.59778 0.0976542
9.60201 0.0978517
9.60214 0.0979801
9.60612 0.0979237
9.60625 0.0980521
9.60984 0.0976105
9.61407 0.097808
9.61824 0.0979427
9.62215 0.0978236
9.62722 0.0988571
9.63267 0.100273
9.63652 0.0980742
9.64011 0.0976297
9.64415 0.097639
9.64852 0.0979707
9.65204 0.0974635
9.66 0.0973536
9.66436 0.0976824
9.67123 0.100513
9.67553 0.0987626
9.67937 0.0985779
9.68297 0.0981393
9.68733 0.098468
9.69221 0.0993104
9.69612 0.09801
9.69975 0.0976025
9.70391 0.0977372
9.70789 0.0976808
9.7118 0.0975588
9.71648 0.0982071
9.72348 0.101166
9.72713 0.0987737
9.73118 0.098783
9.73445 0.0980219
9.74228 0.0977808
9.74619 0.0976617
9.7503 0.0977366
9.75454 0.09794
9.76115 0.100517
9.76583 0.0991515
9.77321 0.0984625
9.77648 0.0977014
9.78084 0.0980302
9.78957 0.0986848
9.7929 0.0927717
9.79751 0.0973878
9.8013 0.0971374
9.8063 0.0981081
9.81644 0.0981583
9.82477 0.0984307
9.82843 0.0980519
9.83247 0.0980582
9.83606 0.0976196
9.84017 0.0976916
9.84434 0.0978293
9.85044 0.0998928
9.85551 0.0989124
9.85872 0.0980886
9.86282 0.0981607
9.86654 0.0978475
9.87014 0.0974059
9.87475 0.0979915
9.87854 0.097744
9.88252 0.0976906
9.88746 0.0985956
9.89195 0.097036
9.89593 0.0978181
9.89606 0.0979465
9.90234 0.100198
9.90613 0.0979339
9.90984 0.0976178
9.91401 0.0977525
9.91792 0.0976305
9.92203 0.0977054
9.92671 0.0983537
9.93098 0.0985823
9.93386 0.0974361
9.94041 0.0999445
9.94413 0.0976146
9.94881 0.0982653
9.95285 0.0982717
9.95298 0.0984001
9.95651 0.0978958
9.96042 0.0977767
9.96466 0.09798
9.96857 0.0978609
9.97249 0.0977388
9.97929 0.100507
9.9834 0.0985652
9.98724 0.0983804
9.98737 0.0985088
9.99225 0.0993512
9.99584 0.0977313
9.99995 0.0978033

