% time_sec delay_sec
1.16996 0.0698819
1.16996 0.0698819
1.26995 0.0698714
1.36996 0.0698808
1.46914 0.373074
1.46995 0.0698773
1.56999 0.0699135
1.67002 0.0699398
1.77002 0.0699453
1.77187 0.373126
1.87004 0.069965
1.97054 0.269795
1.97136 0.0712656
1.97488 0.0768028
1.97863 0.0765114
2.07052 0.164376
2.0787 0.0765838
2.08268 0.0765274
2.08706 0.0768804
2.09078 0.0765672
2.09521 0.0769587
2.09886 0.0765828
2.09899 0.0767112
2.10297 0.0766548
2.10894 0.0765732
2.11336 0.0769647
2.11696 0.0765232
2.12209 0.0776194
2.12618 0.0776826
2.12926 0.0767245
2.12939 0.0768529
2.13343 0.0768622
2.13715 0.0765461
2.14112 0.0764897
2.14728 0.078616
2.15139 0.0766712
2.1555 0.0767461
2.15947 0.0766898
2.16345 0.0766334
2.16948 0.0786283
2.17243 0.0723329
2.17282 0.0767516
2.1766 0.0765041
2.18058 0.0764477
2.18481 0.0766481
2.18879 0.0765888
2.19494 0.0787062
2.19878 0.0765018
2.20295 0.0766336
2.20308 0.0767619
2.20686 0.0765115
2.21103 0.0766462
2.215 0.0765869
2.21905 0.0765962
2.22328 0.0767966
2.227 0.0764864
2.23117 0.0766182
2.23713 0.0785504
2.24118 0.0765429
2.24516 0.0764894
2.2492 0.0764987
2.25331 0.0765737
2.25729 0.0765173
2.26133 0.0765266
2.26531 0.0764702
2.27082 0.0779515
2.27152 0.0714275
2.27467 0.0765884
2.27871 0.0765977
2.28474 0.0785955
2.28885 0.0766508
2.29333 0.0771021
2.29346 0.0772305
2.29686 0.0765949
2.30096 0.0766639
2.30109 0.0767923
2.30493 0.0766017
2.30891 0.0765424
2.31403 0.0776356
2.31712 0.0766835
2.32103 0.0765614
2.32706 0.0765425
2.3311 0.0765454
2.3352 0.0766203
2.33912 0.0764983
2.34316 0.0765046
2.34726 0.0765796
2.35118 0.0764605
2.35535 0.0765981
2.35926 0.076479
2.36536 0.0785396
2.3685 0.0756334
2.37145 0.0713548
2.37472 0.0786608
2.37864 0.0765249
2.38268 0.0765342
2.38698 0.0768002
2.38711 0.0769286
2.39096 0.0767439
2.39551 0.0772608
2.39904 0.0767565
2.40359 0.0772735
2.40718 0.076832
2.41314 0.0787583
2.41705 0.0766219
2.42103 0.0765655
2.42507 0.0765748
2.42911 0.0765811
2.43322 0.0766502
2.43745 0.0768506
2.44143 0.0767942
2.44528 0.0766124
2.44926 0.0765589
2.45529 0.0785597
2.45934 0.0765522
2.46338 0.0765615
2.46858 0.0777263
2.47243 0.0723296
2.47313 0.0770679
2.4766 0.0765008
2.48064 0.0765101
2.48481 0.0766478
2.48872 0.0765258
2.49353 0.0772995
2.49693 0.0766639
2.50308 0.0787843
2.50321 0.0789127
2.5068 0.0764543
2.51097 0.0765891
2.51489 0.07647
2.51899 0.076542
2.52316 0.0766762
2.52329 0.0768046
2.52829 0.0777724
2.53162 0.0770741
2.53509 0.0765071
2.53913 0.0765163
2.54516 0.0764945
2.54927 0.0765694
2.55331 0.0765787
2.55729 0.0765223
2.5614 0.0765973
2.56538 0.0765409
2.57051 0.07764
2.57147 0.0713728
2.57455 0.076468
2.57872 0.0766057
2.58289 0.0767433
2.58719 0.0770065
2.59302 0.0788073
2.59315 0.0789357
2.59706 0.0767969
2.60085 0.0765494
2.60502 0.0766841
2.60514 0.0768125
2.60938 0.0770129
2.6131 0.0766998
2.61708 0.0766463
2.62106 0.0765899
2.6251 0.0765992
2.63119 0.0786569
2.63132 0.0787853
2.63514 0.0765521
2.63918 0.0765614
2.64322 0.0765707
2.64726 0.0765799
2.65137 0.076652
2.65535 0.0765956
2.65939 0.0766049
2.66337 0.0765485
2.6685 0.0776505
2.67241 0.0723166
2.67299 0.0769264
2.67312 0.0770548
2.67659 0.0764878
2.68268 0.0785484
2.68704 0.0768604
2.69076 0.0765472
2.6948 0.0765536
2.69878 0.0764972
2.70333 0.0770142
2.70679 0.0764442
2.71096 0.076579
2.715 0.0765882
2.7211 0.0786488
2.72514 0.0766413
2.72899 0.0764566
2.73322 0.076657
2.73771 0.0771141
2.74131 0.0766726
2.74143 0.076801
2.74535 0.0766819
2.7492 0.0765
2.75331 0.076572
2.75722 0.0764529
2.76332 0.0764997
2.76601 0.0751623
2.77237 0.0722678
2.77307 0.0781844
2.77666 0.0765674
2.78071 0.0765767
2.78481 0.0766487
2.78872 0.0765266
2.7934 0.077172
2.79353 0.0773004
2.7968 0.0765393
2.79693 0.0766677
2.80116 0.0768652
2.80488 0.0765491
2.81091 0.078544
2.81495 0.0765365
2.81906 0.0766085
2.82326 0.0767773
2.82717 0.0766582
2.82762 0.0771061
2.83224 0.0776887
2.83506 0.0764798
2.83911 0.076489
2.84321 0.0765611
2.84925 0.0785619
2.85322 0.0764887
2.85733 0.0765607
2.86131 0.0765073
2.86535 0.0765136
2.87054 0.0776755
2.87144 0.0713426
2.87458 0.0765034
2.87869 0.0765754
2.88286 0.0767131
2.88722 0.0770419
2.89082 0.0766004
2.89524 0.0769919
2.89537 0.0771203
2.90088 0.0786016
2.90499 0.0766569
2.90941 0.0770484
2.90954 0.0771768
2.91294 0.0765412
2.91692 0.0764877
2.92109 0.0766254
2.92507 0.076569
2.92898 0.076447
2.93315 0.0765817
2.93918 0.0785796
2.94316 0.0765093
2.9472 0.0765186
2.95137 0.0766563
2.95593 0.0771762
2.95927 0.0764808
2.96376 0.076938
2.96851 0.0776549
2.97242 0.0723209
2.97299 0.0769307
2.97659 0.0764921
2.98082 0.0766925
2.98474 0.0765734
2.99089 0.0786967
2.99481 0.0765609
2.99879 0.0765045
3.00295 0.0766392
3.00707 0.0767167
3.01104 0.0766604
3.01499 0.0765724
3.01909 0.0766444
3.02339 0.0769075
3.0291 0.0785829
3.0332 0.0766371
3.03769 0.0770943
3.04122 0.07659
3.0453 0.0766304
3.04928 0.0765769
3.05332 0.0765862
3.0573 0.0765298
3.06134 0.0765391
3.06538 0.0765484
3.07064 0.0757592
3.08066 0.078542
3.08476 0.0766001
3.08874 0.0765438
3.09272 0.0764874
3.09696 0.0766907
3.10081 0.0765089
3.10504 0.0767122
3.10941 0.077041
3.11306 0.0766622
3.11903 0.0785973
3.12326 0.0767809
3.12705 0.0765334
3.13148 0.076925
3.13507 0.0764863
3.13911 0.0764927
3.14341 0.0767558
3.14732 0.0766362
3.15123 0.0765171
3.15733 0.0785806
3.16137 0.0765731
3.16535 0.0765167
3.17061 0.0777442
3.17164 0.0715397
3.17472 0.0766379
3.17863 0.0765188
3.1828 0.0766564
3.18293 0.0767848
3.18717 0.0769852
3.19082 0.0766093
3.19519 0.0769381
3.19884 0.0765622
3.20308 0.0767597
3.20923 0.078883
3.21308 0.0766815
3.21719 0.0767564
3.22107 0.0766027
3.22511 0.076612
3.22909 0.0765556
3.23319 0.0766277
3.23756 0.0769564
3.24147 0.0768373
3.24718 0.0785157
3.25129 0.0765739
3.25527 0.0765175
3.25931 0.0765268
3.26335 0.076536
3.26855 0.0777008
3.27246 0.0723669
3.27304 0.0769767
3.27664 0.0765381
3.28081 0.0766758
3.28472 0.0765567
3.28895 0.0767541
3.28908 0.0768825
3.29299 0.0767575
3.29312 0.0768859
3.29876 0.0784927
3.30299 0.0766734
3.30697 0.076617
3.31107 0.0766861
3.31568 0.0772682
3.31896 0.0765072
3.32345 0.0769643
3.32723 0.0767168
3.33178 0.0772338
3.33762 0.0790376
3.34121 0.0765793
3.34522 0.076554
3.3492 0.0765006
3.35331 0.0765726
3.35728 0.0765162
3.36171 0.0769107
3.3653 0.0764686
3.37063 0.0777588
3.37146 0.0713632
3.3746 0.0765241
3.37871 0.0765961
3.38275 0.0766054
3.38884 0.078663
3.39292 0.0766837
3.39727 0.0770095
3.40093 0.0766337
3.4051 0.0767684
3.40921 0.0768404
3.41299 0.07659
3.41697 0.0765365
3.42107 0.0766085
3.42704 0.0785407
3.43133 0.0767841
3.43178 0.077232
3.43512 0.0765366
3.43929 0.0766684
3.44313 0.0764837
3.44737 0.0766841
3.45166 0.0769443
3.45525 0.0765027
3.45936 0.0765747
3.46539 0.0785726
3.46853 0.0756634
3.47135 0.0712564
3.47296 0.0768933
3.47867 0.0785688
3.48271 0.0765613
3.48777 0.0775918
3.4879 0.0777202
3.49085 0.0766337
3.49098 0.0767621
3.49585 0.0775986
3.49924 0.076963
3.49937 0.0770914
3.50386 0.0775427
3.50706 0.076716
3.51162 0.0772359
3.51701 0.0785918
3.52111 0.076647
3.52502 0.076525
3.52906 0.0765313
3.53317 0.0766004
3.53778 0.077183
3.54125 0.0766131
3.54542 0.0767478
3.54952 0.0768169
3.55529 0.078555
3.55952 0.0767387
3.56331 0.0764912
3.56857 0.0777187
3.57242 0.072322
3.573 0.0769318
3.57665 0.076556
3.58063 0.0764996
3.58486 0.076697
3.58896 0.0767632
3.593 0.076769
3.59736 0.0770919
3.60255 0.0782479
3.60697 0.0786423
3.61095 0.0765692
3.61627 0.0778565
3.61903 0.0765819
3.62352 0.0770361
3.62762 0.0771052
3.63109 0.0765353
3.63121 0.0766636
3.63513 0.0765416
3.6392 0.076579
3.64535 0.0787024
3.64933 0.0766292
3.65324 0.0765101
3.65735 0.0765792
3.66139 0.0765885
3.66569 0.0768516
3.67063 0.0777596
3.67146 0.071364
3.67467 0.0765876
3.67871 0.0765939
3.68326 0.0771138
3.68339 0.0772422
3.68743 0.0772456
3.69102 0.0768041
3.69724 0.0789901
3.70217 0.0778725
3.7023 0.0780009
3.70493 0.0765979
3.70916 0.0767949
3.71294 0.0765444
3.71781 0.0773809
3.72179 0.0773216
3.72576 0.0772593
3.7296 0.0770687
3.73531 0.0787412
3.73916 0.0765396
3.74313 0.0764832
3.7473 0.076618
3.75204 0.0773261
3.75538 0.0766307
3.75942 0.076637
3.7633 0.0764833
3.7685 0.0776452
3.77241 0.0723113
3.77279 0.07673
3.77658 0.0764825
3.781 0.076874
3.78767 0.0795079
3.79113 0.0769183
3.79504 0.0767933
3.79985 0.0775641
3.80299 0.0766717
3.80696 0.0766124
3.81126 0.0768755
3.81139 0.0770039
3.81504 0.0766251
3.81895 0.076503
3.82575 0.0792624
3.82908 0.0765444
3.83318 0.0766164
3.83716 0.07656
3.84149 0.0768542
3.84527 0.0766067
3.84944 0.0767415
3.85329 0.0765567
3.85733 0.0765631
3.86355 0.0787491
3.86599 0.0751382
3.87061 0.0757208
3.8724 0.0723035
3.87657 0.0784914
3.88068 0.0765467
3.88478 0.0766187
3.88889 0.0766877
3.89324 0.0770107
3.89728 0.0770141
3.90106 0.0767636
3.90119 0.076892
3.90481 0.0764786
3.90914 0.0767729
3.9151 0.0787021
3.91901 0.0765633
3.92312 0.0766353
3.92706 0.0765439
3.93123 0.0766757
3.93514 0.0765566
3.93912 0.0765002
3.94338 0.0767287
3.9472 0.0765123
3.95323 0.0785102
3.95733 0.0765654
3.96131 0.0765091
3.96541 0.0765781
3.97067 0.0778027
3.97138 0.0712787
3.97459 0.0765052
3.97888 0.0767684
3.98273 0.0765836
3.98728 0.0771006
3.99132 0.077104
3.99145 0.0772324
3.99491 0.0766595
3.99875 0.0764718
4.00498 0.0786605
4.00902 0.0766501
4.01306 0.0766564
4.01703 0.0766001
4.0212 0.0767319
4.02514 0.0766404
4.02905 0.0765154
4.03322 0.0766496
4.03713 0.0765276
4.03726 0.076656
4.04322 0.0785882
4.04726 0.0765807
4.05175 0.0770349
4.05541 0.0766561
4.05554 0.0767845
4.05964 0.0768565
4.06352 0.0766999
4.06872 0.0778647
4.08072 0.0765858
4.0847 0.0765323
4.08918 0.0769836
4.09534 0.079104
4.09902 0.0767424
4.10293 0.0766175
4.10685 0.0764984
4.11095 0.0765704
4.11512 0.0767051
4.11897 0.0765203
4.12307 0.0765865
4.12708 0.0765612
4.13314 0.0785872
4.13718 0.0765768
4.14122 0.0765831
4.14535 0.0766833
4.1492 0.0764985
4.15337 0.0766333
4.1535 0.0767617
4.15728 0.0765112
4.16145 0.076646
4.16542 0.0765896
4.17068 0.0778142
4.17152 0.0714186
4.17505 0.0769646
4.17883 0.0767171
4.18486 0.0787149
4.18883 0.0766359
4.19306 0.0768334
4.19691 0.0766427
4.20088 0.0765834
4.20101 0.0767118
4.20511 0.0767774
4.20524 0.0769058
4.20902 0.0766554
4.21338 0.0769812
4.21703 0.0766019
4.22319 0.0787223
4.22706 0.0765484
4.23123 0.0766831
4.2356 0.0770119
4.23925 0.0766331
4.23938 0.0767615
4.24342 0.0767678
4.24733 0.0766482
4.25144 0.0767173
4.25547 0.0767231
4.26137 0.0785896
4.26541 0.0765763
4.26939 0.0765169
4.27144 0.0713396
4.27461 0.0785478
4.27897 0.0768598
4.28269 0.0765466
4.28737 0.077192
4.29109 0.0768759
4.29186 0.0776433
4.29506 0.0768136
4.29878 0.0764975
4.30384 0.0775251
4.30737 0.0770179
4.31301 0.0786277
4.31702 0.0765856
4.3215 0.0770369
4.32503 0.0765297
4.32913 0.0765988
4.33317 0.0766081
4.33715 0.0765517
4.34151 0.0768805
4.3453 0.07663
4.35127 0.0785652
4.35531 0.0765577
4.35941 0.0766297
4.36352 0.0767017
4.36942 0.0785682
4.36955 0.0786966
4.3725 0.0724012
4.37288 0.0768199
4.37667 0.0765724
4.38065 0.076516
4.38495 0.0767821
4.38539 0.07723
4.38886 0.0766571
4.3936 0.0773652
4.3968 0.0765385
4.40392 0.0796174
4.40404 0.0797458
4.40706 0.0767112
4.41103 0.0766518
4.41501 0.0765925
4.41905 0.0765989
4.42306 0.0765736
4.42707 0.0765513
4.43117 0.0766203
4.4313 0.0767487
4.43524 0.0766607
4.44121 0.0785929
4.44134 0.0787213
4.44532 0.0766481
4.44923 0.076529
4.45327 0.0765383
4.45738 0.0766103
4.46136 0.0765569
4.4654 0.0765603
4.47072 0.0778505
4.47149 0.0713893
4.4747 0.0766158
4.4788 0.0766878
4.48265 0.076503
4.48752 0.0773395
4.49291 0.0786954
4.4972 0.0769388
4.50086 0.07656
4.50509 0.0767575
4.50903 0.0766631
4.5131 0.0767005
4.51711 0.0766752
4.52294 0.0784702
4.52512 0.0766193
4.53134 0.0788083
4.53526 0.0766724
4.53923 0.076616
4.54315 0.0764969
4.54719 0.0765062
4.55123 0.0765155
4.5554 0.0766532
4.55938 0.0765968
4.56394 0.0771167
4.56887 0.0780218
4.56932 0.0784697
4.57246 0.0723654
4.57285 0.0767841
4.57663 0.0765366
4.58273 0.0785972
4.58773 0.0775453
4.59112 0.0769097
4.59548 0.0772326
4.59881 0.0765313
4.60336 0.0770453
4.60413 0.0778127
4.60721 0.0768576
4.60733 0.076986
4.61125 0.076864
4.61137 0.0769924
4.61541 0.0769987
4.621 0.0785487
4.62516 0.0766637
4.62914 0.0766073
4.63318 0.0766137
4.63761 0.0770052
4.63773 0.0771336
4.64133 0.076692
4.64531 0.0766386
4.64922 0.0765195
4.65326 0.0765287
4.65942 0.078655
4.6634 0.0765818
4.66629 0.0754356
4.67238 0.0722814
4.67289 0.0780068
4.67662 0.0765182
4.68066 0.0765275
4.68476 0.0765995
4.68912 0.0769254
4.68957 0.0773733
4.69367 0.0774394
4.69688 0.0766127
4.70117 0.0768758
4.70508 0.0767508
4.71124 0.0788712
4.71528 0.0768608
4.71906 0.0766103
4.72297 0.0764912
4.72772 0.0772023
4.73125 0.076698
4.73523 0.0766416
4.73914 0.0765225
4.74331 0.0766572
4.74985 0.0791686
4.75325 0.0765192
4.7573 0.0765285
4.76141 0.0766034
4.76538 0.076547
4.77064 0.0777746
4.77154 0.0714417
4.77462 0.0765369
4.77872 0.0766089
4.78277 0.0766182
4.78751 0.0773292
4.78764 0.0774576
4.79111 0.0768906
4.79578 0.0775359
4.80092 0.0786351
4.80509 0.076753
4.809 0.076631
4.81304 0.0766373
4.81695 0.0765182
4.82112 0.0766559
4.82516 0.0766652
4.82908 0.0765431
4.83318 0.0766151
4.83921 0.078613
4.84326 0.0766055
4.84724 0.0765521
4.85134 0.076627
4.85526 0.0765079
4.85943 0.0766456
4.86373 0.0769087
4.86861 0.077754
4.87245 0.0723573
4.87303 0.0769671
4.87316 0.0770955
4.87663 0.0765285
4.88073 0.0766005
4.88477 0.0766098
4.89106 0.0788586
4.89503 0.0767825
4.89888 0.0765977
4.90292 0.0766011
4.90702 0.0766731
4.911 0.0766138
4.91497 0.0765574
4.91895 0.076501
4.92318 0.0767009
4.92331 0.0768293
4.92922 0.0786988
4.93319 0.0766256
4.93755 0.0769544
4.94147 0.0768353
4.94535 0.0766816
4.94926 0.0765625
4.95337 0.0766375
4.95729 0.0765184
4.96146 0.076656
4.96601 0.0771759
4.97069 0.0758075
4.97172 0.0716197
4.97473 0.0766522
4.98064 0.0785217
4.98481 0.0766426
4.98494 0.076771
4.98885 0.0766489
4.99346 0.0772316
4.99737 0.0771095
5.00103 0.0767336
5.00116 0.076862
5.00508 0.0767486
5.0095 0.0771372
5.01309 0.0766957
5.019 0.0785651
5.0233 0.0768144
5.02708 0.0765669
5.03125 0.0767046
5.03517 0.0765855
5.03915 0.0765291
5.04344 0.0767922
5.04729 0.0766104
5.05134 0.0766197
5.0573 0.0785519
5.06147 0.0766728
5.06551 0.0766791
5.07065 0.0777783
5.07873 0.0766184
5.08284 0.0766934
5.08714 0.0769594
5.0908 0.0765836
5.0951 0.0768496
5.09882 0.0765365
5.10318 0.0768652
5.10908 0.0787347
5.11293 0.0765302
5.11703 0.0766017
5.12108 0.076611
5.12512 0.0766203
5.12923 0.0766923
5.13327 0.0766986
5.13718 0.0765795
5.14135 0.0767143
5.14732 0.0786494
5.15136 0.0766419
5.15527 0.0765228
5.15945 0.0766605
5.16361 0.0767952
5.16862 0.0777689
5.17247 0.0723722
5.17285 0.0767909
5.17664 0.0765434
5.18068 0.0765527
5.18485 0.0766904
5.18902 0.0768222
5.19287 0.0766345
5.19299 0.0767628
5.19883 0.0785667
5.203 0.0766817
5.20723 0.0768821
5.21101 0.0766316
5.21525 0.076832
5.21897 0.0765189
5.22327 0.0767849
5.2234 0.0769133
5.22827 0.0777527
5.23128 0.0767349
5.23764 0.0790523
5.24129 0.0766596
5.24534 0.0766689
5.24932 0.0766155
5.25336 0.0766247
5.25734 0.0765713
5.26132 0.0765178
5.26549 0.0766526
5.27068 0.0778144
5.27158 0.0714816
5.27466 0.0765797
5.27877 0.0766517
5.28275 0.0765982
5.2889 0.0787216
5.29288 0.0766513
5.29724 0.0769772
5.3009 0.0766013
5.30501 0.0766733
5.30905 0.0766826
5.31296 0.0765605
5.31309 0.0766889
5.31726 0.0768266
5.32108 0.0766102
5.32714 0.0786392
5.33166 0.0771078
5.33512 0.0765407
5.33923 0.0766128
5.34359 0.0769415
5.34732 0.0766313
5.35136 0.0766406
5.35527 0.0765186
5.35944 0.0766562
5.36541 0.0785914
5.36855 0.0756851
5.37144 0.0713408
5.37272 0.0766583
5.37875 0.0786561
5.3828 0.0766486
5.3871 0.0769147
5.39082 0.0766015
5.39492 0.0766736
5.39922 0.0769367
5.40351 0.0771969
5.4071 0.0767553
5.41121 0.0768244
5.41711 0.0786939
5.42122 0.0767491
5.42513 0.07663
5.42924 0.076702
5.43334 0.0767705
5.43808 0.0774816
5.44135 0.0767205
5.44537 0.0766982
5.44935 0.0766447
5.45538 0.0786426
5.45949 0.0767008
5.46334 0.0765189
5.4686 0.0777464
5.47251 0.0724125
5.47309 0.0770223
5.47668 0.0765837
5.48066 0.0765273
5.48477 0.0766023
5.489 0.0767997
5.49291 0.0766777
5.49304 0.0768061
5.49752 0.0772544
5.50105 0.0767472
5.50727 0.0789333
5.51099 0.0766033
5.51503 0.0766126
5.51901 0.0765562
5.52353 0.0770445
5.52808 0.0775644
5.53154 0.0769945
5.5353 0.0767153
5.53921 0.0765933
5.5453 0.0786539
5.54928 0.0765802
5.55326 0.0765238
5.55737 0.0765988
5.5616 0.0767992
5.56545 0.0766144
5.57068 0.0778074
5.57144 0.0713461
5.57472 0.0766353
5.57869 0.076579
5.58274 0.0765882
5.58729 0.0771081
5.59075 0.0765353
5.59697 0.0787213
5.60095 0.0766482
5.60498 0.0766516
5.60921 0.076849
5.61306 0.0766643
5.61701 0.0765763
5.62118 0.0767139
5.62509 0.0765948
5.62933 0.0767923
5.6352 0.0786301
5.63917 0.076554
5.64321 0.0765604
5.64732 0.0766353
5.65213 0.0774091
5.65552 0.0767735
5.65944 0.0766544
5.66348 0.0766607
5.66855 0.0776971
5.67246 0.0723632
5.67304 0.076973
5.67669 0.0765971
5.68073 0.0766034
5.68753 0.0793687
5.69093 0.0767134
5.69522 0.0769736
5.69971 0.0774278
5.69984 0.0775562
5.70298 0.0766638
5.70708 0.0767358
5.71106 0.0766795
5.7151 0.0766887
5.71914 0.0766951
5.71927 0.0768235
5.72504 0.0785616
5.72921 0.0766796
5.73325 0.0766859
5.73755 0.0769461
5.73767 0.0770745
5.74133 0.0766957
5.74556 0.0768961
5.74935 0.0766486
5.75339 0.0766549
5.75756 0.0767897
5.7634 0.0785964
5.76622 0.0753677
5.77071 0.0758249
5.77244 0.0723448
5.77668 0.0785955
5.78078 0.0766507
5.78482 0.0766571
5.78892 0.0767232
5.7929 0.0766668
5.79688 0.0766105
5.802 0.0777032
5.80213 0.0778316
5.80489 0.076557
5.80899 0.076629
5.81503 0.0786268
5.819 0.0765508
5.82348 0.0770015
5.82361 0.0771299
5.82765 0.0771363
5.83188 0.0773337
5.83522 0.0766354
5.83945 0.0768329
5.84356 0.0769049
5.84734 0.0766574
5.85337 0.0786523
5.85734 0.0765762
5.86139 0.076585
5.86536 0.0765286
5.87075 0.0778845
5.87159 0.0714889
5.87486 0.0767781
5.87871 0.0765934
5.88275 0.0766026
5.88724 0.0770569
5.89105 0.0768376
5.89586 0.0776113
5.89913 0.0768502
5.90497 0.0786541
5.90914 0.076775
5.91305 0.0766529
5.91712 0.0766904
5.92122 0.0767565
5.92135 0.0768849
5.92504 0.0765401
5.9294 0.076866
5.93331 0.076741
5.93792 0.0773207
5.94324 0.0786109
5.9476 0.07692
5.95158 0.0768636
5.9553 0.0765505
5.95941 0.0766254
5.96352 0.0766974
5.96865 0.077796
5.9725 0.0723993
5.9732 0.0771376
5.97667 0.0765705
5.98122 0.0770875
5.98481 0.076646
5.98891 0.076715
5.99555 0.0793173
6.00003 0.0777519
6.00305 0.0767311
6.00716 0.076809
6.01107 0.0766864
6.01505 0.07663
6.01966 0.0772126
6.02332 0.0768368
6.02717 0.0766549
6.03326 0.0787096
6.03762 0.0770187
6.04127 0.0766399
6.04172 0.0770878
6.04544 0.0767746
6.04929 0.0765899
6.05372 0.0769814
6.05737 0.0766055
6.06135 0.076552
6.06546 0.076624
6.07066 0.0777888
6.07874 0.0766261
6.08483 0.0786867
6.08894 0.076739
6.09304 0.076811
6.09689 0.0766262
6.101 0.0766982
6.10498 0.0766448
6.10915 0.0767795
6.11334 0.0769454
6.11713 0.0766949
6.12315 0.078684
6.12732 0.0768019
6.13136 0.0768083
6.13514 0.0765549
6.13918 0.0765613
6.14341 0.0767587
6.14745 0.0767651
6.15143 0.0767087
6.15547 0.076715
6.1615 0.0787129
6.16541 0.076577
6.16862 0.0757503
6.17163 0.0715344
6.17465 0.0785836
6.17926 0.0771495
6.18311 0.0769612
6.18747 0.0772842
6.19099 0.0767769
6.19509 0.076846
6.19907 0.0767867
6.20291 0.0765955
6.20746 0.0771154
6.21308 0.0786936
6.21759 0.0771592
6.22105 0.0765863
6.22509 0.0765897
6.22964 0.0771067
6.23329 0.0767279
6.23727 0.0766686
6.24137 0.0767406
6.2415 0.076869
6.24548 0.0768096
6.25138 0.0786791
6.25529 0.0765403
6.25949 0.0767091
6.26353 0.0767154
6.26366 0.0768438
6.26943 0.078582
6.26956 0.0787103
6.27245 0.0723522
6.27315 0.0770904
6.27328 0.0772188
6.27745 0.0773536
6.28104 0.0769091
6.28117 0.0770375
6.28501 0.0768497
6.28886 0.0766591
6.29328 0.0770477
6.29725 0.0769884
6.30328 0.0789774
6.30693 0.0765848
6.31139 0.0770039
6.31504 0.0766251
6.31978 0.0773332
6.32324 0.0767603
6.3271 0.0765785
6.33164 0.0770925
6.33543 0.0768421
6.34126 0.0786459
6.34543 0.0767638
6.34556 0.0768922
6.34928 0.0765791
6.3537 0.0769666
6.35755 0.0767818
6.36146 0.0766627
6.36538 0.0765407
6.3707 0.0778309
6.37153 0.0714353
6.37468 0.0765962
6.37891 0.0767936
6.38275 0.0766059
6.38743 0.0772484
6.39288 0.078667
6.39692 0.0766536
6.39705 0.076782
6.40108 0.0767854
6.40506 0.076729
6.40897 0.076607
6.41301 0.0766133
6.41756 0.0771274
6.42198 0.077513
6.42505 0.076555
6.43114 0.0786097
6.43525 0.0766649
6.43916 0.0765429
6.44359 0.0769344
6.44724 0.0765556
6.45141 0.0766903
6.45583 0.0770818
6.45943 0.0766403
6.46366 0.0768407
6.46885 0.0780025
6.47245 0.0723491
6.4727 0.0766394
6.47668 0.076583
6.48299 0.0788629
6.48312 0.0789913
6.48735 0.077169
6.48748 0.0772974
6.49107 0.0768559
6.49536 0.077116
6.49927 0.0769911
6.50318 0.0768661
6.50716 0.0768097
6.51133 0.0769444
6.5153 0.0768851
6.5219 0.0794499
6.52504 0.0765408
6.5294 0.0768666
6.53325 0.0766789
6.53729 0.0766853
6.54158 0.0769484
6.5453 0.0766352
6.54953 0.0768327
6.55338 0.0766479
6.55948 0.0787085
6.56352 0.0766981
6.56615 0.0752951
6.57249 0.0723976
6.57275 0.0778663
6.57288 0.0779947
6.57667 0.0765688
6.5809 0.0767692
6.58501 0.0768412
6.58513 0.0769696
6.58891 0.0767162
6.59398 0.0777438
6.59705 0.0767887
6.60211 0.0778134
6.60513 0.0767955
6.61128 0.0789159
6.61506 0.0766487
6.6192 0.0767518
6.62324 0.0767582
6.62722 0.0767047
6.63158 0.0770276
6.63527 0.0766828
6.63918 0.0765637
6.64367 0.077018
6.6438 0.0771464
6.64925 0.0785679
6.65336 0.0766232
6.6574 0.0766325
6.66144 0.0766417
6.66542 0.0765854
6.67068 0.0778099
6.67164 0.0715427
6.67466 0.0765752
6.67889 0.0767756
6.68274 0.0765908
6.68767 0.077493
6.69108 0.0768603
6.69505 0.076801
6.70107 0.078793
6.70518 0.0768482
6.70941 0.0770457
6.71326 0.076858
6.71698 0.0765448
6.72111 0.0766479
6.72528 0.0767797
6.72938 0.0768488
6.73317 0.0766013
6.7392 0.0785962
6.74324 0.0765887
6.74735 0.0766637
6.75152 0.0768013
6.75531 0.0765538
6.75947 0.0766886
6.76377 0.0769517
6.76928 0.078433
6.77255 0.0724571
6.77294 0.0768759
6.77673 0.0766284
6.7809 0.076766
6.78481 0.0766469
6.79103 0.07883
6.795 0.0767539
6.7991 0.076823
6.80352 0.0772086
6.80734 0.0769893
6.81131 0.07693
6.8151 0.0766796
6.81907 0.0766232
6.82318 0.0766952
6.82943 0.0789153
6.83316 0.0765883
6.83745 0.0768514
6.84124 0.0766039
6.84528 0.0766132
6.84935 0.0766536
6.85333 0.0766001
6.85757 0.0768005
6.86135 0.076553
6.86616 0.0773268
6.87072 0.0758299
6.87174 0.0716422
6.87472 0.076643
6.88076 0.0786409
6.88505 0.0768902
6.8855 0.0773381
6.88896 0.0767652
6.89332 0.0770881
6.89697 0.0767093
6.90108 0.0767784
6.90518 0.0768504
6.90922 0.0768538
6.91332 0.0769229
6.91903 0.0785983
6.9232 0.0767162
6.92711 0.0765971
6.93115 0.0766035
6.93552 0.0769323
6.93917 0.0765564
6.94347 0.0768195
6.94732 0.0766377
6.95136 0.0766469
6.9574 0.0786448
6.9615 0.0767
6.96567 0.0768348
6.97061 0.0777398
6.97157 0.0714726
6.97465 0.0765708
6.97908 0.0769623
6.9828 0.076652
6.98754 0.0773601
6.99139 0.0771724
6.99504 0.0767936
6.99921 0.0769283
7.00306 0.0767406
7.00928 0.0789326
7.01326 0.0768565
7.01723 0.0768001
7.02115 0.076681
7.02512 0.0766247
7.0293 0.0767623
7.03321 0.0766432
7.03789 0.0772915
7.04155 0.0769156
7.04726 0.078594
7.05143 0.0767149
7.05592 0.0771721
7.05952 0.0767334
7.0635 0.0766771
7.06863 0.0777757
7.08075 0.0766217
7.08492 0.0767594
7.08897 0.0767686
7.09288 0.0766466
7.09891 0.0786415
7.10302 0.0766997
7.10693 0.0765776
7.11109 0.0767124
7.11507 0.0766531
7.11911 0.0766623
7.12309 0.076606
7.1272 0.0766809
7.13117 0.0766216
7.13733 0.0787478
7.14144 0.0768031
7.14541 0.0767467
7.14927 0.0765649
7.15337 0.0766369
7.15735 0.0765834
7.16152 0.0767211
7.1655 0.0766647
7.1707 0.0778266
7.17166 0.0715593
7.17467 0.0765889
7.17878 0.0766609
7.18282 0.0766702
7.18295 0.0767986
7.18904 0.0788562
7.19302 0.076786
7.19693 0.0766639
7.20097 0.0766732
7.20508 0.0767452
7.20957 0.0771995
7.21322 0.0768207
7.21701 0.0765732
7.22118 0.0767108
7.2281 0.0796015
7.23156 0.0770148
7.23529 0.0767046
7.2392 0.0765826
7.2435 0.0768486
7.24751 0.0768263
7.25155 0.0768356
7.25547 0.0767164
7.25951 0.0767257
7.26541 0.0785952
7.26869 0.0758174
7.27164 0.0715387
7.27279 0.0767278
7.27869 0.0785972
7.28274 0.0765898
7.28729 0.0771097
7.29095 0.0767308
7.29492 0.0766745
7.2989 0.0766181
7.30345 0.077135
7.30698 0.0766308
7.31109 0.0767028
7.31711 0.0786977
7.32116 0.0766902
7.32507 0.0765711
7.3293 0.0767715
7.33325 0.0766835
7.33768 0.077075
7.3414 0.0767618
7.34531 0.0766427
7.34942 0.0767177
7.35545 0.0787126
7.35943 0.0766424
7.36379 0.0769712
7.36867 0.0778165
7.37258 0.0724825
7.37316 0.0770923
7.37675 0.0766537
7.38086 0.0767257
7.38484 0.0766723
7.38888 0.0766786
7.39317 0.0769418
7.39708 0.0768168
7.39721 0.0769452
7.40112 0.0768261
7.40696 0.0786299
7.41107 0.0766851
7.41511 0.0766944
7.41902 0.0765753
7.42339 0.0769041
7.42711 0.0765938
7.4316 0.0770481
7.43519 0.0766095
7.43923 0.0766158
7.44539 0.0787391
7.44975 0.0770511
7.45335 0.0766125
7.45739 0.0766218
7.46143 0.0766311
7.46548 0.0766404
7.4708 0.0779306
7.47163 0.071535
7.47484 0.0767586
7.47882 0.0767022
7.48273 0.0765831
7.48728 0.077103
7.49094 0.0767271
7.49697 0.0787191
7.50114 0.07684
7.50524 0.0769091
7.50928 0.0769154
7.51313 0.0767306
7.51704 0.0766115
7.52122 0.0767492
7.52526 0.0767585
7.5292 0.0766675
7.53529 0.0787281
7.53921 0.0765893
7.54331 0.0766613
7.54729 0.0766079
7.55146 0.0767455
7.55602 0.0772655
7.55948 0.0766984
7.5634 0.0765793
7.5686 0.0777441
7.57251 0.0724102
7.57308 0.07702
7.57674 0.0766441
7.58091 0.0767818
7.58733 0.0791619
7.59098 0.0767663
7.59111 0.0768947
7.5954 0.0771549
7.59887 0.0765879
7.60326 0.0769448
7.60698 0.0766317
7.61131 0.0769259
7.61509 0.0766784
7.61907 0.0766249
7.62517 0.0786855
7.6294 0.0768691
7.63332 0.07675
7.63794 0.0773356
7.64134 0.0767029
7.64544 0.0767749
7.64942 0.0767215
7.65334 0.0766024
7.65738 0.0766117
7.66379 0.0789918
7.6661 0.0752525
7.67079 0.0759008
7.67258 0.0724834
7.67675 0.0786714
7.68079 0.0766639
7.68509 0.0769299
7.68907 0.0768706
7.6933 0.077071
7.69702 0.0767549
7.70106 0.0767613
7.70497 0.0766392
7.70901 0.0766456
7.71504 0.0786405
7.71908 0.076633
7.72351 0.0770245
7.72364 0.0771529
7.72729 0.076777
7.72806 0.0775444
7.73152 0.0769745
7.73525 0.0766643
7.73929 0.0766706
7.74365 0.0769959
7.74727 0.0765884
7.75337 0.078649
7.75741 0.0766415
7.76145 0.0766508
7.7655 0.0766601
7.77082 0.0779503
7.77165 0.0715547
7.77467 0.0765872
7.77877 0.0766592
7.78294 0.0767969
7.78731 0.0771257
7.7909 0.0766841
7.795 0.0767561
7.79545 0.077204
7.79885 0.0765713
7.80508 0.0787603
7.80912 0.0767499
7.81309 0.0766935
7.81713 0.0766999
7.82118 0.0767091
7.82522 0.0767184
7.82913 0.0765964
7.83324 0.0766684
7.83779 0.0771883
7.84369 0.0790548
7.84741 0.0767278
7.85139 0.0766685
7.85536 0.0766121
7.85941 0.0766214
7.86338 0.076565
7.86871 0.0778553
7.87256 0.0724586
7.87313 0.0770684
7.87679 0.0766925
7.88083 0.0766989
7.88513 0.076962
7.88961 0.0774104
7.89499 0.0787633
7.89913 0.0768497
7.90298 0.076662
7.90702 0.0766713
7.911 0.0766149
7.91555 0.0771318
7.91927 0.0768187
7.92344 0.0769564
7.92761 0.0770911
7.93332 0.0787665
7.93755 0.0769472
7.94133 0.0766968
7.94556 0.0768972
7.94928 0.076584
7.95371 0.0769755
7.95737 0.0765996
7.96154 0.0767373
7.96545 0.0766182
7.97071 0.0778457
7.97155 0.0714501
7.97475 0.0766737
7.9788 0.076683
7.98508 0.076915
7.98905 0.0768556
7.99284 0.0766081
7.997 0.0767399
8.0012 0.0769058
8.00516 0.0768238
8.009 0.0766391
8.01311 0.0767081
8.01702 0.0765861
8.0235 0.0790289
8.02728 0.0767617
8.03189 0.0773443
8.03549 0.0769028
8.03953 0.0769091
8.04338 0.0767243
8.04748 0.0767964
8.0514 0.0766772
8.05556 0.076812
8.06179 0.0790039
8.06551 0.0766769
8.06866 0.0757874
8.07879 0.0766789
8.08277 0.0766226
8.08732 0.0771425
8.09117 0.0769577
8.09547 0.0772208
8.09893 0.0766504
8.09906 0.0767788
8.10304 0.0767224
8.10702 0.0766689
8.11301 0.0786293
8.11724 0.07681
8.12147 0.0770045
8.12522 0.076719
8.12939 0.0768537
8.13317 0.0766033
8.13791 0.0773114
8.14157 0.0769326
8.14541 0.0767448
8.15138 0.078677
8.15548 0.0767323
8.15959 0.0768072
8.16344 0.0766225
8.16877 0.0779156
8.17281 0.0727101
8.17319 0.0771288
8.17672 0.0766245
8.18204 0.0779089
8.18486 0.076697
8.18896 0.0767631
8.19294 0.0767067
8.19704 0.0767753
8.20307 0.07675
8.20698 0.0766309
8.21102 0.0766372
8.21506 0.0766436
8.21987 0.0774173
8.22 0.0775457
8.22333 0.0768474
8.22346 0.0769758
8.22769 0.0771762
8.2318 0.0772452
8.23571 0.0771232
8.24141 0.0787957
8.24526 0.0765941
8.24936 0.0766632
8.24949 0.0767916
8.25347 0.0767352
8.2536 0.0768636
8.25738 0.0766161
8.26143 0.0766254
8.26547 0.0766347
8.27073 0.0778622
8.27156 0.0714666
8.27477 0.0766902
8.27875 0.0766338
8.28279 0.0766401
8.28945 0.0792711
8.29292 0.0766873
8.29696 0.0766908
8.30112 0.0768255
8.30517 0.0768348
8.30908 0.0767157
8.31306 0.0766593
8.3172 0.0767624
8.32117 0.0767031
8.32527 0.0767751
8.33117 0.0786387
8.33547 0.076885
8.33932 0.0767003
8.34348 0.0768321
8.34746 0.0767757
8.35143 0.0767158
8.35554 0.0767879
8.35965 0.0768628
8.3635 0.076678
8.36869 0.0778428
8.37152 0.071419
8.37305 0.0769903
8.37876 0.0786657
8.38274 0.0765896
8.38732 0.0771377
8.39091 0.0766962
8.39553 0.0772788
8.39893 0.0766461
8.40309 0.0767779
8.4072 0.0768499
8.41118 0.0767935
8.41643 0.0780122
8.42117 0.0767065
8.42518 0.0766812
8.42935 0.076816
8.43326 0.076691
8.43768 0.0770756
8.442 0.0773698
8.44527 0.0766058
8.44976 0.0770601
8.45374 0.0770007
8.45958 0.0788075
8.46342 0.0766059
8.46862 0.0777707
8.4726 0.0724995
8.4733 0.0772377
8.47677 0.0766678
8.48158 0.0774445
8.48548 0.0773195
8.48894 0.0767466
8.49311 0.0768784
8.49324 0.0770068
8.49702 0.0767534
8.50163 0.0773331
8.50695 0.0786204
8.50708 0.0787488
8.51163 0.077252
8.51535 0.0769359
8.51952 0.0770706
8.51997 0.0775185
8.52349 0.0770083
8.52362 0.0771367
8.52721 0.0766952
8.53144 0.0768926
8.53529 0.0767049
8.53933 0.0767113
8.5433 0.076652
8.54939 0.0787096
8.55337 0.0766365
8.55741 0.0766428
8.56155 0.0767459
8.56578 0.0769463
8.57072 0.0778514
8.57155 0.0714558
8.5747 0.0766166
8.57899 0.0768798
8.58284 0.076695
8.58803 0.077848
8.59124 0.0770213
8.597 0.0787565
8.60155 0.0772538
8.60168 0.0773822
8.60502 0.0766838
8.60928 0.0769124
8.61306 0.076662
8.61754 0.0771103
8.61767 0.0772387
8.62113 0.0766659
8.62517 0.0766722
8.62992 0.0773832
8.63325 0.0766849
8.63928 0.0766601
8.63941 0.0767885
8.64389 0.0772427
8.64774 0.077058
8.65146 0.0767448
8.65557 0.0768168
8.65955 0.0767604
8.66397 0.077152
8.66866 0.0778032
8.67257 0.0724692
8.67295 0.0768879
8.6768 0.0767032
8.68174 0.0776053
8.68788 0.0797198
8.69109 0.0768763
8.6957 0.077456
8.69923 0.0769488
8.70307 0.0767582
8.70724 0.0768929
8.71141 0.0770276
8.71589 0.0774789
8.72031 0.0778646
8.72532 0.0788324
8.72948 0.0769503
8.73327 0.0766999
8.73734 0.0767374
8.74138 0.0767437
8.74599 0.0773234
8.74939 0.0766907
8.75337 0.0766344
8.75779 0.0770259
8.76158 0.0767754
8.7662 0.077361
8.771 0.076118
8.77261 0.0725095
8.77678 0.0786975
8.78076 0.0766243
8.78525 0.0770815
8.7889 0.0766997
8.79313 0.0768972
8.79736 0.0770976
8.80127 0.0769755
8.80512 0.0767908
8.80923 0.0768598
8.81519 0.0787891
8.8191 0.0766503
8.82314 0.0766596
8.82725 0.0767345
8.83116 0.0766125
8.83527 0.0766845
8.83925 0.0766281
8.84354 0.0768942
8.8474 0.0767123
8.85134 0.0766243
8.85737 0.0766019
8.86154 0.0767396
8.86545 0.0766176
8.87078 0.0779078
8.87148 0.0713838
8.87482 0.0767387
8.87912 0.0770019
8.88284 0.0766916
8.88752 0.077337
8.89092 0.0767043
8.89515 0.0769018
8.899 0.076717
8.90502 0.078709
8.90926 0.0768897
8.91317 0.0767676
8.91746 0.0770273
8.92112 0.0766514
8.92516 0.0766578
8.92945 0.0769174
8.93324 0.0766699
8.93741 0.0768047
8.94324 0.078608
8.94735 0.0766661
8.95133 0.0766127
8.95557 0.076816
8.95948 0.0766969
8.96371 0.0768944
8.96885 0.0779935
8.97257 0.0724684
8.97295 0.0768871
8.9769 0.0767991
8.98075 0.0766144
8.98485 0.0766893
8.98902 0.0768211
8.99517 0.0789415
8.99896 0.0766743
9.00306 0.0767404
9.00704 0.0766873
9.0114 0.0770131
9.01518 0.0767627
9.01909 0.0766406
9.02313 0.0766499
9.02852 0.0780029
9.03333 0.078782
9.03737 0.0767716
9.04129 0.0766524
9.04539 0.0767274
9.04941 0.0767051
9.05345 0.0767143
9.05743 0.076658
9.06147 0.0766672
9.06551 0.0766736
9.0707 0.0778354
9.07898 0.0768697
9.08495 0.0788048
9.08899 0.0767944
9.09323 0.0769948
9.09695 0.0766846
9.10112 0.0768193
9.10503 0.0767002
9.10913 0.0767693
9.11381 0.0774146
9.11769 0.0772609
9.12321 0.0787452
9.12738 0.0768661
9.13123 0.0766814
9.13527 0.0766907
9.13925 0.0766343
9.14339 0.0767403
9.1475 0.0768153
9.15141 0.0766962
9.15616 0.0774072
9.15956 0.0767745
9.16552 0.076687
9.16873 0.0758603
9.17155 0.0714533
9.17479 0.0787276
9.17922 0.0771024
9.17934 0.0772308
9.18287 0.0767265
9.18736 0.0771778
9.19121 0.076993
9.19512 0.076871
9.19897 0.0766862
9.20332 0.0770091
9.20345 0.0771375
9.20711 0.0767587
9.21314 0.0787536
9.2175 0.0770627
9.21762 0.0771911
9.22122 0.0767495
9.22532 0.0768216
9.22981 0.0772758
9.23372 0.0771567
9.23744 0.0768435
9.24168 0.0770439
9.2454 0.0767337
9.25144 0.0787345
9.25561 0.0768554
9.25952 0.0767363
9.26356 0.0767456
9.26895 0.0781015
9.27267 0.0725735
9.27306 0.0769922
9.27697 0.0768731
9.28076 0.0766256
9.28499 0.076826
9.28916 0.0769578
9.29371 0.0774747
9.29698 0.0767137
9.30383 0.0795358
9.30698 0.0766296
9.31115 0.0767643
9.31519 0.0767707
9.3191 0.0766486
9.32352 0.0770401
9.32789 0.0773689
9.33122 0.0766706
9.3352 0.0766171
9.34142 0.0788032
9.3454 0.07673
9.34938 0.0766766
9.35342 0.0766859
9.35746 0.0766951
9.36144 0.0766388
9.36561 0.0767764
9.37074 0.0778726
9.37151 0.0714114
9.37478 0.0767006
9.37895 0.0768383
9.38319 0.0770387
9.38723 0.077045
9.39287 0.0786518
9.39761 0.0773461
9.40114 0.0768418
9.40511 0.0767795
9.40915 0.0767859
9.41351 0.0771117
9.41717 0.0767359
9.42146 0.0769955
9.42538 0.0768764
9.4255 0.0770048
9.4314 0.0788655
9.43525 0.0766669
9.43935 0.0767359
9.44333 0.0766796
9.44731 0.0766261
9.45142 0.0766981
9.45539 0.0766417
9.45944 0.076651
9.4638 0.0769798
9.46868 0.0778251
9.47259 0.0724911
9.47329 0.0772294
9.47676 0.0766623
9.48285 0.0787229
9.48728 0.0770977
9.48741 0.0772261
9.491 0.0767816
9.49516 0.0769163
9.49529 0.0770447
9.49895 0.0766688
9.50344 0.0771201
9.50709 0.0767442
9.51113 0.0767506
9.51511 0.0766942
9.52114 0.0786921
9.52531 0.076813
9.52942 0.076885
9.5332 0.0766375
9.5377 0.0770946
9.53782 0.077223
9.54129 0.0766531
9.54142 0.0767815
9.5454 0.076728
9.54938 0.0766746
9.55339 0.0766522
9.55955 0.0787785
9.56359 0.076771
9.56648 0.0756248
9.57257 0.0724735
9.57328 0.07839
9.57674 0.0766447
9.58085 0.0767167
9.58502 0.0768543
9.58515 0.0769827
9.58893 0.0767323
9.59304 0.0768043
9.59727 0.0770018
9.60099 0.0766886
9.60112 0.076817
9.60503 0.076695
9.61112 0.0787526
9.61561 0.0771901
9.61914 0.0766858
9.6233 0.0768205
9.62799 0.0774688
9.63164 0.07709
9.63536 0.0767798
9.63972 0.0771056
9.64351 0.0768581
9.64935 0.0786649
9.65345 0.0767201
9.65782 0.0770489
9.66147 0.076673
9.66552 0.0766823
9.67071 0.0778441
9.67155 0.0714485
9.67476 0.0766751
9.67886 0.0767471
9.68284 0.0766936
9.68733 0.0771508
9.69092 0.0767092
9.69529 0.077038
9.70096 0.0786818
9.70507 0.0767371
9.70911 0.0767434
9.71315 0.0767498
9.71713 0.0766934
9.72117 0.0767027
9.72527 0.0767747
9.72945 0.0769123
9.73329 0.0767276
9.73926 0.0786598
9.74349 0.0768434
9.74735 0.0766616
9.75145 0.0767365
9.75543 0.076683
9.75948 0.0766923
9.76352 0.0767016
9.76866 0.0778037
9.77257 0.0724697
9.77282 0.07676
9.77295 0.0768884
9.77674 0.0766409
9.78084 0.0767129
9.78489 0.0767222
9.79097 0.0787769
9.79527 0.0770204
9.79893 0.0766445
9.80316 0.0768419
9.80707 0.0767228
9.81117 0.0767919
9.81509 0.0766728
9.81919 0.0767448
9.82349 0.0770079
9.82946 0.0789401
9.83337 0.0768013
9.8376 0.0770017
9.84133 0.0766915
9.84537 0.0767008
9.84941 0.07671
9.85339 0.0766566
9.85743 0.0766659
9.86148 0.0766751
9.86629 0.0774518
9.86642 0.0775802
9.87078 0.0758922
9.87161 0.0715134
9.87475 0.0766743
9.88085 0.0787378
9.88502 0.0768587
9.88893 0.0767366
9.89291 0.0766803
9.89734 0.0770718
9.90112 0.0768243
9.90504 0.0767052
9.90959 0.0772221
9.91311 0.0767149
9.91921 0.0787755
9.92344 0.0769591
9.92742 0.0769028
9.93155 0.0770029
9.93528 0.0766927
9.93932 0.076699
9.94348 0.0768338
9.9474 0.0767142
9.95176 0.0770429
9.95741 0.0786556
9.96158 0.0767765
9.96556 0.0767231
9.97088 0.0780133
9.97159 0.0714893
9.9748 0.0767159
9.97877 0.0766595
9.98288 0.0767344
9.98724 0.0770632
9.99096 0.07675
9.99533 0.0770788
9.99898 0.0767029

