% time_sec delay_sec
1.14385 0.0437562
1.14417 0.0440757
1.24388 0.0437852
1.34386 0.0437635
1.4425 0.346413
1.44386 0.0437666
1.54387 0.0437736
1.64386 0.0437603
1.7443 0.0442039
1.74537 0.346607
1.84388 0.0437856
1.9438 0.243033
1.94579 0.0456747
1.94794 0.0498388
1.9519 0.0497647
2.04389 0.137726
2.0461 0.0459871
2.04802 0.0499178
2.05224 0.0501063
2.05596 0.0497897
2.06002 0.0498216
2.06409 0.0498545
2.06815 0.049887
2.07219 0.0498923
2.07658 0.0502472
2.08242 0.0500342
2.08623 0.0498109
2.09053 0.050074
2.09534 0.0508507
2.10034 0.0518214
2.10451 0.0519591
2.10945 0.0528671
2.1149 0.0542828
2.11965 0.0549997
2.12791 0.0592253
2.13157 0.0568327
2.13638 0.0576064
2.14125 0.0584488
2.14638 0.0595479
2.1519 0.0610322
2.15595 0.0558296
2.15607 0.0599915
2.15986 0.059744
2.16371 0.0595592
2.16775 0.0595685
2.17185 0.0596376
2.17763 0.0613786
2.18173 0.0594339
2.18609 0.0597597
2.19039 0.0600199
2.19052 0.0601483
2.19391 0.0595098
2.20186 0.0593911
2.20596 0.0594602
2.21007 0.0595322
2.21462 0.0600492
2.22033 0.0617275
2.22469 0.0600396
2.22937 0.0606849
2.23284 0.0601179
2.24079 0.0600051
2.24503 0.0602085
2.24907 0.0602178
2.25382 0.0609347
2.25626 0.0561425
2.25767 0.0595715
2.26197 0.0598376
2.26755 0.0613846
2.27165 0.0594369
2.27582 0.0595746
2.27987 0.0595839
2.28384 0.0595275
2.28782 0.0594711
2.29167 0.0592834
2.29564 0.0592241
2.29962 0.0591647
2.30442 0.0599356
2.30968 0.0591434
2.31442 0.0598515
2.31821 0.059604
2.32244 0.0598044
2.32693 0.0602615
2.33097 0.0602644
2.3386 0.0598322
2.34251 0.0597101
2.34264 0.0598385
2.34912 0.0622872
2.35227 0.059381
2.35593 0.0558099
2.35747 0.0613842
2.36138 0.0592483
2.36574 0.0595771
2.36972 0.0595207
2.37395 0.0597211
2.37825 0.0599872
2.38204 0.0597397
2.38563 0.059301
2.39019 0.0598209
2.39577 0.061365
2.39589 0.0614934
2.39968 0.0592292
2.4041 0.0596177
2.40859 0.060072
2.41192 0.0593707
2.41641 0.0598274
2.42039 0.059771
2.42482 0.0601654
2.42911 0.0604286
2.43258 0.0598557
2.43854 0.0617879
2.44258 0.0597804
2.44695 0.0601121
2.45208 0.0612142
2.45613 0.0560116
2.45626 0.0601735
2.45972 0.0596065
2.46396 0.0598069
2.46794 0.0597534
2.47172 0.0595059
2.4757 0.0594495
2.48 0.0597156
2.48558 0.0612656
2.49026 0.0598942
2.49379 0.0593869
2.49392 0.0595153
2.49763 0.0591992
2.50148 0.0590145
2.50603 0.0595314
2.50616 0.0596598
2.50988 0.0593467
2.51437 0.0598038
2.51848 0.0598758
2.52316 0.0605236
2.5288 0.0601166
2.53252 0.0598034
2.53682 0.0600695
2.54035 0.0595652
2.54439 0.0595716
2.54863 0.0597749
2.55383 0.0609397
2.55588 0.0557623
2.55768 0.0595766
2.56178 0.0596515
2.56576 0.0595951
2.56987 0.0596671
2.5757 0.0614709
2.57975 0.0594634
2.58366 0.0593443
2.58802 0.0596702
2.59161 0.0592286
2.59565 0.059235
2.59963 0.0591786
2.60393 0.0594417
2.60912 0.0606036
2.61425 0.0617027
2.62247 0.0598329
2.62683 0.0601617
2.63106 0.0603591
2.63433 0.0595981
2.63854 0.0597669
2.64271 0.0599045
2.64662 0.0597854
2.65124 0.060371
2.65567 0.0555506
2.65579 0.0597125
2.65965 0.0595307
2.66568 0.0615285
2.66966 0.0594554
2.66978 0.0595838
2.67363 0.059399
2.67812 0.0598562
2.68217 0.0598655
2.68582 0.0594896
2.69038 0.0600095
2.69371 0.0593112
2.69788 0.0594459
2.70416 0.0616947
2.70788 0.0593647
2.71199 0.0594367
2.71648 0.0598939
2.7202 0.0595808
2.72488 0.060232
2.72912 0.0604324
2.7331 0.060376
2.73682 0.0600658
2.74035 0.0595586
2.7465 0.059668
2.74978 0.058907
2.75568 0.0555645
2.75928 0.0591595
2.76383 0.0596823
2.76813 0.0599484
2.77166 0.0594441
2.77602 0.0597729
2.77981 0.0595254
2.78385 0.0595347
2.78821 0.0598605
2.78834 0.0599889
2.79366 0.0612762
2.79738 0.0589463
2.80206 0.0595916
2.80597 0.0594696
2.80995 0.0594132
2.81431 0.059742
2.81829 0.0596856
2.82256 0.0599201
2.82717 0.0605056
2.83275 0.0620497
2.83654 0.0597854
2.8402 0.0594096
2.85361 0.0607213
2.85592 0.0558007
2.85759 0.0594865
2.86169 0.0595615
2.86548 0.0593111
2.86977 0.0595742
2.87369 0.0594521
2.87805 0.0597809
2.88363 0.0613309
2.88825 0.0598967
2.89184 0.0594581
2.89563 0.0592077
2.89954 0.0590857
2.9039 0.0594144
2.90807 0.0595521
2.91224 0.0596839
2.91641 0.0598216
2.9225 0.0618851
2.92693 0.0602598
2.93103 0.0603289
2.93469 0.059953
2.93867 0.0598967
2.94277 0.0599716
2.94656 0.0597241
2.95189 0.0610173
2.95548 0.0553638
2.95593 0.0598453
2.95606 0.0599736
2.95939 0.0592782
2.96376 0.059607
2.96388 0.0597354
2.96786 0.059682
2.97351 0.0612917
2.978 0.0597321
2.97813 0.0598605
2.98217 0.0598698
2.98557 0.0592371
2.99051 0.0601422
2.99378 0.0593812
2.99776 0.0593248
3.00231 0.0598447
3.00642 0.0599222
3.01194 0.0614065
3.02038 0.0597589
3.02467 0.060022
3.02884 0.0601568
3.03282 0.0600994
3.03744 0.0606849
3.04084 0.0600523
3.04453 0.0597075
3.04864 0.0597824
3.05371 0.0588021
3.05563 0.0555131
3.05768 0.0595841
3.06346 0.0613251
3.06763 0.0594461
3.0718 0.0595837
3.07584 0.059593
3.07989 0.0596023
3.08387 0.0595488
3.08797 0.0596208
3.0881 0.0597492
3.09176 0.0593733
3.0958 0.0593826
3.10158 0.0611266
3.1062 0.0596984
3.11018 0.059642
3.11422 0.0596483
3.11813 0.0595292
3.12314 0.0605
3.12692 0.0602525
3.1309 0.0601961
3.13456 0.0598202
3.1402 0.06143
3.14405 0.0592284
3.15342 0.0605304
3.15605 0.0559322
3.15746 0.0593613
3.1615 0.0593706
3.16561 0.0594426
3.16971 0.0595146
3.17369 0.0594582
3.17754 0.0592763
3.18184 0.0595424
3.18589 0.0595517
3.19185 0.0614839
3.19602 0.0596019
3.20025 0.0598023
3.20397 0.0594891
3.20795 0.0594327
3.21212 0.0595674
3.21629 0.0597051
3.22498 0.0603311
3.23101 0.062326
3.23435 0.0596138
3.23846 0.0596858
3.2425 0.0596951
3.24667 0.0598328
3.25585 0.0557293
3.25597 0.0598912
3.25957 0.0594526
3.2638 0.059653
3.26753 0.0593428
3.27163 0.0594148
3.27587 0.0596152
3.28171 0.0614219
3.28568 0.0593488
3.29049 0.0601225
3.29369 0.0592929
3.29747 0.0590395
3.30171 0.0592399
3.30607 0.0595657
3.30998 0.0594437
3.31453 0.0599631
3.32037 0.0617669
3.32447 0.0598221
3.32864 0.0599569
3.3366 0.0598441
3.34025 0.0594653
3.34416 0.0593432
3.34856 0.0597061
3.35344 0.0605484
3.35549 0.055371
3.35703 0.0589285
3.36114 0.0590034
3.36569 0.0595228
3.37114 0.0609414
3.37537 0.0591251
3.37935 0.0590687
3.38339 0.059078
3.38756 0.0592127
3.39144 0.0590561
3.39529 0.0588713
3.3992 0.0587493
3.40324 0.0587556
3.40921 0.0606878
3.41325 0.0586774
3.41793 0.0593286
3.42223 0.0595947
3.42666 0.0599862
3.43095 0.0602464
3.43422 0.0594853
3.43832 0.0595544
3.44166 0.0588561
3.44775 0.0609167
3.45109 0.0581986
3.45448 0.0543679
3.45461 0.0585298
3.45987 0.0597573
3.46385 0.0576842
3.46789 0.0576905
3.47161 0.0573774
3.47533 0.0570642
3.47911 0.0568138
3.48232 0.05599
3.4872 0.0568294
3.49072 0.0563192
3.49585 0.0574125
3.49937 0.0548885
3.50386 0.0553398
3.50694 0.0543847
3.51149 0.0549046
3.51489 0.0542719
3.51906 0.0544067
3.51919 0.0545351
3.524 0.0553118
3.52778 0.0550613
3.53304 0.0562859
3.53689 0.0540844
3.54112 0.0542818
3.54125 0.0544102
3.54644 0.0555691
3.55022 0.0501068
3.5508 0.0547166
3.5542 0.054084
3.55824 0.0540903
3.56228 0.0540996
3.56594 0.0537237
3.5694 0.0531537
3.57338 0.0530974
3.57704 0.0527215
3.58313 0.0547791
3.58717 0.0527658
3.59031 0.0518734
3.59403 0.0515597
3.59845 0.0519453
3.60306 0.052525
3.60608 0.0515072
3.61069 0.0520928
3.61487 0.0522304
3.62121 0.0545419
3.62557 0.052851
3.62987 0.0531141
3.63339 0.0526069
3.63746 0.0526444
3.64279 0.0539346
3.64715 0.0542634
3.64895 0.0488293
3.65132 0.0532198
3.65459 0.0524587
3.6585 0.0523367
3.66287 0.0526655
3.66671 0.0524807
3.67255 0.0542845
3.67646 0.0521457
3.68012 0.0517698
3.68429 0.0519045
3.68845 0.0520363
3.69243 0.0519799
3.69628 0.0517922
3.70217 0.0536529
3.70506 0.0525067
3.71121 0.0546265
3.71557 0.0529356
3.72044 0.053775
3.72499 0.054289
3.72973 0.0549942
3.73409 0.0553201
3.73794 0.0551353
3.74262 0.0557836
3.7482 0.0573277
3.7516 0.0514802
3.75217 0.05609
3.75564 0.055523
3.76 0.0558488
3.76568 0.0574926
3.76991 0.0556733
3.77369 0.0554258
3.77805 0.0557546
3.78165 0.055313
3.7862 0.055833
3.79023 0.0558334
3.79036 0.0559618
3.79414 0.0557084
3.79427 0.0558368
3.79793 0.055458
3.79805 0.0555864
3.80382 0.0573187
3.80773 0.0551799
3.8126 0.0560193
3.81645 0.0558345
3.82119 0.0565426
3.82613 0.0574447
3.83017 0.0574481
3.8346 0.0578426
3.83864 0.0578489
3.84502 0.0601974
3.84816 0.0572912
3.85303 0.0581306
3.8547 0.0545848
3.85849 0.0603876
3.86355 0.0594014
3.86715 0.0589628
3.87131 0.0590946
3.87542 0.0591666
3.87939 0.0591102
3.88311 0.058797
3.8876 0.0592513
3.89164 0.0592576
3.89741 0.0609899
3.90119 0.0587227
3.90593 0.0594303
3.90965 0.0591171
3.91395 0.0593773
3.91811 0.059512
3.9226 0.0599692
3.92668 0.0600061
3.93039 0.05969
3.93623 0.0614938
3.93636 0.0616222
3.93995 0.0591639
3.94402 0.0592013
3.94835 0.0594985
3.95336 0.0604693
3.9556 0.0554859
3.95721 0.0591061
3.96105 0.0589213
3.96528 0.0591188
3.96932 0.0591251
3.97266 0.0584268
3.97645 0.0581793
3.98042 0.0581229
3.98613 0.0597954
3.99004 0.0576537
3.99395 0.0575287
3.99785 0.0574037
4.00292 0.0584313
4.00664 0.0581238
4.00677 0.0582522
4.01023 0.0576822
4.01068 0.0581301
4.01446 0.0578797
4.01921 0.0585907
4.02476 0.0601026
4.02918 0.0584745
4.03347 0.0587371
4.03738 0.058615
4.04149 0.058687
4.04611 0.0592726
4.05175 0.0608823
4.05188 0.0610107
4.05528 0.0551632
4.05541 0.0593252
4.05881 0.0586925
4.06269 0.0585359
4.06673 0.0585452
4.07051 0.0582947
4.0759 0.0596536
4.07982 0.0575177
4.08354 0.0572075
4.08796 0.057596
4.09136 0.0569604
4.09534 0.0569011
4.09546 0.0570295
4.09902 0.0565563
4.10306 0.0565597
4.10698 0.0564406
4.11281 0.0582444
4.11679 0.0561713
4.12243 0.0577752
4.12618 0.0574931
4.13041 0.0576906
4.13493 0.0581789
4.13506 0.0583072
4.13871 0.0579284
4.14365 0.0588306
4.14747 0.0586142
4.15189 0.0590057
4.15433 0.0542135
4.15606 0.0579621
4.15965 0.0575205
4.16568 0.0595154
4.17004 0.0578245
4.17357 0.0573202
4.17748 0.0572011
4.18127 0.0569507
4.18576 0.0574079
4.18909 0.0567066
4.19319 0.0567757
4.19704 0.056585
4.20325 0.0587647
4.20338 0.0588931
4.20678 0.0562407
4.21133 0.0567606
4.21517 0.0565729
4.21953 0.0568982
4.22415 0.0574803
4.22841 0.0577089
4.23303 0.0582945
4.23707 0.0583008
4.24329 0.0604868
4.24759 0.0587356
4.25118 0.0582911
4.25483 0.0547167
4.25714 0.0610583
4.26099 0.0588567
4.26515 0.0589885
4.26964 0.0594428
4.2732 0.0589661
4.27686 0.0585903
4.28045 0.0581487
4.28475 0.0584148
4.29019 0.0598246
4.29436 0.0599564
4.29481 0.0604043
4.29839 0.057943
4.30371 0.0592274
4.30737 0.0588486
4.31102 0.0584698
4.31545 0.0588613
4.31971 0.0590898
4.32439 0.0597352
4.32875 0.060061
4.33414 0.061417
4.33426 0.0615453
4.3385 0.059729
4.34248 0.0596726
4.34658 0.0597446
4.35191 0.0610378
4.35589 0.0557695
4.35614 0.0600598
4.35993 0.0598123
4.36391 0.0597559
4.36795 0.0597652
4.37167 0.0594491
4.37571 0.0594584
4.37988 0.0595931
4.3861 0.0617821
4.39026 0.0598971
4.39039 0.0600255
4.39385 0.0594526
4.39757 0.0591395
4.40168 0.0592086
4.40616 0.0596599
4.40994 0.0594094
4.41424 0.0596696
4.41853 0.0599327
4.4246 0.0619617
4.42905 0.0603676
4.43287 0.0601512
4.43685 0.0600948
4.44038 0.0595905
4.44442 0.0595968
4.44884 0.0599913
4.45577 0.0556592
4.45751 0.0594078
4.46162 0.0594827
4.46578 0.0596145
4.46956 0.0593641
4.46969 0.0594925
4.47566 0.0614247
4.47989 0.0596083
4.48381 0.0594892
4.48791 0.0595553
4.49182 0.0594362
4.49611 0.0596964
4.50022 0.0597655
4.50413 0.0596434
4.50864 0.0601253
4.51451 0.0619573
4.51871 0.0601064
4.52345 0.0608145
4.52685 0.0601818
4.53083 0.0601254
4.53474 0.0600063
4.53859 0.0598215
4.53872 0.0599499
4.54289 0.0600876
4.54655 0.0597117
4.55162 0.0607481
4.55598 0.055865
4.55611 0.0600269
4.55938 0.0592658
4.56605 0.0619027
4.57003 0.0598266
4.57375 0.0595135
4.57792 0.0596511
4.58221 0.0599143
4.586 0.0596638
4.59048 0.0601151
4.59381 0.0594139
4.59394 0.0595423
4.59772 0.0592889
4.60438 0.0619169
4.60785 0.0593302
4.61202 0.059465
4.61644 0.0598565
4.62036 0.0597374
4.62491 0.0602543
4.62888 0.060198
4.63671 0.0599568
4.64287 0.0620801
4.64665 0.0598159
4.64973 0.0588637
4.65608 0.0559691
4.65621 0.0613094
4.66013 0.060012
4.67193 0.0597144
4.67572 0.0594669
4.6795 0.0592194
4.68399 0.0596766
4.68874 0.0603876
4.68887 0.060516
4.69406 0.061672
4.69758 0.059148
4.70175 0.0592828
4.70604 0.0595429
4.71021 0.0596777
4.71457 0.0600035
4.71842 0.0598158
4.71855 0.0599442
4.72259 0.0599535
4.72772 0.0610497
4.73266 0.0619577
4.73683 0.0600757
4.74049 0.0596998
4.74421 0.0593866
4.75576 0.0556401
4.76179 0.0596577
4.76577 0.0596013
4.76987 0.0596733
4.7777 0.0594292
4.78373 0.061427
4.7879 0.059545
4.79188 0.0594916
4.79617 0.0597518
4.7963 0.0598802
4.80027 0.0598238
4.80419 0.0597017
4.80861 0.0600932
4.81265 0.0600996
4.81657 0.0599805
4.82266 0.062044
4.82715 0.0604844
4.83447 0.0597297
4.83857 0.0598017
4.84274 0.0599394
4.84698 0.0601427
4.85231 0.0614359
4.85596 0.0558481
4.85917 0.0590578
4.86386 0.0597061
4.86784 0.0596527
4.87367 0.0614565
4.87816 0.0598969
4.88189 0.0595867
4.88599 0.0596587
4.89029 0.0599189
4.89368 0.0592833
4.8976 0.0591612
4.89772 0.0592896
4.9024 0.059935
4.90612 0.0596218
4.91215 0.0616167
4.91645 0.0598631
4.9203 0.0596778
4.92447 0.0598155
4.9287 0.0600159
4.93268 0.0599595
4.93653 0.0597777
4.94064 0.0598497
4.94442 0.0595992
4.94926 0.06041
4.95389 0.0589817
4.95786 0.0597637
4.96383 0.0616959
4.96774 0.05956
4.97185 0.0596291
4.97589 0.0596384
4.97974 0.0594536
4.98397 0.0596569
4.9882 0.0598544
4.99186 0.0594785
4.99571 0.0592908
5.00142 0.0609662
5.0063 0.0597975
5.01002 0.0594814
5.01438 0.0598102
5.01836 0.0597538
5.02285 0.060214
5.02696 0.060286
5.03113 0.0604236
5.03478 0.0600477
5.04049 0.0617232
5.04447 0.05965
5.05352 0.06063
5.05551 0.0553899
5.05756 0.0594609
5.06109 0.0589567
5.06962 0.0594202
5.07366 0.0594295
5.07751 0.0592476
5.08181 0.0595137
5.08592 0.0595886
5.09195 0.0615865
5.0958 0.059385
5.10016 0.0597137
5.10395 0.0594662
5.1087 0.0601802
5.11222 0.059673
5.11614 0.0595504
5.12044 0.0598165
5.12486 0.0602109
5.13115 0.0624626
5.13455 0.0598132
5.1384 0.0596284
5.14238 0.059572
5.14642 0.0595813
5.152 0.0611313
5.15636 0.0562482
5.15649 0.0604101
5.15983 0.0597147
5.16374 0.0595927
5.16759 0.0594108
5.17151 0.0592917
5.17587 0.0596205
5.18184 0.0615556
5.18582 0.0594825
5.1903 0.0599338
5.19376 0.0593638
5.1978 0.0593702
5.20248 0.0600156
5.2064 0.0598964
5.20653 0.0600248
5.21063 0.0600939
5.21454 0.0599748
5.22038 0.0617786
5.22455 0.0598995
5.22891 0.0602254
5.23257 0.0598495
5.23661 0.0598587
5.24039 0.0596083
5.24444 0.0596176
5.24867 0.0598209
5.25374 0.0608573
5.2576 0.0594971
5.26183 0.0597005
5.26574 0.0595784
5.27171 0.0615077
5.27556 0.0593091
5.27979 0.0595095
5.28403 0.0597128
5.28794 0.0595908
5.28839 0.0600387
5.29211 0.0597284
5.29602 0.0596064
5.30026 0.0598068
5.30404 0.0595593
5.31071 0.0621962
5.31084 0.0623245
5.3145 0.0599319
5.31848 0.0598755
5.31861 0.0600039
5.32262 0.0599816
5.32688 0.0602131
5.33448 0.0597462
5.33884 0.060075
5.34276 0.0599559
5.3493 0.0624673
5.35283 0.0599433
5.35585 0.0557304
5.35597 0.0598923
5.36143 0.0613139
5.36996 0.0597635
5.37401 0.0597728
5.37798 0.0597164
5.38215 0.0598541
5.38562 0.0592871
5.39017 0.059807
5.39396 0.0595595
5.40018 0.0617456
5.40422 0.0597322
5.40775 0.0592279
5.41191 0.0593597
5.41621 0.0596258
5.42038 0.0597635
5.42474 0.0600922
5.42898 0.0602926
5.43257 0.0598476
5.4386 0.0618426
5.44251 0.0597067
5.44652 0.0596843
5.45223 0.0613627
5.45974 0.0596266
5.46404 0.0598927
5.46417 0.060021
5.46796 0.0597735
5.47168 0.0594604
5.47181 0.0595888
5.4754 0.0591472
5.47989 0.0596044
5.48387 0.059551
5.49028 0.0619281
5.49041 0.0620565
5.49438 0.0599804
5.49778 0.0593419
5.5022 0.0597304
5.50618 0.0596741
5.5106 0.0600656
5.51439 0.0598181
5.51849 0.0598901
5.51862 0.0600185
5.5225 0.0598677
5.52872 0.0620538
5.53247 0.059755
5.53652 0.0597642
5.54004 0.059257
5.54402 0.0592006
5.5489 0.0600425
5.55364 0.0607564
5.5575 0.0593962
5.5616 0.0594682
5.56519 0.0590267
5.56978 0.0595777
5.57356 0.0593273
5.57934 0.0610683
5.58338 0.0590609
5.58742 0.0590672
5.59139 0.0590079
5.5953 0.0588858
5.59921 0.0587638
5.60377 0.0592808
5.60838 0.0598634
5.61172 0.0591651
5.6181 0.0615135
5.62234 0.0597001
5.62657 0.0599005
5.62984 0.0591365
5.63404 0.0593053
5.63827 0.0595027
5.6384 0.0596311
5.64199 0.0591896
5.64629 0.0594556
5.652 0.0611281
5.65456 0.0544475
5.65514 0.0590574
5.65835 0.0582336
5.66258 0.058431
5.66778 0.0595958
5.67137 0.0571375
5.67515 0.0568871
5.67887 0.0565739
5.68253 0.056198
5.68651 0.0561416
5.69054 0.0561421
5.69407 0.0556349
5.69766 0.0551933
5.70324 0.0567345
5.70683 0.0542762
5.71093 0.0543482
5.71498 0.0543575
5.7194 0.054749
5.72427 0.0555884
5.72806 0.055338
5.72819 0.0554663
5.73216 0.05541
5.73582 0.0550311
5.74197 0.0571515
5.7446 0.0537317
5.74909 0.0541889
5.75076 0.0506431
5.75442 0.0563176
5.75852 0.0543699
5.75865 0.0544983
5.76237 0.054188
5.76622 0.0540033
5.77007 0.0538185
5.77379 0.0535053
5.77719 0.0528727
5.78142 0.0530731
5.7861 0.0537184
5.79052 0.054107
5.79065 0.0542354
5.79418 0.0517143
5.79867 0.0521681
5.80283 0.0522999
5.80636 0.0517956
5.81085 0.0522528
5.81477 0.0521336
5.81951 0.0528447
5.824 0.0532955
5.83022 0.0554815
5.83349 0.0527007
5.83836 0.0535401
5.84234 0.0534838
5.84708 0.0541977
5.84926 0.0491487
5.85144 0.0533452
5.85516 0.053032
5.85908 0.0529095
5.86286 0.052662
5.86645 0.0522204
5.86998 0.0517161
5.8739 0.051597
5.87896 0.0526305
5.88301 0.050623
5.88724 0.0508205
5.89054 0.0500876
5.89484 0.0503507
5.89496 0.0504791
5.89913 0.0506138
5.9026 0.0500439
5.90702 0.0504383
5.91126 0.0506387
5.91725 0.0525991
5.92148 0.0507769
5.92581 0.051074
5.92966 0.0508863
5.93369 0.0508897
5.93843 0.0515978
5.94401 0.0531419
5.94414 0.0532703
5.94748 0.0473601
5.9476 0.051522
5.95075 0.0506325
5.95453 0.0503821
5.95466 0.0505105
5.95864 0.050457
5.96262 0.0504007
5.96813 0.0518844
5.97294 0.0506444
5.97615 0.0498206
5.98077 0.0504032
5.98468 0.0502812
5.98866 0.0502218
5.99241 0.0499427
5.99721 0.0507135
6.00138 0.0508453
6.00716 0.0525893
6.01094 0.0503216
6.01517 0.050522
6.01992 0.051233
6.02383 0.0511139
6.02845 0.0516995
6.03262 0.0518313
6.03615 0.051327
6.04102 0.0521635
6.04519 0.0522982
6.04737 0.0472492
6.04903 0.0509351
6.05333 0.0511982
6.05814 0.0519778
6.06219 0.0499703
6.06232 0.0500987
6.06623 0.0499796
6.07027 0.0499889
6.07425 0.0499325
6.07823 0.0498761
6.0824 0.0500138
6.08644 0.0500201
6.09086 0.0504117
6.09689 0.0524066
6.10048 0.0499483
6.10472 0.0501516
6.10889 0.0502863
6.11334 0.0507089
6.11347 0.0508373
6.11777 0.0511005
6.12264 0.051934
6.12661 0.0518776
6.13014 0.0513704
6.13597 0.0531683
6.14046 0.0516058
6.14328 0.0503939
6.14649 0.0463721
6.1488 0.0527137
6.15258 0.0504494
6.15624 0.0500706
6.16034 0.0501426
6.16439 0.0501519
6.16823 0.0499671
6.17227 0.0499734
6.17644 0.0501111
6.18106 0.0506908
6.18734 0.0529361
6.19061 0.0501554
6.19484 0.0503528
6.19881 0.0502935
6.20278 0.0502307
6.20734 0.0507506
6.20746 0.050879
6.2108 0.0501807
6.21093 0.0503091
6.21577 0.0511139
6.22054 0.0518531
6.22547 0.0527553
6.22951 0.0507419
6.22964 0.0508703
6.23329 0.0504915
6.23765 0.0508173
6.24278 0.0519135
6.24631 0.0461944
6.24644 0.0503563
6.25016 0.0500461
6.25452 0.0503719
6.25818 0.0499961
6.26206 0.0498424
6.26616 0.0499144
6.2702 0.0499207
6.27624 0.0519186
6.28091 0.0505443
6.28489 0.0504849
6.28847 0.0500375
6.29238 0.0499155
6.29713 0.0506236
6.29725 0.0507519
6.30103 0.0504986
6.30469 0.0501198
6.30898 0.0503829
6.31504 0.0524054
6.31991 0.0512252
6.3235 0.0507807
6.32818 0.051429
6.33151 0.0507277
6.33543 0.0506057
6.3394 0.0505493
6.34421 0.051326
6.34601 0.0458918
6.34825 0.0501539
6.35204 0.0499064
6.35646 0.050294
6.36044 0.0502376
6.36627 0.0520414
6.37031 0.050031
6.37442 0.050103
6.3782 0.0498525
6.3825 0.0501127
6.3873 0.0508835
6.39045 0.0499941
6.39487 0.0503827
6.39891 0.050389
6.40519 0.0526378
6.40936 0.0507558
6.4134 0.0507621
6.41782 0.0511477
6.42345 0.0527487
6.42679 0.0520504
6.43089 0.0521165
6.43101 0.0522449
6.43512 0.0523169
6.43942 0.05258
6.44519 0.0543152
6.44865 0.0485334
6.44878 0.0526953
6.45231 0.052191
6.45865 0.0545054
6.46244 0.0522412
6.46622 0.0519907
6.46994 0.0516776
6.47418 0.051878
6.47787 0.0515332
6.48261 0.0522413
6.4862 0.0517968
6.48633 0.0519252
6.49004 0.0516091
6.49549 0.0530248
6.49966 0.0511398
6.50357 0.0510148
6.50729 0.0507017
6.51158 0.0509648
6.5162 0.0515474
6.5219 0.0532135
6.52203 0.0533419
6.526 0.0532826
6.53151 0.054761
6.53729 0.0564992
6.54197 0.0551307
6.5453 0.0544324
6.55274 0.0526247
6.553 0.0580934
6.55749 0.0573722
6.56166 0.057507
6.56602 0.0578357
6.57076 0.0585468
6.57551 0.0592607
6.57949 0.0592043
6.58392 0.0595988
6.58814 0.0597933
6.59462 0.0622332
6.60237 0.0599008
6.6025 0.0600292
6.60641 0.0599072
6.61013 0.059594
6.61417 0.0595974
6.61429 0.0597258
6.61856 0.0599573
6.62298 0.0603488
6.62311 0.0604772
6.62709 0.0604238
6.63289 0.0621901
6.637 0.0602453
6.64053 0.059741
6.64431 0.0594906
6.649 0.0601418
6.65387 0.0609842
6.65766 0.0595583
6.6617 0.0595676
6.66593 0.059768
6.66991 0.0597087
6.67376 0.0595239
6.67767 0.0594048
6.68415 0.0618505
6.68832 0.0599656
6.69204 0.0596524
6.69582 0.059402
6.69967 0.0592143
6.69979 0.0593427
6.70402 0.0595401
6.708 0.0594837
6.7121 0.0595528
6.71634 0.0597503
6.72374 0.06312
6.72387 0.0632484
6.72784 0.0611752
6.73137 0.060668
6.73522 0.0604832
6.73881 0.0600417
6.74273 0.0599226
6.74658 0.0597407
6.75216 0.0612907
6.75562 0.0555089
6.7562 0.0601187
6.75896 0.0588441
6.7639 0.0597491
6.76794 0.0597584
6.77384 0.061622
6.77814 0.0598713
6.7818 0.0594954
6.78616 0.0598213
6.79039 0.0600187
6.79436 0.0599594
6.79814 0.059709
6.80205 0.059584
6.80631 0.0598126
6.81664 0.0600509
6.82048 0.0598661
6.82446 0.0598097
6.82905 0.0603608
6.83316 0.0604357
6.83732 0.0605704
6.84098 0.0601945
6.84464 0.0598187
6.84935 0.060501
6.85398 0.0590727
6.8577 0.059598
6.86475 0.0626171
6.86802 0.0598392
6.872 0.0597799
6.87569 0.0594351
6.87986 0.0595728
6.88396 0.0596478
6.88806 0.0597139
6.89293 0.0605504
6.89569 0.0592758
6.90261 0.0621635
6.90999 0.0594548
6.91403 0.0594582
6.91416 0.0595866
6.91839 0.059787
6.91852 0.0599154
6.92294 0.0603069
6.92686 0.0601878
6.9309 0.0601941
6.93449 0.0597555
6.9411 0.0623267
6.94475 0.0599341
6.94886 0.060009
6.95573 0.0556112
6.9615 0.0593691
6.96593 0.0597606
6.96997 0.059767
6.97362 0.0593911
6.97728 0.0590152
6.98203 0.0597291
6.98703 0.060694
6.99203 0.0616618
6.99607 0.0596514
6.9996 0.0591442
7.00415 0.0596611
7.00877 0.0602497
7.0121 0.0595514
7.01633 0.0597488
7.02044 0.0598238
7.025 0.0603437
7.03141 0.0627267
7.03539 0.0606565
7.03879 0.0600209
7.04283 0.0600302
7.04675 0.0599111
7.05207 0.0612043
7.05579 0.0556792
7.05605 0.0599695
7.05952 0.0594025
7.06375 0.0596029
7.06811 0.0599312
7.07183 0.059618
7.07568 0.0594332
7.08216 0.0618814
7.08621 0.0598739
7.08987 0.059498
7.09378 0.059376
7.09769 0.0592539
7.10186 0.0593916
7.10641 0.0599115
7.10654 0.0600399
7.11026 0.0597267
7.11424 0.0596674
7.12501 0.0603625
7.12893 0.0602404
7.13271 0.0599929
7.13707 0.0603217
7.14048 0.059689
7.14426 0.0594386
7.14875 0.0598987
7.15376 0.0608695
7.1578 0.0597004
7.16191 0.0597753
7.16576 0.0595905
7.17582 0.059575
7.1798 0.0595187
7.18384 0.0595279
7.18776 0.0594059
7.19199 0.0596063
7.1961 0.0596783
7.2002 0.0597503
7.20399 0.0595028
7.21835 0.0597504
7.2224 0.0597597
7.22689 0.0602169
7.23426 0.0595249
7.23856 0.059788
7.24267 0.059863
7.24937 0.0625339
7.25207 0.0591798
7.25604 0.0559283
7.25617 0.0600902
7.26214 0.0620253
7.26978 0.0595763
7.27395 0.0597139
7.27818 0.0599143
7.28222 0.0599236
7.28543 0.0590998
7.29024 0.0598736
7.29383 0.059432
7.30428 0.0597988
7.30788 0.0593602
7.31205 0.0594949
7.3166 0.0600148
7.32051 0.0598957
7.32469 0.0600334
7.32905 0.0603621
7.33261 0.059889
7.33889 0.0621407
7.34281 0.0600048
7.34672 0.0598857
7.35596 0.0598785
7.35956 0.0594398
7.36392 0.0597686
7.3679 0.0597152
7.37175 0.0595304
7.37534 0.0590889
7.37996 0.0596744
7.38381 0.0594926
7.39035 0.0620011
7.39445 0.0600534
7.39772 0.0592894
7.4017 0.059233
7.40658 0.0600753
7.41023 0.0596995
7.41421 0.0596431
7.41838 0.0597807
7.42255 0.0599184
7.42942 0.0627493
7.43301 0.060291
7.43756 0.0608109
7.44032 0.0595363
7.44423 0.0594143
7.4486 0.059746
7.45373 0.0608451
7.45778 0.059676
7.46156 0.0594285
7.46535 0.059181
7.4699 0.0597009
7.47388 0.0596446
7.4801 0.0618335
7.48401 0.0596976
7.48767 0.0593188
7.49177 0.0593908
7.49645 0.0600362
7.49979 0.0593408
7.50389 0.0594099
7.508 0.0594819
7.51191 0.0593598
7.51916 0.0625759
7.52276 0.0601205
7.52686 0.0601925
7.5344 0.0596601
7.53844 0.0596664
7.54241 0.05961
7.54652 0.059685
7.55204 0.0611693
7.55544 0.0553247
7.55602 0.0599345
7.55923 0.0591107
7.56385 0.0596963
7.56397 0.0598247
7.57405 0.0598121
7.57764 0.0593735
7.58213 0.0598307
7.58579 0.0594548
7.58592 0.0595832
7.5906 0.0602285
7.59387 0.0594645
7.59771 0.0592798
7.60185 0.0593829
7.60881 0.0623076
7.61651 0.0599213
7.6201 0.0594827
7.62465 0.0600026
7.62927 0.0605882
7.63293 0.0602123
7.63704 0.0602872
7.64057 0.05978
7.64698 0.0621631
7.65 0.0591284
7.65398 0.059075
7.66405 0.0599008
7.66745 0.0592682
7.67136 0.0591461
7.67585 0.0596033
7.67977 0.0594842
7.68362 0.0593024
7.69202 0.0596375
7.69811 0.0616922
7.70266 0.0601924
7.70664 0.060136
7.70984 0.0593093
7.71401 0.059444
7.71844 0.0598385
7.72261 0.0599762
7.72729 0.0606245
7.73108 0.060374
7.73152 0.0608219
7.73775 0.0630109
7.74076 0.0599763
7.74455 0.0597253
7.74888 0.0600225
7.75388 0.0609932
7.75574 0.0556247
7.75741 0.0593106
7.76132 0.0591915
7.76588 0.0597143
7.76992 0.0597207
7.77351 0.0592791
7.77781 0.0595452
7.78198 0.0596828
7.7884 0.0620629
7.79225 0.0598614
7.79571 0.0592914
7.79962 0.0591723
7.80392 0.0594355
7.80873 0.0602121
7.81175 0.0591943
7.81675 0.0601621
7.82053 0.0599146
7.82682 0.0621693
7.83073 0.0600304
7.83426 0.0595262
7.83792 0.0591473
7.84202 0.0592193
7.846 0.059163
7.851 0.0601308
7.85434 0.0542205
7.85446 0.0583825
7.85459 0.0585108
7.85755 0.0574303
7.86082 0.0566663
7.86428 0.0560993
7.86781 0.0555921
7.873 0.0567539
7.87557 0.0532714
7.8791 0.0527642
7.88224 0.0518747
7.88615 0.0517498
7.88628 0.0518782
7.88974 0.0513023
7.89237 0.0498993
7.89663 0.0501279
7.90086 0.0503254
7.90689 0.0523232
7.91087 0.0502501
7.91568 0.0510238
7.91927 0.0505823
7.92273 0.0500153
7.92761 0.0508547
7.93075 0.0499652
7.93511 0.0502911
7.93921 0.0503601
7.94409 0.0512025
7.9464 0.0462819
7.94839 0.0502873
7.95204 0.0499114
7.95839 0.050212
7.96224 0.0500272
7.96641 0.0501649
7.9702 0.0499174
7.97437 0.0500521
7.97828 0.049933
7.98232 0.0499393
7.987 0.0505847
7.9904 0.0499491
7.99688 0.0523919
8.00095 0.0504126
8.00464 0.0500738
8.00849 0.0498891
8.01285 0.0502149
8.01702 0.0503497
8.02074 0.0500336
8.0251 0.0503624
8.02875 0.0499835
8.03536 0.0525547
8.03908 0.0502248
8.03953 0.0506727
8.04248 0.0495892
8.04594 0.0458241
8.04838 0.0522971
8.05204 0.0499044
8.05621 0.0500391
8.06031 0.0501141
8.06436 0.0501234
8.06827 0.0500043
8.07231 0.0500135
8.07629 0.0499601
8.0804 0.0500292
8.08643 0.052027
8.09053 0.0500793
8.09457 0.0500886
8.0988 0.0502856
8.10278 0.0502292
8.10702 0.0504325
8.11083 0.0502132
8.11538 0.0507301
8.12012 0.0514382
8.12506 0.0523399
8.12887 0.0501038
8.13304 0.0502385
8.13778 0.0509466
8.14253 0.0516576
8.14625 0.0461296
8.14637 0.0502915
8.15029 0.0501724
8.15446 0.0503071
8.15831 0.0501253
8.16229 0.0500689
8.16627 0.0500155
8.17024 0.0499591
8.17634 0.0500029
8.18114 0.0507767
8.1846 0.0502038
8.1887 0.0502699
8.19281 0.0503419
8.19704 0.0505389
8.20095 0.0504134
8.20473 0.0501659
8.20897 0.0503663
8.21557 0.0529375
8.22012 0.0514377
8.22359 0.0508677
8.22769 0.0509398
8.2309 0.050113
8.23571 0.0508868
8.23962 0.0507647
8.24462 0.0517325
8.2459 0.0457848
8.2484 0.0503037
8.25225 0.050119
8.25623 0.0500626
8.26226 0.0520604
8.26624 0.0499902
8.27047 0.0501906
8.27439 0.0500686
8.27836 0.0500122
8.28253 0.0501469
8.28702 0.0506012
8.29048 0.0500283
8.29478 0.0502914
8.29882 0.0502978
8.30504 0.0524867
8.30908 0.0504793
8.31293 0.0502945
8.3172 0.050526
8.32104 0.0503383
8.32527 0.0505387
8.32912 0.050351
8.33278 0.0499721
8.33707 0.0502353
8.34252 0.051651
8.34643 0.046317
8.34656 0.0504789
8.35272 0.0526017
8.35631 0.0501434
8.36035 0.0501527
8.3644 0.050162
8.36818 0.0499145
8.37261 0.050306
8.37658 0.0502496
8.38126 0.050895
8.38472 0.0503221
8.38873 0.0502939
8.3954 0.050914
8.3988 0.0502813
8.40284 0.0502847
8.4072 0.0506135
8.41092 0.0503003
8.41668 0.0520326
8.42027 0.0515881
8.42425 0.0515317
8.42871 0.0519544
8.43428 0.0534945
8.43857 0.0517379
8.44386 0.0529907
8.4472 0.0470804
8.44732 0.0512423
8.45066 0.050544
8.45483 0.0506758
8.45868 0.050494
8.46253 0.0503092
8.46631 0.0500617
8.47055 0.0502621
8.47433 0.0500117
8.48145 0.0530964
8.48536 0.0509547
8.48882 0.0503818
8.49298 0.0505136
8.49689 0.0503886
8.49702 0.050517
8.50086 0.0503293
8.50522 0.0506522
8.50914 0.0505331
8.51356 0.0509217
8.51753 0.0508653
8.52439 0.0536874
8.52862 0.0518681
8.53266 0.0518715
8.53279 0.0519999
8.5358 0.0509821
8.54099 0.052141
8.54574 0.052852
8.54753 0.0474179
8.54997 0.0518711
8.55363 0.0514952
8.55754 0.0513732
8.56155 0.0513479
8.56578 0.0515483
8.57098 0.0527102
8.5747 0.0503802
8.57899 0.0506434
8.58271 0.0503302
8.58745 0.0510353
8.59059 0.050143
8.59072 0.0502713
8.5947 0.050212
8.60033 0.0518159
8.60309 0.0505384
8.60755 0.050961
8.61453 0.0518976
8.61857 0.0519011
8.62261 0.0519045
8.62678 0.0520392
8.63088 0.0521083
8.63537 0.0525625
8.63966 0.0528256
8.64575 0.0548833
8.64909 0.048973
8.64922 0.053135
8.65249 0.0523739
8.65666 0.0525087
8.66256 0.0543781
8.66596 0.0517257
8.66981 0.051541
8.67366 0.0513562
8.67719 0.0508519
8.68174 0.0513689
8.68494 0.0505392
8.68539 0.0509871
8.6891 0.0506681
8.6925 0.0500354
8.69968 0.0531771
8.70295 0.0503934
8.70307 0.0505217
8.70737 0.0507849
8.71141 0.0507912
8.71602 0.0513709
8.7207 0.0520133
8.72519 0.0524676
8.73 0.0532443
8.73455 0.0537612
8.7392 0.054375
8.74541 0.056561
8.75016 0.0552582
8.75273 0.0526112
8.75722 0.0591186
8.76196 0.0578129
8.76581 0.0576281
8.77075 0.0585303
8.77088 0.0586586
8.77505 0.0587963
8.77973 0.0594446
8.7839 0.0595823
8.78813 0.0597768
8.79274 0.0603594
8.79839 0.0619721
8.80256 0.0600872
8.80666 0.0601592
8.81025 0.0597176
8.81416 0.0595926
8.81846 0.0598558
8.81859 0.0599842
8.82289 0.0602502
8.82699 0.0603252
8.83103 0.0603315
8.83488 0.0601467
8.8413 0.060513
8.84509 0.0602655
8.8541 0.0612139
8.85583 0.055717
8.86193 0.0597938
8.86584 0.0596718
8.86988 0.0596781
8.87366 0.0594306
8.87758 0.0593115
8.88207 0.0597687
8.88842 0.0620831
8.89252 0.0601384
8.89265 0.0602668
8.89605 0.0596312
8.90041 0.059957
8.90413 0.0596409
8.90425 0.0597693
8.90848 0.0599668
8.91195 0.0593968
8.91644 0.0598506
8.92048 0.0598569
8.92721 0.062556
8.93131 0.0606083
8.93529 0.0605519
8.93875 0.059982
8.9426 0.0597967
8.94684 0.06
8.95647 0.0603838
8.96 0.0598795
8.96397 0.0598202
8.96814 0.0599579
8.97186 0.0596447
8.98709 0.0607595
8.99056 0.0601895
8.9944 0.0600018
8.99806 0.059623
9.00209 0.0596264
9.00639 0.0598927
9.01011 0.0595796
9.01698 0.0624076
9.02076 0.0601404
9.02493 0.060278
9.02929 0.0606039
9.03724 0.0604906
9.04077 0.0599863
9.04488 0.0600613
9.04876 0.0599105
9.05781 0.0597122
9.06185 0.0597215
9.06814 0.0619732
9.07212 0.0599
9.07597 0.0597182
9.08014 0.0598558
9.08393 0.0596083
9.08797 0.0596147
9.09226 0.0598808
9.09592 0.0595049
9.10022 0.059768
9.10676 0.0622794
9.11834 0.0597336
9.12257 0.059934
9.127 0.0603284
9.13123 0.0605288
9.13515 0.0604097
9.13899 0.0602249
9.14275 0.0599458
9.14987 0.0610197
9.15231 0.0594255
9.1559 0.0557859
9.15789 0.061808
9.16206 0.0599289
9.16604 0.0598696
9.16969 0.0594908
9.17415 0.0599164
9.17819 0.0599256
9.18223 0.059932
9.18621 0.0598727
9.19031 0.0599417
9.1964 0.0620023
9.20057 0.0601173
9.20441 0.0599296
9.20845 0.059936
9.21192 0.059366
9.21647 0.0598859
9.22064 0.0600207
9.22506 0.0604122
9.22981 0.0611232
9.23558 0.0628643
9.2393 0.0605344
9.24309 0.0602869
9.2472 0.0603618
9.25246 0.0615923
9.26003 0.0599189
9.26478 0.0606329
9.26838 0.0601942
9.27184 0.0596214
9.27575 0.0595023
9.27999 0.0597027
9.28634 0.06202
9.2982 0.0597626
9.30255 0.0600855
9.30615 0.0596439
9.31019 0.0596503
9.31416 0.059591
9.31871 0.0601109
9.31884 0.0602393
9.32545 0.0628134
9.32936 0.0606746
9.32981 0.0611225
9.337 0.0602423
9.34046 0.0596724
9.34444 0.059616
9.34861 0.0597537
9.35406 0.0611752
9.35579 0.0556784
9.35785 0.0597494
9.36131 0.0591794
9.366 0.0598307
9.3701 0.0598997
9.38036 0.0600812
9.38402 0.0597024
9.388 0.059646
9.39222 0.0598405
9.39594 0.0595274
9.40024 0.0597905
9.40447 0.059985
9.40832 0.0598003
9.41511 0.0625626
9.41883 0.0602321
9.42262 0.0599817
9.42685 0.0601821
9.43101 0.060311
9.43114 0.0604393
9.43448 0.0597439
9.43845 0.0596846
9.44256 0.0597566
9.44269 0.059885
9.44628 0.0594464
9.45199 0.0611218
9.45597 0.0558535
9.45944 0.0593201
9.46637 0.0622167
9.4699 0.0596956
9.47381 0.0595736
9.47855 0.0602875
9.48234 0.06004
9.486 0.0596641
9.49035 0.0599871
9.49382 0.0594171
9.49792 0.0594891
9.50446 0.0619947
9.5087 0.0601783
9.51222 0.0596711
9.51646 0.0598715
9.51659 0.0599999
9.52011 0.0594956
9.5248 0.0601468
9.52916 0.0604756
9.53295 0.0602281
9.53667 0.0599179
9.54321 0.0624264
9.54732 0.0604845
9.54963 0.058762
9.55627 0.0613702
9.55993 0.059816
9.56397 0.0598252
9.57187 0.0596497
9.57584 0.0595934
9.57969 0.0594086
9.58393 0.0596119
9.58816 0.0598094
9.59438 0.0619984
9.59804 0.0596028
9.60214 0.0596718
9.60625 0.0597438
9.61073 0.0601981
9.61433 0.0597565
9.61849 0.0598913
9.62292 0.0602828
9.62722 0.0605488
9.62799 0.0613163
9.6328 0.0620929
9.64049 0.0597066
9.64454 0.0597159
9.64852 0.0596625
9.65397 0.0610811
9.65557 0.0554558
9.65782 0.059718
9.66173 0.0595988
9.6659 0.0597365
9.66994 0.0597429
9.67386 0.0596238
9.6779 0.059633
9.68861 0.0602624
9.68874 0.0603908
9.69234 0.0599522
9.69625 0.0598301
9.70032 0.0598705
9.70404 0.0595574
9.70815 0.0596294
9.71219 0.0596357
9.71674 0.0601556
9.72348 0.0628582
9.73484 0.0600989
9.73849 0.0597201
9.74266 0.0598577
9.74645 0.0596102
9.75627 0.0561516
9.75948 0.0593614
9.76403 0.0598842
9.77417 0.0619541
9.7784 0.0601377
9.78213 0.0598275
9.78598 0.0596427
9.79033 0.0599656
9.79399 0.0595868
9.79764 0.059208
9.80168 0.0592143
9.80643 0.0599283
9.81291 0.0623711
9.81669 0.0601068
9.82067 0.0600505
9.8249 0.0602509
9.82869 0.0600004
9.8326 0.0598784
9.83658 0.0598249
9.84043 0.0596402
9.8446 0.0597778
9.84941 0.0605575
9.8539 0.0590008
9.85756 0.0594633
9.86404 0.0619091
9.86417 0.0620375
9.86796 0.0597732
9.87174 0.0595228
9.87591 0.0596604
9.88008 0.0597981
9.88419 0.059873
9.88772 0.0593658
9.89208 0.0596946
9.89606 0.0596382
9.9026 0.0621467
9.90626 0.0597541
9.9101 0.0595664
9.9144 0.0598295
9.91805 0.0594507
9.92229 0.059654
9.92684 0.0601739
9.93463 0.0598982
9.94079 0.0620215
9.94451 0.0596916
9.94907 0.0602139
9.95401 0.061119
9.95561 0.0554937
9.96183 0.0597024
9.96607 0.0599057
9.96998 0.0597837
9.97011 0.0599121
9.97403 0.0597929
9.97756 0.0592887
9.98198 0.0596831
9.98596 0.0596297
9.99629 0.0598709
9.99995 0.0594951

