% time_sec delay_sec
1.11658 0.0164873
1.11658 0.0164873
1.21688 0.016785
1.31688 0.0167802
1.41524 0.319161
1.41688 0.0167818
1.51688 0.0167829
1.61688 0.0167855
1.71657 0.0164731
1.71812 0.319363
1.81688 0.0167824
1.91664 0.215879
1.91828 0.0181627
1.92079 0.0226928
1.92473 0.0225938
2.01664 0.110476
2.01827 0.018152
2.02081 0.0227132
2.02474 0.0226097
2.02926 0.0230954
2.03289 0.0226882
2.03702 0.0227867
2.04105 0.0227816
2.04514 0.0228417
2.0492 0.0228701
2.05538 0.0229959
2.05932 0.0228999
2.06332 0.0228667
2.06738 0.0228991
2.07142 0.0229044
2.07543 0.0228741
2.0796 0.0230118
2.08396 0.0233377
2.0877 0.0230516
2.0938 0.0251122
2.09886 0.0241289
2.10323 0.0244577
2.10785 0.0250462
2.11324 0.0263992
2.11336 0.0265276
2.11901 0.0281403
2.12464 0.0245264
2.12593 0.0298438
2.12926 0.0291425
2.1349 0.0307523
2.13862 0.0304391
2.14356 0.0313442
2.15011 0.0338556
2.19353 0.0349239
2.19635 0.0316952
2.20103 0.0323406
2.20462 0.0318961
2.21295 0.0321655
2.23027 0.032171
2.23438 0.0322459
2.24015 0.0339841
2.25652 0.0321985
2.27261 0.0321641
2.27672 0.032239
2.28295 0.0324112
2.28718 0.0326116
2.29103 0.0324239
2.29115 0.0325523
2.29436 0.0317256
2.30237 0.0316697
2.3025 0.0317981
2.31064 0.0318706
2.31481 0.0320024
2.33418 0.0320448
2.33809 0.0319227
2.35445 0.032151
2.36247 0.0321039
2.37665 0.0321662
2.40064 0.0319563
2.41141 0.0346564
2.41481 0.032007
2.42847 0.0323907
2.44021 0.0320275
2.47467 0.0322049
2.47872 0.0322142
2.49065 0.0320451
2.51296 0.032174
2.51687 0.0320549
2.52111 0.0322548
2.53021 0.0321163
2.54811 0.0338822
2.55229 0.0320031
2.55626 0.0319468
2.56037 0.0320217
2.56852 0.032103
2.57263 0.032175
2.58719 0.0346364
2.59046 0.0318556
2.59431 0.0316709
2.59822 0.0315488
2.60681 0.032078
2.6149 0.0320936
2.61907 0.0322313
2.62433 0.0334588
2.6285 0.0324152
2.62863 0.0325436
2.63815 0.0340026
2.64611 0.031876
2.65823 0.0319009
2.66247 0.0321013
2.6626 0.0322297
2.66645 0.0320478
2.68082 0.0323013
2.69647 0.0318161
2.70057 0.0318881
2.70878 0.0320292
2.71295 0.0321639
2.72835 0.0334445
2.73618 0.032028
2.74022 0.0320343
2.74407 0.0318495
2.76653 0.0341442
2.7705 0.0320711
2.77865 0.0321524
2.80462 0.0339222
2.8129 0.0321122
2.81694 0.0321215
2.82114 0.0322903
2.84642 0.0321888
2.85034 0.0320697
2.86028 0.0319317
2.86419 0.0318097
2.86836 0.0319473
2.87651 0.0320257
2.88062 0.0320977
2.88876 0.032176
2.90274 0.0320414
2.90679 0.0320507
2.91076 0.0319914
2.91089 0.0321198
2.91917 0.0323295
2.92847 0.032385
2.94618 0.0339598
2.95035 0.0320807
2.95439 0.03209
2.95824 0.0319052
2.96228 0.0319145
2.96645 0.0320522
2.97056 0.0321242
2.97454 0.0320678
2.98461 0.034075
2.98871 0.0321302
2.99275 0.0321365
2.99288 0.0322649
2.9966 0.0319518
3.00469 0.0319729
3.00867 0.0319165
3.01277 0.0319885
3.0129 0.0321169
3.01698 0.0321573
3.03025 0.0321564
3.03629 0.0341533
3.04007 0.0318861
3.04838 0.0321298
3.05627 0.0319543
3.05999 0.0316441
3.06436 0.0319728
3.06853 0.0321105
3.07469 0.0342368
3.07873 0.0322293
3.0906 0.0320003
3.09452 0.0318812
3.0985 0.0318278
3.10286 0.0321595
3.11293 0.0341637
3.11306 0.0342921
3.12641 0.0335214
3.12654 0.0336498
3.1343 0.0321676
3.1386 0.0324307
3.14206 0.0318607
3.14616 0.0319322
3.15021 0.0319415
3.16407 0.0337011
3.16837 0.0319504
3.18877 0.032185
3.20308 0.0343896
3.20692 0.0321881
3.24012 0.0319423
3.24821 0.0319608
3.25437 0.0340871
3.25828 0.0319512
3.26233 0.0319605
3.26637 0.0319698
3.28267 0.0321323
3.29286 0.0342591
3.29626 0.0316037
3.29638 0.0317321
3.30036 0.0316758
3.30459 0.0318732
3.31293 0.0321427
3.31697 0.0321485
3.33031 0.0322133
3.35587 0.0315555
3.35998 0.0316304
3.36832 0.0319023
3.37249 0.032037
3.38262 0.0341069
3.38705 0.0324816
3.39025 0.031652
3.3942 0.031564
3.39804 0.0313763
3.40247 0.0317678
3.406 0.0312635
3.4101 0.0313355
3.41453 0.031727
3.42095 0.0341101
3.51842 0.0223353
3.61614 0.0200623
3.61679 0.220704
3.71711 0.0210272
3.71807 0.121989
3.82036 0.0242801
3.92427 0.226172
4.02203 0.0259494
4.12102 0.0249364
4.12217 0.226089
4.22133 0.0252466
4.22171 0.125632
4.32362 0.0275354
4.32554 0.129461
4.32952 0.0314187
4.34421 0.0319917
4.35216 0.0318819
4.36006 0.0317064
4.36403 0.03165
4.36833 0.0319161
4.3827 0.0321667
4.38757 0.0330031
4.3877 0.0331315
4.39411 0.0314752
4.39815 0.0314815
4.40366 0.032957
4.40655 0.0318108
4.41065 0.0318798
4.42075 0.0318954
4.43021 0.0321104
4.43422 0.0320851
4.43813 0.031966
4.44198 0.0317813
4.45404 0.0317434
4.45789 0.0315587
4.47251 0.0320631
4.48842 0.0318346
4.49265 0.032035
4.4965 0.0318473
4.50323 0.034544
4.50336 0.0346724
4.50698 0.0322417
4.51121 0.0324391
4.51489 0.0320914
4.52422 0.0333505
4.5289 0.0328205
4.53988 0.0316928
4.54398 0.0317648
4.54796 0.0317113
4.57817 0.0316736
4.58234 0.0318084
4.58625 0.0316863
4.60086 0.0321761
4.60477 0.0320511
4.6049 0.0321795
4.61272 0.0319354
4.62074 0.0318883
4.62606 0.0331756
4.63382 0.0316904
4.64415 0.0339514
4.66404 0.0316586
4.66828 0.031859
4.67251 0.0320564
4.6761 0.0316178
4.68271 0.034192
4.69085 0.0322506
4.69444 0.0318061
4.69822 0.0315557
4.70265 0.0319443
4.70694 0.0322045
4.71111 0.0323392
4.71457 0.0317693
4.7188 0.0319667
4.724 0.0311147
4.74209 0.0318905
4.74613 0.0318998
4.75402 0.0317243
4.75794 0.0316052
4.7623 0.0319369
4.76615 0.0317522
4.77282 0.0343861
4.77654 0.0320562
4.78065 0.0321311
4.78463 0.0320747
4.79252 0.0318993
4.8192 0.03236
4.83613 0.0319861
4.84024 0.0320581
4.85622 0.0319041
4.86629 0.0318945
4.88625 0.0316812
4.89054 0.0319414
4.89407 0.0314342
4.90478 0.0320577
4.90901 0.0322551
4.91318 0.0323899
4.91696 0.0321424
4.92068 0.0318287
4.92639 0.0335071
4.93781 0.031646
4.94185 0.0316553
4.95626 0.0319428
4.96421 0.03183
4.9721 0.0316516
4.98025 0.0317329
4.98468 0.0321273
4.99827 0.0316046
5.00276 0.0320618
5.00681 0.0320768
5.01451 0.0317043
5.01887 0.0320331
5.02407 0.0331979
5.03209 0.0319725
5.0362 0.0320474
5.04222 0.0340423
5.04614 0.0319064
5.05429 0.0319877
5.0582 0.0318686
5.06147 0.0311076
5.0659 0.0314991
5.07 0.0315711
5.07418 0.0317088
5.08477 0.0322156
5.08862 0.0320309
5.09285 0.0322342
5.09683 0.0321778
5.10459 0.0318739
5.11267 0.0318866
5.11928 0.0344602
5.12602 0.0311154
5.13224 0.0341398
5.14 0.0318192
5.14398 0.0317628
5.15592 0.0315995
5.16009 0.0317372
5.16387 0.0314868
5.17459 0.0321191
5.17876 0.0322568
5.18723 0.0326576
5.18735 0.032786
5.19056 0.0319563
5.19428 0.0316431
5.19819 0.0315211
5.20261 0.0319097
5.20274 0.0320381
5.20903 0.0342927
5.21313 0.032345
5.21711 0.0322886
5.22115 0.0322979
5.22814 0.0280256
5.23815 0.0319839
5.24194 0.0317364
5.25015 0.0318833
5.25413 0.0318299
5.26055 0.0342158
5.26433 0.0319486
5.26838 0.0319579
5.27235 0.0318986
5.27646 0.0319735
5.28865 0.0320612
5.2925 0.0318793
5.29878 0.034131
5.30289 0.0321863
5.30693 0.0321956
5.32422 0.0333507
5.33191 0.0317993
5.34385 0.0316331
5.35803 0.0316955
5.36233 0.0319616
5.36663 0.0322276
5.37426 0.0317953
5.37824 0.031739
5.38241 0.0318766
5.39268 0.0320581
5.39672 0.0320645
5.40832 0.0315699
5.41217 0.0313822
5.4166 0.0317767
5.42988 0.0317787
5.43385 0.0317189
5.44001 0.0338422
5.46 0.0316491
5.47193 0.0314829
5.48271 0.0321779
5.48695 0.0323783
5.4956 0.0329614
5.49803 0.0313644
5.51715 0.0343427
5.52109 0.032238
5.52391 0.0310261
5.53014 0.0340534
5.53805 0.0318894
5.5419 0.0317046
5.5462 0.0319706
5.54999 0.0317197
5.55011 0.0318481
5.55801 0.0316755
5.56186 0.0314907
5.56824 0.0338392
5.57234 0.0318915
5.57626 0.0317724
5.58062 0.0321012
5.58472 0.0321732
5.58799 0.0314092
5.59203 0.0314156
5.59569 0.0310367
5.60018 0.031491
5.61435 0.0315445
5.61448 0.0316729
5.7185 0.0224208
5.71889 0.122806
5.8165 0.0204163
5.91491 0.0188276
5.91555 0.21947
6.01415 0.0180655
6.01697 0.120887
6.01921 0.0190989
6.02133 0.0232327
6.02576 0.0236271
6.02935 0.0231856
6.03352 0.0233174
6.0382 0.0239627
6.04172 0.0234555
6.04185 0.0235839
6.04762 0.025322
6.05109 0.0227383
6.05493 0.0225506
6.05879 0.0223687
6.06283 0.022378
6.06661 0.0221305
6.07066 0.0221398
6.07476 0.0222118
6.07874 0.0221554
6.08509 0.0244728
6.08907 0.0223967
6.09317 0.0224687
6.0933 0.0225971
6.0974 0.0226691
6.10125 0.0224843
6.10542 0.022622
6.10927 0.0224372
6.11533 0.0244603
6.11969 0.0195743
6.12027 0.0241841
6.12328 0.0231633
6.12745 0.023298
6.13136 0.023176
6.1377 0.0254875
6.14142 0.0231546
6.14508 0.0227787
6.14892 0.022591
6.15258 0.0222151
6.15649 0.0220931
6.16047 0.0220367
6.16451 0.022046
6.16849 0.0219896
6.17503 0.0244981
6.17926 0.0226788
6.18311 0.0224906
6.18747 0.0228135
6.18759 0.0229419
6.19099 0.0223063
6.19497 0.0222469
6.19894 0.0221876
6.20278 0.0219965
6.20291 0.0221249
6.20746 0.0226448
6.21157 0.0227168
6.2167 0.0217927
6.2199 0.0197818
6.22092 0.0228257
6.22721 0.0250744
6.23118 0.0229954
6.23483 0.0226166
6.23881 0.0225602
6.24291 0.0226293
6.24644 0.0221221
6.25029 0.0219402
6.25452 0.0221377
6.25834 0.0219213
6.26501 0.0245582
6.26956 0.0230613
6.27315 0.0226197
6.27745 0.0228829
6.28117 0.0225668
6.28501 0.0223791
6.28873 0.02206
6.29315 0.0224486
6.29328 0.022577
6.29725 0.0225177
6.30328 0.0245067
6.30706 0.0222425
6.31094 0.0220853
6.31645 0.0235667
6.31908 0.0189627
6.32094 0.0228396
6.3253 0.0231655
6.32914 0.0229778
6.3328 0.022599
6.33664 0.0224113
6.34049 0.0222265
6.34062 0.0223549
6.34434 0.0220417
6.34825 0.0219197
6.35492 0.0245526
6.35871 0.0222883
6.36268 0.0222319
6.36679 0.0223039
6.37083 0.0223103
6.37455 0.0219971
6.37878 0.0221946
6.38263 0.0220069
6.38743 0.0227777
6.39288 0.0241963
6.39718 0.0224397
6.40096 0.0221864
6.40108 0.0223147
6.40519 0.0223868
6.40974 0.0229067
6.41589 0.0250241
6.41602 0.0251525
6.42025 0.0201351
6.42083 0.0247449
6.42422 0.0241064
6.42832 0.0241755
6.43204 0.0238594
6.43647 0.0242509
6.44057 0.0243229
6.44698 0.0267
6.45089 0.0245612
6.45102 0.0246896
6.45468 0.0243137
6.45853 0.024126
6.46283 0.0243921
6.46648 0.0240133
6.47007 0.0235717
6.47418 0.0236437
6.478 0.0234273
6.48402 0.0254193
6.48799 0.0233403
6.49171 0.0230271
6.49562 0.0229021
6.49979 0.0230339
6.50369 0.022909
6.50767 0.0228526
6.51184 0.0229873
6.51812 0.0252361
6.52088 0.0207599
6.52357 0.025467
6.52799 0.0258585
6.5326 0.0264382
6.53934 0.0291378
6.5437 0.0274498
6.54902 0.0287372
6.55313 0.0288092
6.55787 0.0295231
6.56243 0.030043
6.56692 0.0305002
6.57153 0.0310828
6.57602 0.03154
6.59071 0.0321071
6.60307 0.0323712
6.61083 0.0320644
6.61494 0.0321335
6.621 0.0341624
6.62901 0.0329311
6.64598 0.031747
6.66645 0.0320473
6.67639 0.0319034
6.69684 0.0321919
6.71089 0.0341338
6.73227 0.0321541
6.73637 0.0322261
6.74838 0.0321256
6.76242 0.0340734
6.76627 0.0318718
6.77037 0.0319409
6.78654 0.0319722
6.79462 0.0319819
6.80122 0.0345502
6.80468 0.0319605
6.80868 0.0319323
6.81279 0.0320014
6.82132 0.0324649
6.8422 0.0320001
6.84631 0.0320751
6.85622 0.0319055
6.87646 0.0319712
6.8805 0.0319805
6.89101 0.0344297
6.89826 0.0315866
6.90274 0.0320409
6.90287 0.0321693
6.90704 0.032304
6.91114 0.0323731
6.9148 0.0319943
6.92423 0.0333565
6.93218 0.0320654
6.93629 0.0321374
6.95021 0.031943
6.95425 0.0319523
6.95823 0.0318959
6.96227 0.0319052
6.96644 0.0320399
6.98062 0.0341161
6.98466 0.0321086
6.98857 0.0319836
6.99658 0.0319307
7.00075 0.0320625
7.01313 0.0323413
7.01903 0.0342108
7.02166 0.030791
7.03674 0.0325905
7.04046 0.0322773
7.04425 0.0320298
7.05233 0.0320484
7.05618 0.0318636
7.06029 0.0319386
7.06446 0.0320728
7.07466 0.0321886
7.07864 0.0321352
7.08704 0.0324727
7.09455 0.031912
7.09865 0.0319811
7.10276 0.0320561
7.10885 0.0341137
7.11302 0.0322317
7.12103 0.0321816
7.12617 0.0332837
7.13027 0.0321744
7.1544 0.0320988
7.16037 0.0340339
7.16434 0.0319608
7.16839 0.03197
7.17249 0.0320391
7.18878 0.0321958
7.18891 0.0323242
7.19873 0.0340746
7.20283 0.0321298
7.21078 0.0320141
7.21489 0.0320861
7.21899 0.0321581
7.22849 0.0324047
7.23593 0.0317813
7.2401 0.0319161
7.26214 0.0317743
7.26663 0.0322315
7.28883 0.0342606
7.28896 0.034389
7.29255 0.0319306
7.30057 0.0318806
7.30878 0.0320246
7.31275 0.0319653
7.31288 0.0320937
7.31699 0.0321657
7.32103 0.032175
7.32623 0.0333398
7.3302 0.032105
7.33415 0.032017
7.34018 0.0340119
7.35211 0.031829
7.3643 0.0319195
7.37303 0.0325771
7.38714 0.0325768
7.38727 0.0327051
7.40234 0.0316407
7.40683 0.0320979
7.41081 0.0320415
7.41691 0.034105
7.42429 0.0313992
7.44603 0.0317991
7.45816 0.0318269
7.46233 0.0319646
7.49255 0.0319269
7.49671 0.0320587
7.49684 0.0321871
7.51076 0.0319868
7.51903 0.0321965
7.52423 0.0333613
7.5284 0.0323177
7.53619 0.0320449
7.54408 0.0318665
7.54819 0.0319414
7.55217 0.031885
7.55807 0.0337545
7.56629 0.0318847
7.58643 0.0318625
7.59643 0.0337951
7.60082 0.0321383
7.60474 0.0320162
7.62087 0.0320188
7.66027 0.031917
7.66418 0.031795
7.66822 0.0318042
7.67213 0.0316822
7.68715 0.0345944
7.69074 0.0321361
7.69497 0.0323335
7.70689 0.0321585
7.71081 0.0320365
7.71478 0.0319801
7.71908 0.0322462
7.73217 0.0320512
7.74198 0.0317814
7.75792 0.0315899
7.76222 0.0318559
7.77043 0.0319999
7.77678 0.0343173
7.7807 0.0321814
7.78897 0.0323882
7.79276 0.0321407
7.79667 0.0320186
7.80065 0.0319623
7.80078 0.0320906
7.80482 0.0320999
7.80899 0.0322347
7.82169 0.0308191
7.91491 0.0188241
7.91542 0.120516
8.01439 0.0183065
8.11487 0.0187872
8.11525 0.219172
8.21442 0.0183358
8.21532 0.119235
8.31441 0.0183233
8.41502 0.0189371
8.41598 0.217882
8.41643 0.21833
8.51497 0.0188849
8.61549 0.01941
8.61613 0.220052
8.61626 0.22018
8.715 0.0189144
8.71577 0.119685
8.71987 0.0197509
8.72262 0.0265404
8.72833 0.0261961
8.73205 0.0258829
8.73657 0.0263683
8.74125 0.0270166
8.74625 0.0279814
8.75055 0.0282475
8.75497 0.028639
8.75965 0.0292873
8.76645 0.0320526
8.77126 0.0308095
8.77588 0.0313951
8.78063 0.0321091
8.78864 0.0320561
8.79698 0.0323256
8.80692 0.0341984
8.81115 0.0323791
8.82872 0.0326414
8.82885 0.0327698
8.83232 0.0322028
8.84842 0.0321742
8.85218 0.0318922
8.85814 0.0338238
8.86231 0.0319447
8.86622 0.0318227
8.87039 0.0319574
8.87469 0.0322235
8.87867 0.0321671
8.88271 0.0321764
8.88739 0.0328218
8.89079 0.0321891
8.90861 0.0318609
8.91291 0.032124
8.91733 0.0325121
8.94228 0.0320818
8.94838 0.0341448
8.97664 0.0321555
8.98075 0.0322275
8.98735 0.0347987
8.99081 0.032212
8.99094 0.0323404
8.99466 0.0320243
8.99844 0.0317739
9.00293 0.0322252
9.00678 0.0320436
9.01127 0.0324979
9.01467 0.0318623
9.02903 0.0329512
9.05043 0.032167
9.05448 0.0321762
9.07045 0.0320134
9.08078 0.0322635
9.09682 0.0321693
9.10086 0.0321757
9.10465 0.0319282
9.10901 0.032254
9.11497 0.0341833
9.12161 0.0307382
9.14442 0.0322022
9.15994 0.0315945
9.16629 0.0339089
9.17046 0.0320269
9.18723 0.0326626
9.19473 0.032099
9.20871 0.0319585
9.21288 0.0320932
9.25638 0.0340773
9.26478 0.0323986
9.27293 0.0324769
9.27684 0.0323578
9.28499 0.0324391
9.28877 0.0321858
9.2946 0.0339866
9.29858 0.0319135
9.30326 0.0325559
9.31493 0.032127
9.3191 0.0322618
9.32429 0.0334236
9.33988 0.0317002
9.35021 0.0319444
9.35836 0.0320287
9.36234 0.0319723
9.36638 0.0319816
9.37036 0.0319222
9.37452 0.032057
9.37838 0.0318751
9.38864 0.0320537
9.39261 0.0319914
9.39659 0.0319351
9.40088 0.0321982
9.40473 0.0320075
9.40889 0.0321423
9.41325 0.0324681
9.41691 0.0320922
9.43044 0.0323388
9.4441 0.0318847
9.44834 0.032088
9.45623 0.0319096
9.46021 0.0318561
9.46431 0.0319282
9.46842 0.0320031
9.48715 0.0325824
9.48728 0.0327108
9.50241 0.0317091
9.51293 0.0341583
9.51697 0.0321508
9.52088 0.0320317
9.53019 0.0320901
9.53808 0.0319146
9.53821 0.032043
9.54219 0.0319866
9.5504 0.0321365
9.55454 0.0322425
9.55801 0.0316726
9.5684 0.0319854
9.58502 0.0324675
9.59278 0.0321607
9.59291 0.0322891
9.59669 0.0320386
9.61561 0.0328032
9.6242 0.0333324
9.62837 0.0322888
9.64775 0.0314963
9.66224 0.0318781
9.66629 0.0318874
9.6745 0.0320314
9.68271 0.0321784
9.6872 0.0326356
9.69285 0.0342483
9.70084 0.0321498
9.70481 0.0320934
9.70911 0.0323566
9.73432 0.0321895
9.74414 0.0319201
9.75248 0.0321984
9.75652 0.0322077
9.7605 0.0321542
9.76853 0.0321101
9.7727 0.0322448
9.77282 0.0323732
9.77584 0.0313554
9.80264 0.0319415
9.80694 0.0322076
9.81105 0.0322767
9.82105 0.0342181
9.8301 0.0340169
9.83401 0.031878
9.83799 0.0318217
9.84222 0.032025
9.85846 0.0321278
9.86584 0.0314387
9.87655 0.0320681
9.88085 0.0323342
9.88489 0.0323435
9.88881 0.0322214
9.89278 0.032165
9.90087 0.0321807
9.90478 0.0320615
9.91908 0.0322435
9.93605 0.0318978
9.94002 0.0318385
9.944 0.0317821
9.94817 0.0319193
9.95818 0.0338608
9.96678 0.0323761
9.97454 0.0320722
9.97852 0.0320158
9.98263 0.0320908
9.99058 0.031978
9.99462 0.0319873

