% time_sec delay_sec
1.20018 0.100173
1.20018 0.100173
1.30035 0.100341
1.40024 0.100226
1.50045 0.100436
1.50057 0.404578
1.60048 0.100471
1.70034 0.100333
1.80036 0.100347
1.80302 0.404349
1.90027 0.100257
2.00032 0.10031
2.09951 0.398828
2.19955 0.19549
2.2016 0.101572
2.2041 0.108105
2.20808 0.108049
2.21167 0.107607
2.21577 0.107676
2.22187 0.10974
2.22572 0.107538
2.22988 0.10767
2.23386 0.107617
2.2379 0.107623
2.24208 0.107761
2.24599 0.107641
2.2501 0.107716
2.25408 0.107663
2.25818 0.107735
2.26402 0.107522
2.26826 0.107722
2.27236 0.107791
2.27634 0.107738
2.28025 0.107619
2.28423 0.107563
2.28821 0.107506
2.29244 0.107704
2.29628 0.107516
2.3018 0.108994
2.30212 0.102085
2.30558 0.107563
2.31167 0.10962
2.3157 0.107607
2.32 0.10787
2.32385 0.107688
2.32827 0.108076
2.33187 0.107635
2.33604 0.107772
2.34021 0.107907
2.34033 0.108035
2.34393 0.107594
2.35002 0.109657
2.35407 0.10765
2.35837 0.107916
2.36247 0.107988
2.36613 0.107612
2.37036 0.107813
2.37408 0.107499
2.37838 0.107765
2.38255 0.107903
2.38628 0.107593
2.39262 0.109907
2.39628 0.107512
2.40154 0.108739
2.40218 0.10215
2.40564 0.10763
2.40968 0.107633
2.41365 0.107574
2.41802 0.107902
2.4218 0.107655
2.42584 0.107664
2.42976 0.107542
2.43399 0.10774
2.43982 0.109543
2.44387 0.107536
2.4481 0.107739
2.45196 0.107557
2.45638 0.107952
2.46043 0.107961
2.46408 0.107585
2.46819 0.10766
2.47211 0.107541
2.47621 0.107613
2.4825 0.107851
2.48629 0.107603
2.49052 0.107801
2.4943 0.10755
2.49975 0.108966
2.5018 0.101772
2.50379 0.107791
2.50392 0.10792
2.50776 0.107735
2.51161 0.10755
2.51566 0.107559
2.5197 0.107565
2.5238 0.107637
2.5297 0.109504
2.53394 0.107687
2.53785 0.107568
2.54221 0.107897
2.54606 0.107712
2.5501 0.107721
2.55396 0.10754
2.55832 0.107868
2.56249 0.108006
2.56813 0.109619
2.57211 0.107546
2.57622 0.107618
2.58026 0.107627
2.58449 0.107827
2.58462 0.107956
2.58828 0.107577
2.59245 0.107712
2.59289 0.10816
2.59681 0.108037
2.60162 0.108817
2.60207 0.102036
2.60566 0.107645
2.60976 0.107717
2.61374 0.107661
2.61971 0.109596
2.62382 0.107651
2.62792 0.107723
2.62805 0.107851
2.63183 0.107601
2.63591 0.107641
2.64014 0.107842
2.64405 0.107723
2.64816 0.107798
2.65207 0.107676
2.65836 0.10993
2.66247 0.107985
2.66619 0.107675
2.67043 0.107876
2.67415 0.107562
2.67838 0.107763
2.68242 0.107772
2.68621 0.107525
2.69051 0.107788
2.69063 0.107916
2.69455 0.107794
2.69974 0.106939
2.70205 0.102019
2.70391 0.107909
2.70961 0.109585
2.71372 0.10764
2.71789 0.107778
2.72174 0.107593
2.72578 0.107602
2.72976 0.107546
2.73387 0.107618
2.73797 0.10769
2.7381 0.107818
2.74208 0.107762
2.74805 0.109697
2.75202 0.107624
2.75619 0.107762
2.7603 0.107836
2.76409 0.107589
2.76826 0.107727
2.77249 0.107927
2.77294 0.108375
2.77628 0.10768
2.78032 0.107689
2.78654 0.109878
2.79052 0.107802
2.7943 0.107551
2.79995 0.109161
2.80161 0.101582
2.80373 0.107729
2.80796 0.10793
2.81155 0.107488
2.81579 0.107689
2.8197 0.107569
2.8239 0.107738
2.82788 0.107682
2.8325 0.108264
2.83795 0.109686
2.84206 0.107741
2.84591 0.107559
2.85008 0.107697
2.85399 0.107578
2.8581 0.10765
2.86272 0.108236
2.86285 0.108364
2.86612 0.107603
2.87016 0.107609
2.87625 0.10967
2.88036 0.107725
2.88427 0.107606
2.8885 0.107803
2.88863 0.107932
2.89248 0.10775
2.89678 0.10801
2.90165 0.108853
2.9021 0.102072
2.90563 0.107618
2.90967 0.107624
2.91358 0.107502
2.91814 0.108025
2.92173 0.107586
2.92789 0.10971
2.93174 0.107505
2.93597 0.107708
2.94008 0.10778
2.94399 0.107661
2.9481 0.107736
2.95246 0.108065
2.95644 0.108009
2.96036 0.10789
2.9662 0.109696
2.9703 0.107752
2.97415 0.107567
2.97826 0.107639
2.98243 0.107776
2.98621 0.107529
2.99064 0.107921
2.99455 0.107801
2.99962 0.108835
3.00218 0.102154
3.0036 0.1076
3.00758 0.107549
3.01168 0.107621
3.01775 0.10965
3.02172 0.107577
3.0257 0.107521
3.02974 0.107527
3.03385 0.107598
3.03808 0.107798
3.04215 0.107839
3.04594 0.107591
3.05011 0.107729
3.05614 0.109727
3.05999 0.107528
3.06397 0.107472
3.06814 0.10761
3.07219 0.107619
3.07623 0.107628
3.08027 0.107637
3.08425 0.107584
3.08823 0.107528
3.09426 0.109525
3.09696 0.106171
3.09708 0.1063
3.10171 0.106888
3.11197 0.107908
3.11563 0.107532
3.11967 0.107541
3.12378 0.107613
3.12833 0.108133
3.13186 0.107629
3.13597 0.107704
3.14007 0.107773
3.14591 0.109576
3.15008 0.107697
3.15406 0.107644
3.1581 0.107653
3.16253 0.108045
3.16631 0.107797
3.16644 0.107926
3.1701 0.10755
3.17408 0.107493
3.17825 0.107631
3.18422 0.109566
3.18819 0.107493
3.19236 0.107631
3.19628 0.107509
3.20167 0.108864
3.20211 0.102084
3.20558 0.107564
3.20962 0.10757
3.21359 0.107514
3.2177 0.107589
3.22171 0.107564
3.22575 0.107573
3.22973 0.107517
3.23602 0.109771
3.24 0.107698
3.24397 0.107642
3.24808 0.107717
3.25206 0.107663
3.25636 0.107926
3.2604 0.107936
3.26432 0.107816
3.2683 0.107763
3.27407 0.109501
3.27837 0.10775
3.28241 0.10776
3.28632 0.107641
3.29062 0.107901
3.29472 0.107967
3.29517 0.108415
3.29985 0.109063
3.30203 0.101997
3.30382 0.107825
3.30793 0.107897
3.31158 0.107519
3.31594 0.107844
3.31973 0.107596
3.32576 0.109594
3.3298 0.107584
3.33384 0.10759
3.33801 0.107725
3.34211 0.107797
3.34599 0.107643
3.35016 0.107781
3.35427 0.107853
3.35805 0.107606
3.36415 0.109666
3.36819 0.107658
3.3721 0.107536
3.37615 0.107545
3.38025 0.107617
3.38436 0.107689
3.38448 0.107818
3.38859 0.107887
3.39253 0.107796
3.3967 0.107931
3.4017 0.108901
3.40202 0.101992
3.40549 0.107473
3.40959 0.107545
3.41556 0.109477
3.41973 0.107598
3.42377 0.107604
3.42832 0.108124
3.43204 0.107808
3.43698 0.108713
3.44012 0.10782
3.4439 0.107573
3.4482 0.107836
3.45416 0.109765
3.45827 0.107821
3.46218 0.107699
3.4661 0.107579
3.47014 0.107586
3.4743 0.107721
3.47815 0.107536
3.48232 0.107673
3.4872 0.108513
3.49245 0.109734
3.49258 0.109863
3.49649 0.107721
3.49963 0.106829
3.50213 0.102099
3.50566 0.109659
3.50963 0.107586
3.51361 0.107527
3.51778 0.107664
3.52163 0.10748
3.52599 0.107805
3.52971 0.107492
3.53381 0.107561
3.53804 0.107759
3.54388 0.109563
3.54817 0.107806
3.55195 0.107556
3.55619 0.107756
3.56004 0.107571
3.5644 0.1079
3.56453 0.108028
3.56819 0.107652
3.5721 0.107533
3.57627 0.107668
3.58313 0.110496
3.58672 0.108035
3.59044 0.107719
3.59556 0.108811
3.59947 0.108689
3.60197 0.10194
3.6037 0.107706
3.60762 0.107586
3.61159 0.10753
3.61653 0.108432
3.61967 0.107543
3.62378 0.107612
3.62801 0.107809
3.6341 0.109867
3.63804 0.107759
3.64202 0.107706
3.64587 0.107518
3.64997 0.10759
3.65408 0.107662
3.65837 0.107925
3.66229 0.107806
3.6662 0.107684
3.67255 0.110001
3.67646 0.107863
3.68025 0.107615
3.68429 0.107621
3.6882 0.107497
3.6923 0.107569
3.69628 0.107509
3.70204 0.102013
3.70268 0.109883
3.70576 0.10775
3.70999 0.107947
3.71359 0.107505
3.71807 0.107957
3.72435 0.110202
3.72819 0.107995
3.73249 0.108255
3.73261 0.108384
3.73595 0.107685
3.73986 0.107563
3.7439 0.107573
3.74833 0.107961
3.75243 0.10803
3.75647 0.108039
3.76202 0.109552
3.76651 0.107992
3.77029 0.107742
3.77408 0.107494
3.77818 0.107566
3.78229 0.107638
3.78646 0.107773
3.79049 0.107774
3.7944 0.107649
3.80023 0.109447
3.80215 0.102124
3.80369 0.107695
3.80773 0.107702
3.81401 0.10995
3.81773 0.107621
3.82171 0.107561
3.826 0.107821
3.83004 0.107825
3.83395 0.107706
3.83812 0.10784
3.84213 0.107815
3.84592 0.107568
3.85214 0.109754
3.85611 0.107681
3.86009 0.107624
3.86406 0.107565
3.86945 0.108918
3.87208 0.107515
3.87619 0.107587
3.88042 0.107787
3.88427 0.107602
3.89061 0.109914
3.89074 0.110042
3.89433 0.107581
3.89741 0.106623
3.90177 0.101737
3.90375 0.108935
3.9076 0.107571
3.91157 0.107512
3.91561 0.107518
3.91965 0.107524
3.92414 0.107978
3.9284 0.108207
3.9318 0.107571
3.93623 0.107965
3.94242 0.11012
3.94591 0.107564
3.95021 0.10783
3.954 0.107583
3.95836 0.107912
3.96246 0.107981
3.96618 0.107667
3.97054 0.107993
3.97407 0.107489
3.98017 0.10955
3.98427 0.107605
3.98856 0.107862
3.99235 0.107612
3.99676 0.107997
4.00202 0.10199
4.00279 0.109986
4.00562 0.107605
4.00953 0.107483
4.01408 0.108
4.01819 0.108072
4.02171 0.107564
4.02578 0.107601
4.03206 0.109847
4.03617 0.107902
4.04033 0.108037
4.04418 0.107852
4.04804 0.10767
4.05246 0.108059
4.05259 0.108187
4.05631 0.107874
4.06015 0.107689
4.06403 0.107532
4.07038 0.10985
4.07411 0.107523
4.07821 0.107598
4.08239 0.107735
4.08636 0.107679
4.09033 0.107617
4.09046 0.107745
4.09431 0.10756
4.09954 0.108753
4.11159 0.107531
4.11563 0.107538
4.12243 0.110297
4.12592 0.107741
4.1299 0.107682
4.1341 0.107851
4.13801 0.107729
4.14205 0.107735
4.14599 0.107644
4.15048 0.108098
4.15401 0.107594
4.16081 0.110357
4.16401 0.107513
4.16831 0.107779
4.17216 0.107591
4.1762 0.107601
4.18024 0.107607
4.18422 0.107554
4.18819 0.107491
4.19236 0.107626
4.19704 0.108268
4.20159 0.106768
4.20223 0.102195
4.20549 0.107482
4.21159 0.109539
4.21562 0.107525
4.21966 0.107532
4.22364 0.107472
4.22784 0.107638
4.23175 0.107516
4.23585 0.107588
4.24002 0.107722
4.24393 0.1076
4.25009 0.109723
4.254 0.107584
4.2583 0.107847
4.2624 0.107916
4.26618 0.107666
4.27003 0.107478
4.2741 0.107515
4.27814 0.107524
4.28244 0.107787
4.28814 0.10946
4.29237 0.107637
4.29705 0.10828
4.30243 0.102401
4.30288 0.110078
4.30551 0.107496
4.30961 0.107565
4.31403 0.107954
4.31416 0.108082
4.31817 0.108057
4.32176 0.107613
4.32567 0.107491
4.32977 0.10756
4.33414 0.107888
4.34004 0.109758
4.34395 0.107619
4.34799 0.107628
4.35204 0.107638
4.35614 0.10771
4.36006 0.107591
4.36403 0.107534
4.36808 0.107544
4.37218 0.107613
4.37808 0.109482
4.38219 0.107537
4.38623 0.107544
4.39052 0.107804
4.39437 0.107616
4.3995 0.108712
4.40212 0.102094
4.4043 0.108305
4.40757 0.107544
4.412 0.107932
4.41565 0.107553
4.41985 0.107719
4.4237 0.107535
4.4297 0.109498
4.43396 0.107713
4.43787 0.107593
4.44211 0.107794
4.44583 0.107481
4.45006 0.107681
4.45404 0.107628
4.45828 0.107828
4.46264 0.108157
4.46815 0.109638
4.47213 0.107562
4.4763 0.1077
4.48028 0.107643
4.48419 0.107524
4.48816 0.107462
4.49265 0.107919
4.4965 0.107731
4.50163 0.108828
4.50208 0.102047
4.50557 0.107555
4.50954 0.107496
4.514 0.107915
4.51974 0.109622
4.52396 0.1078
4.52775 0.107552
4.53186 0.107624
4.5359 0.107633
4.54 0.107705
4.54398 0.107649
4.54809 0.107724
4.55213 0.107733
4.55835 0.109922
4.56214 0.107658
4.56618 0.107664
4.57015 0.107605
4.57028 0.107733
4.57413 0.107549
4.57817 0.107558
4.58247 0.107821
4.58625 0.107571
4.59074 0.108022
4.59657 0.10982
4.59702 0.110268
4.59965 0.106845
4.60221 0.102178
4.60438 0.108388
4.60971 0.109679
4.61362 0.10754
4.61773 0.107612
4.62164 0.107493
4.62593 0.107753
4.63016 0.10795
4.63029 0.108079
4.63408 0.107831
4.63799 0.107709
4.64197 0.107653
4.64794 0.109588
4.65224 0.107837
4.65634 0.107909
4.66026 0.10779
4.66404 0.107543
4.66828 0.107743
4.67251 0.107941
4.67623 0.10763
4.68014 0.107511
4.68618 0.109509
4.69085 0.108135
4.69444 0.10769
4.69957 0.108786
4.70162 0.101592
4.70393 0.107931
4.70758 0.107552
4.71162 0.107559
4.71566 0.107565
4.71983 0.1077
4.72387 0.107709
4.7283 0.108098
4.73202 0.107787
4.73786 0.109591
4.74209 0.107775
4.74588 0.107527
4.75024 0.107856
4.75402 0.107609
4.75832 0.107875
4.7623 0.107821
4.76615 0.107636
4.77013 0.10758
4.77641 0.109829
4.78026 0.10763
4.78424 0.107574
4.78815 0.107452
4.79239 0.107655
4.79643 0.107658
4.80175 0.108949
4.80207 0.10204
4.8056 0.107586
4.80951 0.107464
4.81355 0.10747
4.81804 0.107927
4.82189 0.107745
4.82786 0.109677
4.83203 0.107795
4.83588 0.107614
4.83998 0.107686
4.8439 0.107566
4.84801 0.107641
4.85218 0.107779
4.85622 0.107788
4.86026 0.107798
4.86617 0.109667
4.87034 0.107788
4.87406 0.107475
4.87842 0.107804
4.88246 0.107813
4.88625 0.107565
4.89054 0.107826
4.89445 0.107704
4.90003 0.109248
4.90227 0.102245
4.90362 0.107625
4.90805 0.108016
4.91164 0.107575
4.91805 0.109955
4.92171 0.107562
4.92575 0.107571
4.92973 0.107515
4.93383 0.107587
4.93794 0.107659
4.94211 0.107796
4.94586 0.107514
4.95016 0.10778
4.95613 0.109715
4.9603 0.107836
4.96421 0.107714
4.96813 0.107595
4.97223 0.107664
4.97627 0.107673
4.98025 0.107617
4.98423 0.107564
4.98833 0.107633
4.99436 0.109628
4.99737 0.10659
5.00155 0.106728
5.00212 0.102092
5.00765 0.109632
5.01162 0.107556
5.0156 0.1075
5.01977 0.107638
5.02381 0.107647
5.02779 0.107591
5.03183 0.1076
5.03196 0.107728
5.03594 0.107675
5.04011 0.10781
5.04588 0.109551
5.05005 0.107672
5.05403 0.107615
5.05807 0.107624
5.06263 0.108144
5.06603 0.107512
5.07013 0.107584
5.07405 0.107465
5.07835 0.107731
5.08412 0.109475
5.08836 0.107658
5.08849 0.107787
5.09234 0.107605
5.09644 0.107677
5.10145 0.108648
5.10979 0.107742
5.11363 0.107553
5.11787 0.107754
5.12159 0.107444
5.12576 0.107581
5.12974 0.107525
5.13583 0.109585
5.14 0.107703
5.14398 0.107647
5.14796 0.107594
5.15213 0.107731
5.15649 0.10806
5.16022 0.10775
5.16413 0.107628
5.16811 0.107574
5.1742 0.109635
5.17824 0.107627
5.18229 0.107637
5.18242 0.107765
5.1862 0.107518
5.19056 0.10784
5.19473 0.107975
5.19485 0.108104
5.19986 0.109071
5.19998 0.1092
5.20223 0.102197
5.20364 0.107643
5.20762 0.107586
5.21166 0.107593
5.21563 0.107536
5.21987 0.107737
5.22571 0.109543
5.22968 0.107467
5.23385 0.107605
5.23802 0.10774
5.24219 0.107877
5.24585 0.107501
5.25002 0.107639
5.25015 0.107767
5.254 0.107586
5.25811 0.107661
5.2642 0.109721
5.26812 0.107585
5.27222 0.107654
5.2762 0.107601
5.28018 0.107545
5.28416 0.107491
5.28852 0.107817
5.29224 0.107507
5.29641 0.107641
5.30154 0.108741
5.30199 0.10196
5.30552 0.107506
5.30962 0.107578
5.31566 0.109576
5.31963 0.107503
5.32371 0.107543
5.32803 0.107837
5.33179 0.107555
5.33602 0.107758
5.34 0.107702
5.34398 0.107646
5.34809 0.107721
5.35411 0.109716
5.35816 0.107708
5.3622 0.107717
5.36605 0.107535
5.37009 0.107542
5.37413 0.107551
5.37824 0.107623
5.38228 0.107632
5.38613 0.107451
5.39242 0.109702
5.39627 0.107501
5.3996 0.106802
5.40223 0.102201
5.4055 0.109504
5.40954 0.107494
5.41351 0.107435
5.41794 0.107829
5.42186 0.10771
5.42577 0.107591
5.42975 0.107535
5.43385 0.107603
5.43834 0.108057
5.44392 0.109607
5.44806 0.107697
5.45223 0.107834
5.45236 0.107963
5.45615 0.107715
5.46 0.107533
5.46404 0.107543
5.46821 0.10768
5.47206 0.107495
5.4763 0.107696
5.4822 0.109565
5.48611 0.107429
5.49054 0.107818
5.4956 0.108846
5.49983 0.109043
5.50162 0.101592
5.50348 0.107486
5.50778 0.107749
5.51163 0.107564
5.51567 0.107574
5.51965 0.107517
5.52378 0.10762
5.52834 0.10814
5.53389 0.109656
5.53793 0.107645
5.5419 0.107589
5.54595 0.107598
5.54999 0.107604
5.55403 0.107613
5.55814 0.107688
5.56243 0.107951
5.56256 0.10808
5.56644 0.107926
5.57209 0.109536
5.57626 0.107657
5.58011 0.107472
5.58447 0.107801
5.58825 0.10755
5.59216 0.107428
5.59671 0.107945
5.60159 0.108787
5.60204 0.102007
5.6055 0.107484
5.6096 0.107553
5.61358 0.107497
5.61765 0.107537
5.62368 0.109535
5.62856 0.108358
5.63196 0.107725
5.63584 0.107574
5.64 0.107706
5.64398 0.10765
5.64796 0.107596
5.65238 0.107985
5.65617 0.107734
5.66245 0.109986
5.66618 0.107659
5.67009 0.107537
5.67413 0.107543
5.67836 0.107744
5.68228 0.107625
5.68651 0.107825
5.69067 0.107954
5.69484 0.108086
5.69497 0.108214
5.70073 0.109949
5.70208 0.102051
5.70381 0.107816
5.7076 0.107568
5.71356 0.109501
5.71761 0.107493
5.72165 0.107499
5.72569 0.107506
5.72973 0.107512
5.73383 0.107581
5.73793 0.10765
5.74197 0.107657
5.74595 0.1076
5.75204 0.109661
5.75615 0.107716
5.76019 0.107722
5.76404 0.107541
5.76808 0.107547
5.77212 0.107556
5.77629 0.107691
5.78027 0.107635
5.78456 0.107898
5.79052 0.109824
5.79444 0.107688
5.79713 0.106348
5.80162 0.101587
5.80348 0.108659
5.80771 0.107681
5.81163 0.107562
5.81663 0.10853
5.8197 0.107574
5.82374 0.107577
5.82387 0.107706
5.82791 0.107712
5.83214 0.107909
5.83586 0.107596
5.84234 0.110039
5.8458 0.107452
5.8501 0.107716
5.85407 0.107659
5.85805 0.107599
5.86203 0.107546
5.86601 0.10749
5.87011 0.107562
5.87415 0.107571
5.88012 0.109503
5.88454 0.107878
5.88884 0.108138
5.89221 0.107474
5.89637 0.107605
5.90163 0.108833
5.90208 0.102052
5.90548 0.10747
5.90953 0.107479
5.91357 0.107485
5.91796 0.107842
5.92218 0.108037
5.92581 0.107629
5.93241 0.110195
5.93254 0.110323
5.936 0.107736
5.93998 0.107677
5.94427 0.107937
5.94799 0.107624
5.95209 0.107696
5.95607 0.10764
5.96037 0.107906
5.96403 0.10753
5.96999 0.109462
5.9741 0.107517
5.97859 0.107974
5.98225 0.107595
5.98616 0.107473
5.99023 0.107511
5.99516 0.108413
5.99529 0.108541
6.00029 0.109506
6.00228 0.102246
6.00356 0.107564
6.00754 0.107513
6.01158 0.107519
6.01588 0.107782
6.02172 0.109586
6.02576 0.107578
6.0298 0.107585
6.0339 0.107654
6.0382 0.107914
6.04224 0.10792
6.04583 0.107479
6.05006 0.107679
6.0541 0.107686
6.06007 0.109621
6.06398 0.107485
6.06816 0.107622
6.07213 0.107566
6.07681 0.108214
6.08022 0.107582
6.08419 0.107525
6.08823 0.107532
6.09247 0.107732
6.09702 0.108252
6.10151 0.106692
6.11165 0.109601
6.11572 0.107618
6.12027 0.108135
6.12366 0.1075
6.1277 0.107506
6.1327 0.108471
6.13597 0.107707
6.1361 0.107835
6.14046 0.108161
6.14405 0.10772
6.15021 0.109843
6.15399 0.107576
6.15816 0.107713
6.16207 0.107591
6.16612 0.107601
6.17016 0.107607
6.17413 0.107551
6.17811 0.107494
6.18215 0.107497
6.18856 0.109871
6.19228 0.107541
6.19644 0.107673
6.20227 0.102239
6.2024 0.109596
6.20548 0.107466
6.20958 0.107535
6.21487 0.108787
6.21785 0.107735
6.22227 0.108121
6.2256 0.107422
6.22977 0.107554
6.23432 0.108071
6.23445 0.108199
6.24003 0.109746
6.24387 0.107542
6.24785 0.107486
6.25215 0.107752
6.25619 0.107758
6.2602 0.107733
6.26405 0.107548
6.26809 0.107557
6.27213 0.107564
6.27809 0.109493
6.28207 0.107417
6.28661 0.107931
6.29059 0.107869
6.29071 0.107997
6.29456 0.107809
6.29962 0.10884
6.30231 0.102285
6.30366 0.107665
6.30777 0.107737
6.31151 0.107451
6.31555 0.107458
6.32004 0.107909
6.32363 0.107464
6.32966 0.109459
6.33421 0.10796
6.3378 0.107518
6.34235 0.108038
6.34646 0.108107
6.35005 0.107668
6.35396 0.107542
6.35832 0.107871
6.3623 0.107815
6.36813 0.109619
6.37217 0.107608
6.37628 0.10768
6.38089 0.10826
6.38429 0.107624
6.38826 0.107562
6.38839 0.10769
6.39237 0.107634
6.3925 0.107762
6.39621 0.107446
6.40147 0.108668
6.40217 0.102144
6.40557 0.107562
6.40949 0.10744
6.41417 0.108085
6.41961 0.109498
6.42396 0.107801
6.42807 0.10787
6.43178 0.107554
6.43608 0.107817
6.44006 0.107761
6.44397 0.107639
6.44794 0.107579
6.45205 0.107651
6.45801 0.10958
6.46231 0.10783
6.46622 0.107708
6.47007 0.107523
6.47418 0.107595
6.47431 0.107723
6.47812 0.107507
6.48274 0.108087
6.48287 0.108215
6.48633 0.107642
6.48645 0.107771
6.4903 0.107583
6.4969 0.110151
6.49953 0.106728
6.50222 0.10219
6.50357 0.10757
6.50966 0.109631
6.51408 0.108003
6.51774 0.107624
6.52216 0.108009
6.52228 0.108137
6.52587 0.107693
6.52979 0.107571
6.53408 0.107831
6.53825 0.107966
6.5421 0.107781
6.54787 0.109519
6.55204 0.107637
6.55614 0.107709
6.56018 0.107715
6.56403 0.107531
6.56807 0.10754
6.57218 0.107609
6.57628 0.107681
6.58026 0.107625
6.58629 0.10962
6.59058 0.107863
6.59462 0.107866
6.59962 0.108831
6.60154 0.101506
6.60359 0.107591
6.60776 0.107725
6.61167 0.107603
6.61558 0.107481
6.61959 0.107456
6.62363 0.107462
6.62876 0.108558
6.63183 0.107603
6.6379 0.109632
6.642 0.107688
6.64598 0.107631
6.64996 0.107575
6.654 0.107584
6.65843 0.107979
6.66221 0.107731
6.66619 0.107675
6.67004 0.107487
6.67017 0.107615
6.67639 0.109804
6.68036 0.107731
6.68415 0.107484
6.68819 0.107487
6.69248 0.10775
6.6964 0.107628
6.70159 0.108787
6.70216 0.102135
6.70544 0.107424
6.70967 0.107621
6.71364 0.107562
6.71807 0.107954
6.72259 0.108439
6.72784 0.109664
6.72797 0.109792
6.73188 0.107653
6.73573 0.107468
6.73997 0.107669
6.74388 0.10755
6.74799 0.107625
6.75216 0.107762
6.75633 0.107897
6.76018 0.107712
6.76614 0.109644
6.77025 0.107697
6.7741 0.107512
6.77814 0.107521
6.78237 0.107722
6.78628 0.1076
6.78641 0.107728
6.79051 0.107797
6.79462 0.107866
6.79981 0.109025
6.80154 0.101508
6.80378 0.107784
6.80759 0.107565
6.8117 0.107634
6.81773 0.109629
6.8217 0.107556
6.82562 0.107437
6.82969 0.107474
6.83431 0.10806
6.83784 0.107556
6.84207 0.107756
6.84605 0.107702
6.85 0.107614
6.85609 0.109678
6.86001 0.107542
6.86449 0.107993
6.86815 0.107618
6.87212 0.107558
6.87225 0.107687
6.8762 0.107599
6.88011 0.107479
6.88422 0.107554
6.88819 0.107492
6.89441 0.109675
6.8971 0.106318
6.90159 0.106772
6.90204 0.102008
6.90768 0.109669
6.91166 0.107592
6.91557 0.10747
6.91967 0.107542
6.92358 0.10742
6.92795 0.107749
6.9318 0.107564
6.93577 0.107508
6.9359 0.107636
6.9402 0.1079
6.94591 0.109578
6.95008 0.107699
6.954 0.10758
6.95836 0.107908
6.96214 0.107661
6.96606 0.107539
6.97009 0.107545
6.97414 0.107555
6.97837 0.107755
6.98415 0.109496
6.98818 0.107483
6.99229 0.107552
6.99645 0.107686
7.00158 0.10878
7.00171 0.108908
7.00216 0.102127
7.00544 0.107423
7.00986 0.107811
7.01364 0.107561
7.01775 0.107633
7.02205 0.107899
7.02577 0.107586
7.02981 0.107595
7.03578 0.10953
7.03995 0.107648
7.04386 0.107529
7.04803 0.107667
7.05207 0.107676
7.05618 0.107748
7.06003 0.107566
7.06401 0.10751
7.06824 0.107709
7.07414 0.109576
7.07427 0.109704
7.07812 0.107506
7.08216 0.107515
7.08621 0.107524
7.09089 0.108172
7.09442 0.107668
7.09942 0.108636
7.11161 0.107545
7.11558 0.107486
7.12026 0.108134
7.12566 0.109493
7.12963 0.107417
7.13387 0.10762
7.13785 0.107564
7.14214 0.107827
7.1458 0.107451
7.1501 0.107717
7.15401 0.107598
7.15818 0.107735
7.16422 0.109733
7.16813 0.107597
7.17236 0.107795
7.17621 0.10761
7.18032 0.107682
7.1841 0.107435
7.18865 0.107952
7.19225 0.107513
7.19654 0.107776
7.20174 0.108941
7.20206 0.102032
7.20546 0.107449
7.20982 0.107775
7.21553 0.109451
7.21964 0.107506
7.22361 0.107449
7.22823 0.108032
7.23182 0.107591
7.2358 0.107537
7.23984 0.107543
7.24401 0.107681
7.24802 0.107659
7.25393 0.109528
7.2581 0.107649
7.26201 0.10753
7.26606 0.107539
7.27003 0.107483
7.27408 0.107492
7.27831 0.107693
7.28235 0.107702
7.28627 0.107583
7.29229 0.109575
7.29242 0.109703
7.2964 0.10763
7.29973 0.106932
7.30217 0.10214
7.30544 0.109443
7.30987 0.10782
7.31352 0.107441
7.31795 0.107833
7.32167 0.107523
7.32558 0.107404
7.32982 0.107604
7.33389 0.107644
7.33825 0.10797
7.34403 0.109711
7.34813 0.10777
7.35198 0.107585
7.35622 0.107785
7.36007 0.107603
7.36405 0.107547
7.36803 0.107493
7.37226 0.107694
7.37637 0.107766
7.38214 0.109507
7.38625 0.107565
7.39048 0.107763
7.39445 0.107703
7.3949 0.108151
7.39939 0.108608
7.40157 0.101543
7.4035 0.107502
7.40767 0.107637
7.41158 0.107518
7.41562 0.107527
7.41967 0.107536
7.42364 0.10748
7.42813 0.107937
7.43391 0.109678
7.43795 0.107668
7.44193 0.107611
7.4459 0.107555
7.45014 0.107755
7.45399 0.107573
7.45803 0.107583
7.46207 0.107592
7.46612 0.107601
7.47215 0.109596
7.47612 0.107523
7.48023 0.107595
7.48414 0.107476
7.4885 0.107802
7.49216 0.107426
7.49671 0.107943
7.50152 0.108722
7.5021 0.10207
7.5055 0.107485
7.50967 0.10762
7.51351 0.107435
7.51801 0.107892
7.52372 0.10957
7.52814 0.107945
7.52827 0.108073
7.53183 0.107597
7.53581 0.107544
7.54017 0.10787
7.54383 0.107494
7.54806 0.107697
7.55204 0.107641
7.55627 0.107841
7.5564 0.10797
7.56224 0.109776
7.56616 0.10764
7.57026 0.107712
7.57417 0.10759
7.57822 0.1076
7.58226 0.107609
7.58617 0.10749
7.59072 0.108007
7.5947 0.107948
7.59986 0.109078
7.60217 0.10214
7.60352 0.107521
7.60775 0.107721
7.61355 0.107473
7.61766 0.107548
7.6217 0.107558
7.62568 0.107501
7.62966 0.107445
7.63383 0.107583
7.63806 0.107783
7.64204 0.107727
7.64583 0.107479
7.65192 0.109543
7.6561 0.107664
7.66014 0.107673
7.66405 0.107551
7.66809 0.10756
7.672 0.107438
7.67637 0.107767
7.68028 0.107648
7.68413 0.107466
7.69022 0.109523
7.69452 0.10777
7.69702 0.106235
7.69715 0.106364
7.70164 0.101606
7.70343 0.108613
7.70754 0.107506
7.71158 0.107513
7.71562 0.107519
7.7196 0.107466
7.72389 0.107729
7.72819 0.107992
7.73191 0.107679
7.73589 0.107625
7.74198 0.109682
7.74586 0.107512
7.74997 0.107584
7.75388 0.107465
7.75805 0.107602
7.76222 0.10774
7.76614 0.107621
7.77005 0.107499
7.77018 0.107627
7.77415 0.107571
7.78019 0.109569
7.7841 0.107433
7.7884 0.107696
7.79225 0.107511
7.79641 0.107646
7.80155 0.108745
7.80199 0.101964
7.80546 0.107448
7.8095 0.107454
7.81361 0.107526
7.81765 0.107532
7.82195 0.107798
7.82573 0.107551
7.83182 0.107592
7.8358 0.107538
7.83991 0.107607
7.84395 0.107614
7.84407 0.107742
7.8478 0.107432
7.85203 0.107629
7.85601 0.107573
7.86011 0.107645
7.86403 0.107526
7.87005 0.109521
7.87403 0.107448
7.87833 0.107711
7.88211 0.107463
7.88628 0.107595
7.89057 0.107852
7.89474 0.107987
7.89939 0.108604
7.90221 0.102177
7.90349 0.107494
7.90753 0.107504
7.91151 0.107447
7.9176 0.109505
7.92158 0.107432
7.92581 0.107632
7.92966 0.107448
7.93389 0.107645
7.93812 0.107842
7.94229 0.107977
7.94595 0.107601
7.95006 0.107673
7.95397 0.107551
7.96 0.109549
7.96404 0.107542
7.96808 0.107551
7.97219 0.107623
7.97617 0.107567
7.98014 0.10751
7.98412 0.107451
7.98867 0.107968
7.99233 0.107592
7.997 0.108237
8.00146 0.106643
8.00204 0.102008
8.00772 0.109708
8.0115 0.10744
8.01561 0.10751
8.01573 0.107638
8.01958 0.10745
8.02375 0.107588
8.02785 0.107657
8.03215 0.10792
8.03587 0.107607
8.03991 0.107613
8.04389 0.107557
8.05018 0.107795
8.05428 0.107864
8.05813 0.107682
8.06205 0.107563
8.06603 0.107509
8.07 0.107453
8.07411 0.107528
8.07854 0.107919
8.08213 0.107478
8.08841 0.10973
8.09233 0.107594
8.09637 0.1076
8.10143 0.108633
8.10955 0.107504
8.11365 0.107573
8.11782 0.107705
8.11795 0.107834
8.1216 0.107452
8.1256 0.107423
8.12964 0.107429
8.13593 0.109678
8.1399 0.107602
8.14394 0.107606
8.14836 0.107997
8.15189 0.107493
8.15613 0.107693
8.16017 0.107702
8.16395 0.107455
8.16813 0.107593
8.17217 0.107602
8.17852 0.109916
8.18255 0.107903
8.18608 0.107396
8.19056 0.107847
8.1946 0.107853
8.19941 0.10863
8.20217 0.102137
8.20345 0.107454
8.20756 0.107526
8.21153 0.10747
8.21557 0.107476
8.22012 0.107993
8.22564 0.109477
8.22968 0.107467
8.23417 0.107921
8.23801 0.107733
8.24193 0.107611
8.24629 0.107937
8.25013 0.107753
8.25398 0.107568
8.25803 0.107577
8.26226 0.107777
8.2681 0.107567
8.27221 0.107639
8.27618 0.107583
8.28041 0.10778
8.28439 0.107724
8.28875 0.108047
8.29241 0.107671
8.29631 0.107546
8.30151 0.108708
8.30196 0.101927
8.30542 0.107411
8.30947 0.10742
8.31556 0.10948
8.31989 0.107755
8.32373 0.10757
8.32803 0.107833
8.33188 0.107646
8.33573 0.107461
8.34015 0.107852
8.34387 0.107536
8.34804 0.10767
8.35438 0.109985
8.35836 0.107915
8.36221 0.10773
8.36606 0.107548
8.37004 0.107492
8.37408 0.107498
8.37838 0.107761
8.38235 0.107702
8.38614 0.107451
8.39027 0.107552
8.39636 0.109609
8.40014 0.107342
8.40027 0.10747
8.40232 0.102293
8.4054 0.109408
8.40983 0.107783
8.41361 0.107532
8.4179 0.107789
8.42169 0.107539
8.42569 0.107514
8.42993 0.107711
8.43377 0.107523
8.43793 0.107651
8.44412 0.109803
8.44809 0.10773
8.45207 0.10767
8.45611 0.107677
8.46009 0.107623
8.46407 0.107567
8.46811 0.107576
8.47202 0.107454
8.47625 0.107652
8.4801 0.10747
8.48613 0.107442
8.49074 0.108022
8.49529 0.108536
8.49965 0.108862
8.5015 0.101473
8.50355 0.107558
8.50368 0.107687
8.50747 0.107436
8.51176 0.107699
8.51561 0.107512
8.5201 0.107966
8.52375 0.107584
8.52388 0.107712
8.52779 0.10759
8.53381 0.109582
8.53843 0.108148
8.54228 0.107961
8.54587 0.107519
8.5501 0.107716
8.55452 0.108108
8.55818 0.107732
8.56206 0.107578
8.56617 0.10765
8.57207 0.109517
8.57617 0.107572
8.58015 0.107516
8.58438 0.107713
8.58854 0.107842
8.59245 0.10772
8.59675 0.10798
8.60181 0.109008
8.60213 0.102099
8.6054 0.107388
8.60953 0.107488
8.61364 0.107557
8.61377 0.107686
8.6178 0.107686
8.62363 0.109484
8.62376 0.109612
8.62767 0.107477
8.63191 0.107674
8.63588 0.107615
8.64018 0.107878
8.64415 0.107818
8.64813 0.107762
8.6521 0.107706
8.65608 0.107649
8.66198 0.109519
8.66609 0.107571
8.67006 0.107515
8.67417 0.107587
8.67808 0.107468
8.68212 0.107471
8.68257 0.107919
8.68718 0.108496
8.69032 0.107603
8.69487 0.10812
8.695 0.108249
8.69968 0.108894
8.69981 0.109022
8.70211 0.102082
8.70365 0.107653
8.70763 0.107597
8.71404 0.109974
8.71782 0.107704
8.72179 0.107642
8.7257 0.10752
8.72974 0.107526
8.73397 0.107724
8.7341 0.107852
8.73772 0.107441
8.74202 0.107705
8.74625 0.107899
8.74638 0.108028
8.75215 0.109769
8.756 0.107567
8.76023 0.107765
8.76408 0.10758
8.76844 0.107909
8.77203 0.107464
8.77614 0.107536
8.78011 0.10748
8.78416 0.107489
8.78826 0.107555
8.79441 0.107662
8.79723 0.10645
8.80159 0.101564
8.80345 0.108636
8.80762 0.107592
8.81153 0.10747
8.81557 0.107476
8.81961 0.107483
8.82366 0.107492
8.82847 0.108269
8.83193 0.107702
8.83591 0.107645
8.84207 0.109772
8.84611 0.107764
8.85006 0.107676
8.85397 0.107557
8.85801 0.107563
8.86205 0.107572
8.86609 0.107578
8.87001 0.107456
8.87405 0.107466
8.88014 0.109526
8.88425 0.107584
8.88816 0.107459
8.89252 0.107788
8.8965 0.107729
8.89663 0.107857
8.90144 0.108634
8.90227 0.102238
8.90541 0.107396
8.90964 0.107594
8.91406 0.107982
8.91772 0.107603
8.92169 0.107547
8.9256 0.107424
8.93195 0.109739
8.9358 0.107537
8.93991 0.107609
8.94388 0.107552
8.94812 0.107755
8.95197 0.107574
8.95608 0.107649
8.96012 0.107658
8.9641 0.107599
8.97006 0.109531
8.97414 0.107554
8.97818 0.107564
8.98216 0.107507
8.98709 0.108409
8.99056 0.107839
8.99453 0.10778
8.99966 0.108876
9.00145 0.101422
9.00395 0.107955
9.00761 0.107583
9.01152 0.10746
9.01556 0.107467
9.02166 0.109527
9.02583 0.107648
9.02967 0.107461
9.03391 0.10766
9.03776 0.107476
9.04219 0.10787
9.04591 0.10756
9.05018 0.107794
9.05396 0.107547
9.06012 0.109673
9.06429 0.107791
9.06474 0.108239
9.06801 0.107478
9.07199 0.107422
9.0761 0.107496
9.08014 0.107506
9.08431 0.107643
9.08822 0.107521
9.09226 0.107531
9.09631 0.10754
9.1015 0.106685
9.11157 0.109525
9.11551 0.107417
9.11962 0.107489
9.1236 0.107433
9.12815 0.107953
9.13187 0.107642
9.13579 0.107523
9.14015 0.107852
9.1439 0.107573
9.15013 0.109765
9.15404 0.107629
9.15802 0.10757
9.16206 0.107579
9.16604 0.10752
9.17008 0.107526
9.17415 0.107566
9.17806 0.107447
9.18223 0.107582
9.18832 0.109637
9.19223 0.107501
9.19627 0.107507
9.20147 0.108666
9.20204 0.102014
9.20544 0.107428
9.20948 0.107435
9.21403 0.107952
9.21416 0.10808
9.21775 0.107638
9.2216 0.107454
9.22571 0.107526
9.22994 0.107723
9.23398 0.107732
9.23995 0.109665
9.24386 0.107529
9.24797 0.107604
9.25208 0.107679
9.25625 0.107816
9.26003 0.107569
9.26395 0.10745
9.26799 0.107459
9.27209 0.107528
9.27813 0.109526
9.28204 0.10739
9.28608 0.107396
9.29069 0.107976
9.29435 0.107597
9.29942 0.108631
9.30153 0.101499
9.30396 0.107966
9.30409 0.108095
9.30749 0.107462
9.31153 0.107468
9.31557 0.107475
9.31961 0.107481
9.32378 0.107616
9.32994 0.109739
9.33379 0.107541
9.33789 0.107613
9.34193 0.107619
9.34578 0.107434
9.35021 0.107829
9.35406 0.107647
9.35823 0.107784
9.36221 0.107728
9.3683 0.109789
9.37247 0.107904
9.37619 0.107593
9.38011 0.107474
9.38415 0.107481
9.38825 0.107553
9.39235 0.107619
9.39633 0.107562
9.40191 0.101878
9.40204 0.109235
9.4055 0.107484
9.40954 0.10749
9.41364 0.107559
9.41992 0.10981
9.42364 0.10748
9.42781 0.107615
9.43166 0.107424
9.43615 0.107882
9.44 0.107697
9.44384 0.107512
9.44795 0.107587
9.45199 0.107593
9.45815 0.10972
9.46213 0.107649
9.46611 0.107593
9.47002 0.107474
9.47419 0.107609
9.47855 0.107937
9.48234 0.10769
9.48613 0.107442
9.49048 0.107765
9.49061 0.107894
9.49658 0.109826
9.50029 0.107493
9.50215 0.102125
9.50369 0.107696
9.50979 0.109756
9.51357 0.107489
9.51761 0.107499
9.52166 0.107508
9.5257 0.107517
9.52968 0.107461
9.53385 0.107598
9.53795 0.10767
9.54206 0.107742
9.54796 0.109615
9.55197 0.107576
9.55615 0.107713
9.56019 0.107723
9.56397 0.107475
9.56815 0.107613
9.57212 0.107556
9.5761 0.1075
9.58021 0.107572
9.58617 0.109507
9.59041 0.107688
9.59425 0.107503
9.59945 0.108665
9.60144 0.101405
9.60361 0.107618
9.60772 0.10769
9.61182 0.107759
9.61586 0.107766
9.61965 0.107518
9.62369 0.107525
9.62811 0.107916
9.62824 0.108045
9.6319 0.107666
9.63799 0.109726
9.63812 0.109855
9.64203 0.107719
9.64582 0.107471
9.65005 0.107672
9.65397 0.107553
9.65807 0.107625
9.66212 0.107634
9.66603 0.107515
9.6702 0.10765
9.67617 0.109585
9.68002 0.107383
9.68425 0.107586
9.68861 0.107912
9.69221 0.107474
9.69625 0.10748
9.70148 0.108676
9.70205 0.102024
9.70545 0.107441
9.70981 0.107767
9.71353 0.107454
9.71783 0.107717
9.72181 0.107664
9.72765 0.109467
9.73188 0.107651
9.73586 0.107598
9.74003 0.107732
9.74388 0.107548
9.74786 0.107494
9.7521 0.107697
9.7564 0.107963
9.76025 0.107782
9.76609 0.109588
9.77 0.107452
9.77417 0.107587
9.77828 0.107659
9.78213 0.107477
9.7861 0.107421
9.79059 0.107872
9.79456 0.107813
9.79982 0.109038
9.80226 0.102229
9.80341 0.107418
9.80765 0.107618
9.81156 0.107496
9.81772 0.109622
9.8217 0.107549
9.8258 0.107621
9.82971 0.107499
9.83388 0.107634
9.83786 0.107577
9.84197 0.107652
9.84588 0.107533
9.85005 0.107671
9.85615 0.109734
9.86 0.107536
9.86404 0.107542
9.86808 0.107551
9.87212 0.107558
9.87617 0.107567
9.88021 0.107576
9.88419 0.107523
9.88855 0.107849
9.8942 0.109461
9.89734 0.106552
9.90151 0.10669
9.90196 0.101926
9.9076 0.109589
9.90773 0.109717
9.91177 0.107704
9.91594 0.107839
9.91606 0.107967
9.91959 0.107463
9.9237 0.107535
9.92787 0.10767
9.93181 0.107579
9.93579 0.107525
9.94002 0.107723
9.94586 0.109526
9.95016 0.107775
9.95401 0.10759
9.95818 0.107728
9.96209 0.107609
9.9662 0.107684
9.97011 0.107562
9.97024 0.10769
9.97415 0.107571
9.97826 0.107643
9.98417 0.109516
9.98878 0.108082
9.99225 0.107515
9.99642 0.107649

