% time_sec delay_sec
1.11222 0.0121365
1.11222 0.0121365
1.21253 0.0124484
1.31222 0.0121326
1.41032 0.314249
1.41222 0.0121414
1.51221 0.0121312
1.61222 0.0121378
1.71253 0.012448
1.71291 0.314167
1.81221 0.0121308
1.9116 0.210845
1.9139 0.0137943
1.91572 0.0176315
1.91967 0.0175545
2.01161 0.105454
2.01362 0.0135161
2.01562 0.0175359
2.01976 0.0176372
2.02372 0.0175652
2.02808 0.0178909
2.03186 0.0176398
2.03583 0.0175787
2.04028 0.01799
2.04389 0.017571
2.04997 0.0176024
2.05416 0.0177569
2.058 0.0175636
2.0621 0.0176272
2.06604 0.0175312
2.07014 0.0175992
2.07414 0.0175689
2.07812 0.0175155
2.08216 0.0175218
2.08841 0.019735
2.09232 0.0175991
2.09636 0.0176055
2.1006 0.0178059
2.10451 0.0176868
2.10984 0.01898
2.11439 0.014285
2.11464 0.0185753
2.11798 0.0178799
2.12503 0.0208902
2.1267 0.0185258
2.13003 0.0178245
2.13586 0.0196254
2.13599 0.0197538
2.13997 0.0176806
2.14407 0.0177526
2.14818 0.0178276
2.15229 0.0178996
2.1562 0.0177805
2.16069 0.0182376
2.16409 0.017605
2.16814 0.0176143
2.17211 0.0175549
2.17878 0.0201918
2.18231 0.0176708
2.18635 0.0176771
2.19077 0.0180657
2.19455 0.0178123
2.1984 0.0176246
2.20282 0.0180132
2.20648 0.0176344
2.21225 0.0193725
2.21398 0.0138727
2.21642 0.0183289
2.2202 0.0180814
2.22687 0.0207212
2.23104 0.0188362
2.23534 0.0191023
2.23925 0.0189802
2.244 0.0196971
2.2483 0.0199632
2.25267 0.0202949
2.25677 0.0203669
2.26107 0.020633
2.26531 0.0208334
2.27165 0.021131
2.27557 0.0210119
2.27948 0.0208928
2.28359 0.0209648
2.28808 0.021422
2.29218 0.0214911
2.29673 0.022008
2.30122 0.0224623
2.30558 0.0227852
2.31346 0.0266344
2.31596 0.0230863
2.31987 0.0197691
2.32218 0.0261136
2.3268 0.0246824
2.33122 0.0250705
2.33533 0.0251454
2.34021 0.0259849
2.34444 0.0261853
2.34912 0.0268365
2.34925 0.0269649
2.35342 0.0271025
2.35759 0.0272402
2.36369 0.0293008
2.37171 0.0272369
2.37549 0.0269894
2.37967 0.0271271
2.38345 0.0268796
2.38737 0.0267605
2.39153 0.0268952
2.39166 0.0270236
2.39577 0.0270927
2.40013 0.0274215
2.40564 0.0289028
2.4134 0.0265734
2.41904 0.0281856
2.44746 0.0271917
2.4535 0.0291925
2.45767 0.0273134
2.46133 0.0269375
2.46563 0.0272036
2.4698 0.0273413
2.47365 0.0271565
2.47737 0.0268463
2.48128 0.0267272
2.48558 0.0269932
2.48937 0.0267428
2.49558 0.0269091
2.50732 0.026543
2.51187 0.0270629
2.52906 0.0269395
2.53316 0.0270115
2.53734 0.0271491
2.54388 0.0296576
2.54747 0.0272022
2.55139 0.0270831
2.5553 0.026964
2.5596 0.0272301
2.56384 0.0274305
2.57532 0.0268134
2.58142 0.0288769
2.58565 0.0270606
2.58937 0.0267445
2.59366 0.0270076
2.5977 0.027014
2.60219 0.0274711
2.60579 0.0270296
2.614 0.0271736
2.62722 0.0271129
2.64155 0.0273319
2.64547 0.0272127
2.66151 0.0271185
2.66555 0.0271278
2.67171 0.0292541
2.67556 0.0270525
2.67941 0.0268678
2.68332 0.0267486
2.68768 0.0270774
2.69185 0.0272122
2.69583 0.0271529
2.70391 0.0271655
2.7075 0.026724
2.74342 0.0271863
2.75536 0.027023
2.76159 0.0292149
2.76563 0.0272074
2.76961 0.027151
2.77718 0.0266561
2.78148 0.0269221
2.78546 0.0268657
2.78937 0.0267437
2.79379 0.0271323
2.80373 0.0269854
2.80751 0.0267379
2.81168 0.0268727
2.81591 0.0270731
2.823 0.0229005
2.83314 0.0269842
2.83731 0.0271218
2.84154 0.0273222
2.85925 0.0268833
2.86368 0.0272748
2.86772 0.0272841
2.87183 0.0273532
2.87535 0.0268489
2.87933 0.0267925
2.88337 0.0268018
2.88966 0.0290535
2.8937 0.027046
2.89755 0.0268583
2.90178 0.0270587
2.90576 0.0270023
2.92706 0.0269543
2.94149 0.0292873
2.94932 0.0270323
2.9576 0.027242
2.96151 0.0271229
2.96992 0.027461
2.97351 0.0270194
2.97941 0.0288889
2.98358 0.0270098
2.98756 0.0269534
2.99141 0.0267686
2.99988 0.0271694
3.0036 0.0268562
3.00758 0.0268054
3.02313 0.0230307
3.02493 0.0268449
3.03539 0.0272165
3.0393 0.0270944
3.04761 0.0273381
3.05576 0.0274194
3.05961 0.0272376
3.06346 0.0270528
3.07366 0.0271716
3.07713 0.0266046
3.0813 0.0267422
3.08566 0.027074
3.08951 0.0268892
3.09349 0.0268328
3.09773 0.0270361
3.10171 0.0269827
3.10787 0.0291119
3.11197 0.0271642
3.11576 0.0269167
3.12108 0.0282099
3.12288 0.0227757
3.13706 0.0268716
3.14982 0.027535
3.15355 0.0272248
3.15964 0.0292883
3.16368 0.0272779
3.1676 0.0271588
3.17189 0.0274219
3.17562 0.0271117
3.17979 0.0272494
3.18345 0.0268735
3.18755 0.0269455
3.19159 0.0269548
3.19756 0.028887
3.20154 0.0268138
3.20558 0.0268202
3.21372 0.0268985
3.21931 0.0284485
3.24949 0.0292234
3.25347 0.0271503
3.25726 0.0269028
3.26156 0.0271688
3.26983 0.0273785
3.27355 0.0270654
3.27741 0.0268835
3.28106 0.0265076
3.28754 0.0289534
3.29184 0.0271968
3.2994 0.026693
3.30382 0.0270816
3.30735 0.0265773
3.32512 0.0270301
3.32916 0.0270365
3.3332 0.0270428
3.34728 0.027005
3.35164 0.0273338
3.35574 0.0274058
3.35972 0.0273523
3.36351 0.0271014
3.36768 0.0272391
3.37159 0.027117
3.37736 0.0288581
3.38153 0.026979
3.38551 0.0269226
3.38987 0.0272455
3.39 0.0273739
3.39356 0.0269007
3.39766 0.0269698
3.4017 0.0269791
3.40561 0.026857
3.423 0.0228946
3.42325 0.0271849
3.42338 0.0273133
3.42909 0.0289888
3.43332 0.0271694
3.43794 0.0277521
3.44942 0.0271321
3.45763 0.0272732
3.4616 0.0272168
3.47174 0.027267
3.4752 0.026697
3.48322 0.0266499
3.48848 0.0278716
3.49149 0.0268508
3.4961 0.0274305
3.49963 0.0269233
3.50553 0.0287869
3.51335 0.026526
3.51906 0.0282014
3.53964 0.0274399
3.54753 0.0272586
3.55741 0.0290687
3.56171 0.027318
3.5653 0.0268765
3.56953 0.0270769
3.57351 0.0270205
3.57717 0.0266446
3.58127 0.0267166
3.58614 0.0275531
3.58935 0.0267234
3.6037 0.0269617
3.60762 0.0268426
3.61198 0.0271714
3.62121 0.0283367
3.62916 0.0270426
3.63721 0.0270207
3.64112 0.0269016
3.64728 0.0290249
3.65145 0.0271429
3.65158 0.0272713
3.65485 0.0265102
3.65889 0.0265166
3.66299 0.0265886
3.66697 0.0265322
3.67101 0.0265415
3.67467 0.0261627
3.67871 0.026169
3.68442 0.0278444
3.68845 0.0258311
3.69217 0.0255179
3.69615 0.0254586
3.70064 0.0259128
3.70397 0.0252116
3.70794 0.0251517
3.71185 0.0250297
3.71737 0.0265081
3.71781 0.026956
3.72108 0.0209801
3.72134 0.0252704
3.72473 0.0246319
3.72871 0.0245696
3.73447 0.0263048
3.73832 0.0241033
3.74159 0.0233393
3.74538 0.0230918
3.74916 0.0228384
3.75256 0.0222028
3.75577 0.021379
3.75942 0.0210002
3.76292 0.0204614
3.76786 0.0213664
3.77132 0.0187797
3.77472 0.0181471
3.77818 0.0175771
3.77863 0.018025
3.78229 0.0176491
3.78646 0.0177839
3.79049 0.0177843
3.79453 0.0177877
3.79972 0.0189437
3.80465 0.0198459
3.80735 0.0164888
3.81177 0.0168803
3.81376 0.0136541
3.81773 0.019648
3.82228 0.0181482
3.82613 0.0179605
3.82626 0.0180889
3.83017 0.0179639
3.83408 0.0178448
3.83825 0.0179795
3.84213 0.0178259
3.84604 0.0177067
3.85008 0.0177131
3.85598 0.0195796
3.86009 0.0176349
3.86406 0.0175755
3.86804 0.0175221
3.87208 0.0175255
3.87619 0.0175975
3.88016 0.0175411
3.8844 0.0177415
3.88837 0.0176822
3.89446 0.0197369
3.89837 0.0175952
3.90292 0.0181121
3.90305 0.0182405
3.90645 0.0176044
3.91183 0.0189574
3.91369 0.013586
3.91613 0.0180421
3.92017 0.0180485
3.9244 0.0182459
3.92853 0.0183456
3.93193 0.01771
3.93636 0.0181044
3.94053 0.0182392
3.94591 0.0195916
3.94996 0.0175841
3.95426 0.0178502
3.95849 0.0180506
3.96246 0.0179913
3.96606 0.0175497
3.97041 0.0178756
3.9742 0.0176281
3.97818 0.0175717
3.98427 0.0196323
3.98856 0.0178728
3.98869 0.0180012
3.99235 0.0176223
3.99676 0.018008
4.00055 0.0177576
4.00446 0.0176382
4.00966 0.0188001
4.01395 0.0138483
4.01408 0.0180103
4.01421 0.0181387
4.01819 0.0180823
4.02216 0.018023
4.02261 0.0184709
4.02617 0.0179972
4.02995 0.0177438
4.03617 0.0199293
4.04021 0.0179189
4.04418 0.0178625
4.04804 0.0176807
4.05259 0.0181976
4.05605 0.0176277
4.06015 0.0176997
4.06416 0.0176715
4.06814 0.017618
4.07411 0.0195502
4.07866 0.0180563
4.08226 0.0176177
4.08636 0.0176897
4.09046 0.0177558
4.09444 0.0176995
4.09845 0.0176742
4.10268 0.0178687
4.1028 0.0179971
4.10646 0.0176212
4.11172 0.0188487
4.11371 0.0136057
4.11615 0.0180619
4.12147 0.0193462
4.12159 0.0194746
4.12592 0.0197689
4.13002 0.0178212
4.13423 0.0179899
4.13814 0.0178679
4.14231 0.0180026
4.14612 0.0177833
4.15048 0.0181092
4.15446 0.0180528
4.15459 0.0181812
4.15875 0.0183159
4.16414 0.0196689
4.16806 0.017533
4.17216 0.0176021
4.1762 0.0176113
4.18024 0.0176177
4.18422 0.0175642
4.18845 0.0177588
4.19236 0.0176367
4.19665 0.017894
4.20325 0.0204588
4.20678 0.0179348
4.20966 0.0167886
4.21402 0.0139164
4.21588 0.0198096
4.22005 0.0179275
4.22428 0.0181245
4.22828 0.0180963
4.232 0.0177831
4.2363 0.0180462
4.23643 0.0181746
4.24015 0.0178615
4.24406 0.0177394
4.24829 0.0179393
4.254 0.0196113
4.25817 0.0177292
4.2624 0.0179267
4.26618 0.0176762
4.27016 0.0176169
4.27423 0.0176539
4.27827 0.0176631
4.28231 0.0176695
4.28724 0.0185716
4.29237 0.0196649
4.2966 0.0178426
4.3007 0.0179117
4.30448 0.0176583
4.30974 0.0188829
4.31391 0.0138028
4.31416 0.0180931
4.31817 0.0180679
4.32202 0.0178801
4.32619 0.0180149
4.33003 0.0178272
4.33426 0.0180276
4.33811 0.0178428
4.33824 0.0179712
4.34395 0.0196466
4.34799 0.0176391
4.35216 0.0177768
4.35627 0.0178488
4.36044 0.0179865
4.36416 0.0176733
4.36808 0.0175542
4.37218 0.0176233
4.37628 0.0176953
4.38232 0.0196931
4.38636 0.0176827
4.39065 0.0179429
4.3945 0.0177552
4.39841 0.0176331
4.40379 0.0189802
4.40655 0.0177056
4.412 0.0191213
4.41385 0.0137499
4.41616 0.0180777
4.42023 0.0181151
4.42421 0.0180588
4.42854 0.018353
4.42867 0.0184814
4.43396 0.01974
4.438 0.0177325
4.44224 0.0179329
4.44609 0.0177481
4.45019 0.0178201
4.4543 0.0178951
4.45841 0.0179671
4.46264 0.0181675
4.46617 0.0176603
4.47213 0.0195895
4.47617 0.0175821
4.48041 0.0177825
4.48432 0.0176633
4.48842 0.0177295
4.49265 0.0179299
4.49637 0.0176138
4.5006 0.0178112
4.5047 0.0178803
4.5098 0.0189414
4.51387 0.013764
4.51412 0.0180544
4.51813 0.0180291
4.52435 0.0202122
4.52833 0.018139
4.53237 0.0181483
4.53641 0.0181576
4.54052 0.0182296
4.54449 0.0181732
4.54822 0.017863
4.55226 0.0178723
4.55637 0.0179443
4.56201 0.019557
4.56618 0.0176749
4.57028 0.017744
4.57426 0.0176876
4.5783 0.0176969
4.58234 0.0177032
4.58625 0.0175812
4.59074 0.0180325
4.59087 0.0181609
4.59446 0.0177164
4.60112 0.0203445
4.60503 0.0182027
4.60798 0.0171192
4.6149 0.014798
4.61516 0.0202667
4.61901 0.0189065
4.62426 0.0201282
4.62439 0.0202566
4.62811 0.0199434
4.63203 0.0198213
4.63671 0.0204726
4.64062 0.0203505
4.64492 0.0206166
4.64896 0.0206259
4.65487 0.0224953
4.65852 0.0201027
4.66289 0.0204315
4.66693 0.0204408
4.67065 0.0201276
4.67456 0.0200055
4.6786 0.0200148
4.68271 0.0200868
4.68701 0.0203529
4.69367 0.022981
4.69745 0.0207138
4.70105 0.0202722
4.70566 0.0208519
4.70957 0.0207299
4.71541 0.0225307
4.71765 0.0175445
4.71996 0.0218723
4.72426 0.0221383
4.72881 0.0226553
4.73324 0.0230497
4.7376 0.0233785
4.74222 0.0239641
4.74844 0.026156
4.75287 0.0245308
4.75704 0.0246684
4.76102 0.024615
4.76551 0.0250722
4.77 0.0255293
4.77359 0.0250848
4.77795 0.0254136
4.78193 0.0253602
4.78828 0.0276746
4.79239 0.0257328
4.79668 0.025993
4.80105 0.0263218
4.80547 0.0267133
4.80964 0.026848
4.81355 0.026726
4.84159 0.0293835
4.84172 0.0295119
4.84544 0.0271849
4.84968 0.0273882
4.85359 0.0272691
4.85738 0.0270216
4.86155 0.0271593
4.86552 0.0271029
4.86982 0.0273689
4.87354 0.0270558
4.87932 0.0287968
4.88362 0.0270461
4.88766 0.0270525
4.89157 0.0269304
4.89574 0.0270622
4.90003 0.0273254
4.90349 0.0267525
4.90728 0.026505
4.91177 0.0269592
4.92306 0.0229525
4.92511 0.0270235
4.93538 0.027205
4.9474 0.0271326
4.9551 0.026766
4.95523 0.0268944
4.95928 0.0269037
4.9637 0.0272952
4.96979 0.0293558
4.97736 0.0268411
4.98128 0.026722
4.98949 0.026866
4.99385 0.0271918
4.99763 0.0269414
5.00225 0.027527
5.00777 0.029017
5.01188 0.0270693
5.01585 0.0270129
5.02131 0.0284345
5.02317 0.023066
5.02509 0.0270086
5.03761 0.0274187
5.04145 0.0272339
5.05365 0.0273245
5.05936 0.0290028
5.06372 0.0273119
5.07142 0.0269453
5.07533 0.0268262
5.07963 0.0270923
5.08348 0.0269104
5.08765 0.0270481
5.0917 0.0270574
5.0976 0.0289269
5.10158 0.0268537
5.10588 0.0271198
5.10992 0.0271261
5.11389 0.0270663
5.11902 0.0281654
5.12724 0.027134
5.13141 0.0272687
5.14969 0.0294199
5.15361 0.027284
5.15752 0.0271649
5.16176 0.0273682
5.1658 0.0273746
5.16971 0.0272555
5.17337 0.0268796
5.17741 0.0268888
5.18145 0.0268981
5.18761 0.0290214
5.19569 0.0270144
5.20351 0.0267703
5.20762 0.0268423
5.21153 0.0267203
5.2293 0.0271766
5.23347 0.0273143
5.24739 0.0271199
5.25529 0.0269473
5.25952 0.0271506
5.26337 0.0269659
5.27184 0.0273637
5.27755 0.0290421
5.28146 0.0269062
5.28954 0.0269218
5.29378 0.0271252
5.29776 0.0270658
5.30212 0.0273946
5.30603 0.0272755
5.31001 0.0272191
5.31925 0.0263735
5.32319 0.0230904
5.33333 0.0271735
5.33782 0.0276307
5.3416 0.0273832
5.34943 0.027145
5.35739 0.0270322
5.36169 0.0272983
5.36766 0.0292334
5.37169 0.027223
5.37555 0.0270412
5.38357 0.0269941
5.38735 0.0267466
5.39159 0.026947
5.40563 0.0288889
5.41377 0.0269476
5.44742 0.0271491
5.4573 0.0289652
5.46154 0.0271517
5.46558 0.027161
5.46969 0.027233
5.47347 0.0269826
5.4736 0.027111
5.47707 0.026544
5.4813 0.0267444
5.48573 0.0271388
5.48938 0.02676
5.49611 0.0294537
5.49983 0.0271208
5.50335 0.0266136
5.50752 0.0267484
5.5158 0.026958
5.52327 0.0231677
5.53312 0.026963
5.54139 0.0271697
5.54736 0.0291049
5.55544 0.0271032
5.55955 0.0271781
5.5717 0.0272283
5.57536 0.0268524
5.58537 0.0287939
5.59011 0.0274852
5.59024 0.0276136
5.59364 0.0269809
5.59767 0.0269843
5.60216 0.0274415
5.60575 0.026997
5.60973 0.0269377
5.61371 0.0268813
5.62721 0.0271085
5.63814 0.0299739
5.64944 0.027149
5.65745 0.027096
5.66162 0.0272308
5.66566 0.0272401
5.66996 0.0275032
5.67528 0.0287934
5.67958 0.0270398
5.68343 0.0268579
5.68875 0.0281423
5.69176 0.0271215
5.69574 0.0270622
5.70073 0.0280271
5.70381 0.027072
5.70786 0.0270813
5.71671 0.0258505
5.72703 0.0289469
5.7353 0.0271339
5.73543 0.0272623
5.73915 0.0269462
5.74755 0.0272814
5.75153 0.027225
5.75563 0.027297
5.75967 0.0273033
5.76526 0.0288533
5.77693 0.0264106
5.77706 0.026539
5.7813 0.0267394
5.7861 0.0275131
5.78943 0.0268119
5.79354 0.0268839
5.79784 0.0271465
5.80361 0.0288817
5.80784 0.0270653
5.81675 0.027914
5.82182 0.028944
5.82323 0.0231247
5.82496 0.0268733
5.83336 0.0272055
5.84138 0.0271554
5.85542 0.0291003
5.86363 0.0272271
5.87171 0.0272427
5.87184 0.0273711
5.87563 0.0271236
5.87961 0.0270672
5.88352 0.0269481
5.88826 0.0276562
5.89426 0.0296195
5.89766 0.0269671
5.90221 0.027487
5.90587 0.0271111
5.90991 0.0271204
5.91382 0.0269983
5.9353 0.0271263
5.94946 0.0271769
5.9537 0.0273773
5.95736 0.0270014
5.96166 0.0272675
5.9657 0.0272768
5.97359 0.0270978
5.97757 0.0270444
5.98327 0.0287168
5.9875 0.0268975
5.99164 0.0270007
5.99581 0.0271325
6.00343 0.0266914
6.00729 0.0265124
6.01588 0.0270382
6.0212 0.0283284
6.02306 0.0229599
6.02499 0.0269026
6.03512 0.0289665
6.03525 0.0290949
6.03909 0.0268905
6.04313 0.0268968
6.04692 0.0266464
6.05166 0.0273603
6.05493 0.0265963
6.05879 0.0264145
6.06257 0.026167
6.06649 0.0260479
6.07188 0.0274038
6.07566 0.0251395
6.07925 0.024698
6.08323 0.0246416
6.08701 0.0243912
6.09086 0.0242064
6.09477 0.0240843
6.09843 0.0237085
6.10228 0.0235237
6.10812 0.0253275
6.11203 0.0231916
6.11533 0.0224558
6.11854 0.0184339
6.12078 0.0247099
6.12469 0.0225711
6.12879 0.0226401
6.13309 0.0229003
6.13674 0.0225215
6.14072 0.0224622
6.14116 0.0229101
6.14418 0.0218922
6.14796 0.0216418
6.15194 0.0215854
6.15675 0.0223621
6.16073 0.020289
6.16451 0.0200415
6.16785 0.0193431
6.17131 0.0187732
6.1749 0.0183316
6.17837 0.0177617
6.18228 0.0176362
6.18657 0.0178964
6.1924 0.0196973
6.19644 0.0176839
6.2008 0.0180068
6.20445 0.0176275
6.20984 0.0189804
6.2141 0.0139971
6.215 0.0189264
6.21798 0.017874
6.21811 0.0180024
6.22329 0.0191555
6.22695 0.0187796
6.23092 0.0187173
6.2347 0.0184669
6.2383 0.0180253
6.244 0.0196978
6.24798 0.0176247
6.25215 0.0177623
6.25632 0.0178971
6.26046 0.0180002
6.26418 0.017687
6.26822 0.0176963
6.2729 0.0183417
6.27624 0.0176463
6.28232 0.019701
6.28738 0.0187089
6.29084 0.018136
6.29456 0.0178199
6.29469 0.0179483
6.29847 0.0176979
6.30315 0.0183403
6.30668 0.017836
6.31203 0.0191539
6.31401 0.0139109
6.31632 0.0182386
6.32017 0.018048
6.3203 0.0181764
6.32427 0.0181171
6.3287 0.0185086
6.33434 0.0201154
6.33793 0.0176571
6.34235 0.0180486
6.34658 0.0182461
6.35018 0.0178074
6.35421 0.0178098
6.35845 0.0180102
6.3623 0.0178254
6.36615 0.0176407
6.37217 0.0196356
6.37628 0.0176908
6.38102 0.0183989
6.38429 0.0176349
6.38839 0.0177011
6.3925 0.0177731
6.39679 0.0180333
6.40083 0.0180367
6.40455 0.0177235
6.40987 0.0190137
6.41404 0.0139336
6.41429 0.018224
6.41795 0.0178422
6.42422 0.0200851
6.4282 0.018009
6.43249 0.0182692
6.43621 0.017956
6.44032 0.018028
6.44397 0.0176492
6.44807 0.0177183
6.45205 0.0176619
6.45641 0.0179878
6.46244 0.0199856
6.46622 0.0177184
6.47007 0.0175336
6.47431 0.017734
6.47825 0.017646
6.48287 0.0182257
6.48645 0.0177812
6.49043 0.0177219
6.49453 0.017791
6.50113 0.0203563
6.50126 0.0204847
6.50485 0.0180264
6.50742 0.0165577
6.51383 0.013723
6.51408 0.0191917
6.51421 0.0193201
6.51799 0.0178913
6.52318 0.0190438
6.52664 0.0184738
6.53151 0.0193103
6.53164 0.0194387
6.53536 0.0191226
6.53863 0.0183616
6.54274 0.0184336
6.54684 0.0185026
6.55204 0.0196645
6.55614 0.0177197
6.56044 0.0179829
6.56416 0.0176697
6.5682 0.017679
6.57218 0.0176197
6.57628 0.0176917
6.58026 0.0176353
6.5843 0.0176446
6.59071 0.0200188
6.59475 0.0180054
6.59846 0.0176893
6.59859 0.0178177
6.6032 0.0183945
6.60679 0.0179529
6.61218 0.0193059
6.61391 0.0138061
6.61638 0.0182934
6.62049 0.0183654
6.62491 0.0187569
6.62927 0.0190827
6.63302 0.0188007
6.63726 0.0190011
6.64264 0.020357
6.64688 0.0185406
6.65073 0.0183558
6.65438 0.01798
6.65856 0.0181176
6.66221 0.0177417
6.66619 0.0176854
6.67017 0.017626
6.67427 0.017698
6.68036 0.0197586
6.68428 0.0176228
6.68844 0.0177546
6.69261 0.0178893
6.6964 0.0176389
6.69684 0.0180867
6.70082 0.0180274
6.70454 0.0177143
6.71018 0.019324
6.71454 0.014435
6.71479 0.0187253
6.71845 0.0183495
6.72374 0.0196022
6.72701 0.0188412
6.73291 0.0207077
6.73766 0.0194019
6.74112 0.0188349
6.74517 0.0188442
6.74915 0.0187908
6.75267 0.0182865
6.75659 0.0181644
6.76056 0.0181081
6.76428 0.0177949
6.77025 0.0197242
6.77422 0.017651
6.77827 0.0176603
6.78237 0.0177323
6.78641 0.0177386
6.79077 0.0180645
6.79462 0.0178768
6.7984 0.0176263
6.8034 0.0185883
6.80352 0.0187167
6.80785 0.0190109
6.81221 0.01732
6.8142 0.0140937
6.81638 0.0182931
6.82241 0.020288
6.82616 0.0179921
6.83007 0.0178701
6.83444 0.0181989
6.83809 0.017823
6.84207 0.0177666
6.84605 0.0177132
6.85012 0.0177536
6.85423 0.0178285
6.86026 0.0198264
6.86462 0.0181325
6.86815 0.0176282
6.87225 0.0176973
6.8762 0.0176093
6.88024 0.0176186
6.88422 0.0175651
6.88832 0.0176313
6.89306 0.0183394
6.89851 0.0197551
6.90287 0.0180641
6.90691 0.0180705
6.91191 0.0190383
6.9139 0.0137953
6.91608 0.0179947
6.92019 0.0180667
6.92474 0.0185866
6.92936 0.0191692
6.92948 0.0192976
6.93321 0.0189874
6.93738 0.0191221
6.94135 0.0190657
6.94565 0.0193318
6.95111 0.0207533
6.95502 0.0186175
6.95926 0.0188179
6.96304 0.0185704
6.96683 0.0183199
6.97048 0.0179411
6.97439 0.017822
6.9785 0.017894
6.98241 0.0177749
6.98831 0.0196385
6.99286 0.0181387
6.99703 0.0182734
7.001 0.0182141
7.00531 0.0184832
7.01095 0.02009
7.01108 0.0202184
7.01544 0.0153323
7.01556 0.0194943
7.01569 0.0196227
7.01967 0.0195692
7.02474 0.0206027
7.02878 0.020612
7.03295 0.0207496
7.03802 0.0217831
7.04322 0.0229479
7.04777 0.021454
7.05195 0.0215916
7.05618 0.021792
7.06067 0.0222521
7.06484 0.0223864
7.06876 0.0222672
7.07286 0.0223393
7.07684 0.0222829
7.08306 0.0244743
7.08717 0.0225295
7.0873 0.0226579
7.09127 0.0226015
7.0914 0.0227299
7.0957 0.022993
7.09583 0.0231214
7.09968 0.0229366
7.10353 0.0227548
7.10834 0.0235286
7.11276 0.0239201
7.11808 0.0252103
7.12014 0.0200329
7.12258 0.0244891
7.12668 0.0245641
7.13117 0.0250183
7.13733 0.0271446
7.14201 0.0257761
7.14618 0.0259138
7.15074 0.0264366
7.15504 0.0267027
7.15921 0.0268403
7.16325 0.0268496
7.1773 0.0287945
7.18121 0.0266586
7.18545 0.026859
7.18968 0.0270565
7.1977 0.0270094
7.20585 0.0270907
7.21579 0.0289635
7.2231 0.0229969
7.229 0.028897
7.23336 0.027209
7.2495 0.0272116
7.25367 0.0273492
7.25758 0.0272301
7.26163 0.0272394
7.2674 0.0289805
7.27176 0.0272925
7.27189 0.0274209
7.27562 0.0271107
7.27959 0.0270543
7.28364 0.0270636
7.28819 0.0275806
7.29146 0.0268195
7.30582 0.0290839
7.31 0.0272048
7.31012 0.0273332
7.31404 0.0272111
7.33556 0.0273912
7.34377 0.0275323
7.34762 0.0273505
7.35173 0.0274225
7.35712 0.0287784
7.36135 0.026965
7.36572 0.0272938
7.37367 0.027181
7.37714 0.026614
7.38137 0.0268144
7.38561 0.0270177
7.38939 0.0267673
7.40401 0.0272717
7.4078 0.0270212
7.41197 0.0271589
7.41614 0.0272966
7.42313 0.0230272
7.42493 0.0268415
7.43782 0.0276338
7.44141 0.0271922
7.44719 0.0289333
7.45566 0.0273203
7.45957 0.0272012
7.46772 0.0272824
7.47548 0.0269756
7.47946 0.0269192
7.48549 0.0289171
7.49376 0.0271071
7.49774 0.0270478
7.50223 0.0275049
7.50588 0.0271261
7.51403 0.0272045
7.51916 0.0283036
7.52725 0.0271438
7.53125 0.0271156
7.5496 0.0273156
7.55743 0.0270745
7.56147 0.0270837
7.57559 0.0290972
7.57924 0.0267046
7.58354 0.0269706
7.58771 0.0271054
7.59162 0.0269833
7.59566 0.0269867
7.60409 0.027353
7.60775 0.0269771
7.61676 0.0259058
7.62145 0.026557
7.62158 0.0266854
7.62324 0.0231396
7.62709 0.0290081
7.6312 0.0270633
7.6355 0.0273294
7.63928 0.027079
7.6475 0.0272259
7.65167 0.0273636
7.65558 0.0272445
7.65963 0.0272538
7.66521 0.0288008
7.67002 0.0275607
7.67752 0.027
7.68169 0.0271377
7.68548 0.0268902
7.69753 0.0268436
7.70343 0.0287072
7.70779 0.0270192
7.71202 0.0272167
7.71587 0.0270319
7.72107 0.0281967
7.72325 0.0231477
7.72505 0.0269619
7.7414 0.0271843
7.74958 0.0272932
7.75542 0.0291
7.75972 0.0273493
7.77518 0.0266758
7.77954 0.0270046
7.78359 0.0270139
7.78756 0.0269575
7.79366 0.0290181
7.7977 0.0270077
7.80212 0.0273992
7.80604 0.0272801
7.81399 0.0271673
7.81899 0.0281351
7.82304 0.0229325
7.82721 0.0271037
7.83952 0.0273168
7.84523 0.0289922
7.84978 0.0274954
7.85376 0.027439
7.85755 0.0271915
7.86171 0.0273262
7.86589 0.0274639
7.8698 0.0273418
7.87365 0.0271571
7.87743 0.0269096
7.88352 0.0289672
7.88865 0.0280408
7.8916 0.0269573
7.90779 0.0270167
7.91202 0.0272171
7.92331 0.0232079
7.94755 0.0272825
7.95166 0.0273545
7.95557 0.0272324
7.96757 0.0271319
7.9736 0.0291268
7.97777 0.0272477
7.98155 0.0269973
7.98585 0.0272604
7.98976 0.0271354
7.98989 0.0272638
7.99778 0.0270854
8.00586 0.0271036
8.01573 0.026894
8.01945 0.0265779
8.02337 0.0232637
8.02523 0.0291574
8.02927 0.027147
8.03363 0.0274728
8.04139 0.027166
8.04966 0.0273757
8.05383 0.0275104
8.05736 0.0270062
8.06346 0.0290697
8.06763 0.0271906
8.0718 0.0273283
8.07565 0.0271464
8.08373 0.0271591
8.08771 0.0271027
8.09181 0.0271747
8.10156 0.028856
8.10573 0.0269769
8.11 0.0272084
8.11365 0.0268296
8.12753 0.0274238
8.13189 0.0277497
8.13522 0.0270513
8.1392 0.026992
8.14368 0.0274433
8.14727 0.0270018
8.15324 0.0269172
8.15741 0.0270549
8.1619 0.027512
8.16575 0.0273302
8.16973 0.0272738
8.17345 0.0269607
8.17736 0.0268415
8.18217 0.0276124
8.18537 0.0267856
8.19159 0.0289687
8.19582 0.0271489
8.20396 0.0272238
8.22128 0.0284047
8.22307 0.0229706
8.2293 0.0271763
8.23962 0.0294314
8.24346 0.0272269
8.24731 0.0270422
8.25161 0.0273053
8.25559 0.0272489
8.26001 0.0276434
8.26354 0.0271391
8.27528 0.0267788
8.28118 0.0286453
8.28561 0.0270201
8.28971 0.0270862
8.29407 0.027415
8.29452 0.0278629
8.29785 0.0271646
8.30221 0.0274904
8.30594 0.0271802
8.31409 0.0272615
8.32322 0.0231176
8.32912 0.0290176
8.33733 0.0271419
8.34143 0.027211
8.35355 0.0272295
8.35772 0.0273672
8.36176 0.0273765
8.36555 0.027129
8.37164 0.0271728
8.37562 0.0271164
8.37953 0.0269944
8.38357 0.0269978
8.3877 0.027098
8.38847 0.0278654
8.39168 0.0270416
8.40027 0.0275649
8.4004 0.0276933
8.41925 0.0283922
8.42322 0.023121
8.4355 0.0273291
8.44373 0.0274954
8.44688 0.0266059
8.45092 0.0266123
8.45624 0.0278996
8.4597 0.0253158
8.4633 0.0248743
8.4676 0.0251403
8.47106 0.0245704
8.47471 0.0241916
8.47818 0.0236216
8.48241 0.0238191
8.48587 0.0232462
8.48946 0.0228017
8.4958 0.0251103
8.49965 0.0229058
8.50285 0.0220761
8.50695 0.0221452
8.51151 0.0226651
8.51612 0.0232478
8.51785 0.0177509
8.52035 0.0222669
8.52426 0.0221419
8.52862 0.0224677
8.53291 0.0227279
8.53638 0.022158
8.54215 0.0238932
8.54574 0.0214349
8.54952 0.0211844
8.55337 0.0209996
8.5569 0.0204924
8.56071 0.020276
8.56418 0.0197061
8.56764 0.0191362
8.57123 0.0186946
8.57495 0.0183814
8.58073 0.0181028
8.58438 0.017724
8.58899 0.0183007
8.59245 0.0177308
8.59258 0.0178592
8.59675 0.017991
8.60117 0.0183766
8.6013 0.018505
8.6045 0.0176783
8.60992 0.0190624
8.6144 0.0143018
8.61562 0.0195506
8.61806 0.0179536
8.62337 0.0192379
8.62838 0.0202087
8.63274 0.0185178
8.63646 0.0182017
8.63658 0.01833
8.6403 0.0180169
8.64428 0.0179576
8.64441 0.018086
8.64813 0.0177728
8.6521 0.0177164
8.65608 0.01766
8.66044 0.0179888
8.66622 0.019727
8.67019 0.0176538
8.6743 0.0177258
8.67821 0.0176067
8.68257 0.0179296
8.68763 0.0189543
8.69058 0.0178708
8.695 0.0182594
8.69853 0.0177521
8.70282 0.0180094
8.70295 0.0181378
8.70763 0.0187861
8.71205 0.0171608
8.71391 0.0138062
8.71807 0.0199883
8.72249 0.0183572
8.72621 0.018044
8.73076 0.018561
8.73455 0.0183105
8.73817 0.0179001
8.74202 0.0177153
8.74638 0.0180382
8.75016 0.0177907
8.756 0.0195945
8.76036 0.0179036
8.76421 0.0177188
8.76844 0.0179192
8.77229 0.0177315
8.77626 0.0176751
8.78024 0.0176188
8.78441 0.0177564
8.78838 0.0176942
8.79287 0.0181484
8.79865 0.0178727
8.80268 0.0178761
8.80281 0.0180045
8.80666 0.0178198
8.80679 0.0179482
8.81205 0.0191727
8.81403 0.0139297
8.81622 0.0181291
8.82038 0.0182638
8.82468 0.0185299
8.82885 0.0186646
8.83257 0.0183544
8.8363 0.0180412
8.84027 0.0179849
8.84611 0.0197916
8.85006 0.0176868
8.8541 0.0176961
8.85827 0.0178303
8.86218 0.0177112
8.86622 0.0177176
8.87013 0.0175955
8.87418 0.0176048
8.87854 0.0179336
8.88438 0.0197403
8.88842 0.017727
8.89265 0.0179274
8.89663 0.017868
8.90054 0.017746
8.90451 0.0176867
8.9099 0.0190397
8.91393 0.0138312
8.91419 0.0181215
8.91797 0.0178705
8.9231 0.0189667
8.92669 0.0185246
8.93035 0.0181458
8.93606 0.0198212
8.94004 0.0177481
8.94401 0.0176912
8.94799 0.0176377
8.95223 0.0178411
8.95621 0.0177876
8.96025 0.0177969
8.96423 0.0177376
8.96827 0.0177469
8.97439 0.0198386
8.97831 0.0177027
8.98229 0.0176463
8.98722 0.0185484
8.99069 0.0179785
8.99466 0.0179192
8.99844 0.0176687
9.0028 0.0179917
9.00665 0.0178101
9.01204 0.0191631
9.01402 0.01392
9.01621 0.0181194
9.02025 0.0181258
9.02634 0.0201893
9.03019 0.0179848
9.03448 0.0182474
9.03801 0.0177432
9.04206 0.0177524
9.04617 0.0178274
9.05005 0.0176767
9.05435 0.0179427
9.05858 0.0181431
9.06474 0.0202664
9.06827 0.0177454
9.07212 0.0175606
9.07635 0.0177639
9.0804 0.0177732
9.08431 0.0176541
9.08835 0.0176605
9.09252 0.0177981
9.09644 0.017679
9.10048 0.0176854
9.10664 0.0177948
9.10991 0.0170308
9.11369 0.0135823
9.1159 0.0198296
9.12 0.0178849
9.12411 0.0179569
9.12841 0.01822
9.13213 0.0179098
9.13592 0.0176623
9.14015 0.0178627
9.14403 0.0177119
9.14814 0.0177869
9.15417 0.0197847
9.15802 0.0175803
9.16219 0.0177179
9.16616 0.0176586
9.1702 0.0176649
9.17428 0.0177053
9.17832 0.0177146
9.18236 0.017721
9.18249 0.0178494
9.18646 0.01779
9.19249 0.019785
9.19698 0.0182224
9.20083 0.0180347
9.20454 0.0177186
9.20987 0.0190089
9.2139 0.0138004
9.21416 0.0180907
9.21788 0.0177775
9.22199 0.0178495
9.22596 0.0177932
9.23007 0.0178622
9.23411 0.0178715
9.23809 0.0178151
9.24412 0.019813
9.2481 0.0177428
9.25195 0.0175609
9.25599 0.0175702
9.26029 0.0178363
9.26421 0.0177172
9.26812 0.0175981
9.27222 0.0176671
9.27627 0.0176764
9.2823 0.0196743
9.28634 0.0176638
9.29082 0.0181152
9.29448 0.0177363
9.29845 0.0176799
9.30371 0.0188987
9.30685 0.0180092
9.31268 0.0198101
9.3139 0.0137996
9.31647 0.0183842
9.32077 0.0186473
9.32532 0.0191672
9.32981 0.0196215
9.33591 0.021685
9.34001 0.0197402
9.34444 0.0201318
9.34874 0.0203978
9.35278 0.0204071
9.35682 0.0204164
9.36131 0.0208736
9.36548 0.0210112
9.36952 0.0210176
9.37581 0.0232693
9.37985 0.0212618
9.38389 0.0212681
9.38402 0.0213965
9.38825 0.0215969
9.39248 0.0217914
9.39684 0.0221202
9.40127 0.0225117
9.40563 0.0228347
9.41005 0.0232262
9.41588 0.025027
9.42069 0.0205884
9.42095 0.0248787
9.42467 0.0245685
9.43153 0.0273906
9.43615 0.0259594
9.44 0.0257746
9.44461 0.0263602
9.44924 0.0269487
9.4534 0.0270834
9.45751 0.0271554
9.46149 0.027102
9.46547 0.0270456
9.47176 0.0293002
9.47188 0.0294286
9.4756 0.0270987
9.48375 0.02718
9.48766 0.0270579
9.49164 0.0269986
9.50042 0.027716
9.50382 0.0270804
9.50991 0.029141
9.51383 0.0270022
9.51659 0.0257275
9.52326 0.0231554
9.53936 0.0271604
9.54732 0.0270506
9.55538 0.0270375
9.56147 0.0291011
9.56552 0.0270936
9.57738 0.0268617
9.58123 0.0266769
9.58566 0.0270714
9.58932 0.0266926
9.59374 0.0270841
9.60003 0.0293358
9.60374 0.0270029
9.60772 0.0269465
9.621 0.0281211
9.62279 0.0226869
9.62497 0.0268863
9.63773 0.0275473
9.64126 0.027043
9.65191 0.0296265
9.65583 0.0274906
9.65974 0.0273715
9.66385 0.0274435
9.67167 0.0272023
9.6718 0.0273307
9.67553 0.0270205
9.67976 0.0272209
9.68348 0.0269107
9.68977 0.0291624
9.69375 0.0270921
9.69766 0.0269701
9.7059 0.0271452
9.71379 0.0269668
9.71899 0.0281287
9.72335 0.0232455
9.72713 0.0270316
9.73131 0.0271692
9.73535 0.0271785
9.75364 0.0273158
9.75768 0.0273251
9.7614 0.0270149
9.76557 0.0271526
9.76987 0.0274186
9.77321 0.0267203
9.77943 0.0289093
9.78347 0.0269018
9.78764 0.0270365
9.79584 0.0271717
9.79995 0.0272437
9.80354 0.0268022
9.80778 0.0270026
9.81644 0.0275945
9.82311 0.0230027
9.83151 0.0293881
9.83914 0.0269391
9.84338 0.0271424
9.84729 0.0270233
9.85172 0.0274178
9.85551 0.0271703
9.85564 0.0272987
9.85974 0.0273736
9.86334 0.0269321
9.87001 0.0295689
9.8736 0.0271106
9.87751 0.0269915
9.88149 0.0269381
9.88579 0.0272041
9.8897 0.0270821
9.89759 0.0269036
9.90208 0.0273608
9.90221 0.0274892
9.90786 0.0291019
9.92113 0.0282597
9.92306 0.0229539
9.92498 0.0268965
9.92915 0.0270313
9.93322 0.0270687
9.93714 0.0269496
9.9413 0.0270843
9.94977 0.0274846
9.95362 0.0272999
9.95946 0.0291066
9.96338 0.0269707
9.96768 0.0272368
9.97184 0.0273715
9.97544 0.0269329
9.97954 0.0270049
9.98365 0.0270798
9.9875 0.0268951
9.99148 0.0268387
9.99757 0.0288993

