% time_sec delay_sec
1.18979 0.0891649
1.18979 0.0891649
1.28978 0.0891459
1.38985 0.0892175
1.48908 0.393134
1.48977 0.0891442
1.58987 0.089236
1.6898 0.089169
1.79004 0.0894113
1.7919 0.393278
1.88978 0.0891547
1.99051 0.28988
1.99472 0.092718
1.99516 0.0971995
1.9989 0.0969013
2.0904 0.184365
2.10271 0.0966821
2.10657 0.0965003
2.1108 0.0967007
2.1149 0.0967697
2.11503 0.0968981
2.11875 0.0965879
2.12541 0.099213
2.12926 0.0970085
2.1333 0.0970178
2.13702 0.0967017
2.141 0.0966453
2.1451 0.0967173
2.14933 0.0969177
2.15319 0.0967359
2.15729 0.0968079
2.16108 0.0965604
2.16749 0.0989434
2.17121 0.0966106
2.17525 0.0966199
2.17942 0.0967546
2.18321 0.0965071
2.1884 0.097666
2.19295 0.0909514
2.19353 0.097578
2.1966 0.0966229
2.20103 0.0970114
2.20462 0.0965669
2.20872 0.096639
2.21475 0.0986309
2.21879 0.0966235
2.22315 0.0969522
2.22687 0.096642
2.23091 0.0966454
2.23489 0.096592
2.23912 0.0967894
2.24323 0.0968644
2.24715 0.0967453
2.251 0.0965634
2.25716 0.0986897
2.2612 0.0966822
2.26543 0.0968826
2.26935 0.0967606
2.27326 0.0966385
2.27724 0.0965851
2.28128 0.0965943
2.28526 0.096538
2.29115 0.0984016
2.29481 0.0928108
2.29526 0.0972923
2.29885 0.0968478
2.29897 0.0969762
2.30481 0.0987741
2.30493 0.0989025
2.30891 0.0968264
2.31359 0.0974718
2.31403 0.0979197
2.31673 0.0965823
2.3209 0.096717
2.3252 0.0969831
2.32936 0.0971144
2.33302 0.0967385
2.33732 0.0970016
2.33745 0.09713
2.34117 0.0968169
2.34714 0.0967352
2.35105 0.0966161
2.35522 0.0967538
2.35914 0.0966347
2.36324 0.0967067
2.3676 0.0970355
2.37113 0.0965312
2.37524 0.0966032
2.37928 0.0966125
2.38551 0.0988044
2.38865 0.0958952
2.395 0.0929978
2.39538 0.0994332
2.39846 0.0964643
2.39859 0.0965927
2.40346 0.0974292
2.40718 0.097116
2.41141 0.0973105
2.41494 0.0968062
2.41879 0.0966209
2.42283 0.0966302
2.42706 0.0968306
2.43283 0.0985658
2.43732 0.0970062
2.44098 0.0966304
2.44515 0.096768
2.44926 0.096843
2.45324 0.0967895
2.45715 0.0966704
2.4612 0.0966797
2.46524 0.096689
2.46928 0.0966983
2.47531 0.0986961
2.47936 0.0966886
2.48314 0.0964411
2.48847 0.0977314
2.49264 0.0906374
2.4934 0.0974551
2.4968 0.0968195
2.50084 0.0968259
2.50456 0.0965098
2.50873 0.0966445
2.51296 0.0968449
2.51662 0.096469
2.52316 0.098977
2.5272 0.0969695
2.5315 0.0972297
2.53509 0.0967911
2.53901 0.096672
2.54298 0.0966156
2.54722 0.096816
2.551 0.0965685
2.5553 0.0968345
2.55909 0.096587
2.56525 0.0966965
2.56935 0.0967685
2.57346 0.0968405
2.57724 0.096593
2.58129 0.0966023
2.58526 0.0965459
2.59059 0.0978333
2.59475 0.0927561
2.59488 0.096918
2.59501 0.0970464
2.5986 0.0966048
2.60271 0.0966769
2.60656 0.0964921
2.61284 0.0987438
2.61669 0.0965452
2.6208 0.0966172
2.62093 0.0967456
2.62484 0.0966265
2.62901 0.0967612
2.63305 0.0967676
2.63725 0.0969363
2.64117 0.0968172
2.64508 0.0966981
2.65098 0.0985676
2.65522 0.0967512
2.65913 0.0966321
2.66324 0.0967041
2.6676 0.0970358
2.67107 0.0964659
2.6753 0.0966663
2.67928 0.0966099
2.68319 0.0964908
2.68858 0.0978467
2.69268 0.0906871
2.69281 0.0968658
2.6966 0.0966154
2.7032 0.0991866
2.70679 0.0967283
2.71083 0.0967346
2.71096 0.096863
2.71488 0.0967439
2.71917 0.097007
2.72322 0.0970163
2.72681 0.0965777
2.73117 0.0969035
2.73489 0.0965933
2.74131 0.0989734
2.74496 0.0965807
2.7492 0.0967841
2.75318 0.0967277
2.75722 0.096737
2.76107 0.0965551
2.76524 0.0966928
2.76935 0.0967648
2.77345 0.0968368
2.77731 0.096655
2.78321 0.0965077
2.78597 0.0952331
2.7927 0.090701
2.79328 0.098506
2.7968 0.0968234
2.80104 0.0970208
2.80462 0.0965763
2.80892 0.0968395
2.81277 0.0966547
2.81668 0.0965356
2.82063 0.0964476
2.8248 0.0965852
2.83211 0.0998611
2.83494 0.0966354
2.83898 0.0966447
2.84308 0.0967167
2.84719 0.0967916
2.85111 0.0966725
2.85534 0.0968729
2.85913 0.0966254
2.86323 0.0966974
2.86965 0.0990775
2.86977 0.0992059
2.87343 0.0968103
2.87734 0.0966912
2.88126 0.0965721
2.88517 0.096453
2.89056 0.097806
2.89466 0.0926661
2.89524 0.0972759
2.89851 0.0965119
2.90274 0.0967123
2.90679 0.0967216
2.91089 0.0967907
2.91487 0.0967343
2.92096 0.0987978
2.92494 0.0967246
2.92898 0.096731
2.93289 0.0966089
2.93751 0.0971945
2.94098 0.0966275
2.94502 0.0966368
2.94919 0.0967745
2.95311 0.0966553
2.95914 0.0986532
2.96331 0.0967741
2.96748 0.0969118
2.9712 0.0965986
2.97518 0.0965422
2.97928 0.0966142
2.98333 0.0966235
2.98859 0.097851
2.99263 0.0906287
2.99275 0.0968074
2.9966 0.0966226
3.00084 0.096823
3.00456 0.0965154
3.01091 0.0988328
3.01486 0.096728
3.01897 0.0968
3.02339 0.0971915
3.02673 0.0964961
3.0309 0.0966309
3.035 0.0967018
3.03904 0.0967082
3.04292 0.0965574
3.04889 0.0984926
3.05306 0.0966135
3.05717 0.0966855
3.06121 0.0966948
3.06526 0.096704
3.06936 0.0967761
3.07328 0.0966569
3.07726 0.0966035
3.08117 0.0964844
3.08515 0.0964309
3.09047 0.0957044
3.10466 0.0966111
3.10928 0.0971966
3.10941 0.097325
3.1128 0.0966894
3.11293 0.0968178
3.11678 0.096636
3.12096 0.0967736
3.12493 0.0967173
3.12897 0.0967236
3.13289 0.0966045
3.13898 0.0986651
3.14328 0.0969114
3.14706 0.0966634
3.15098 0.0965443
3.15509 0.0966193
3.159 0.0965002
3.1633 0.0967633
3.16734 0.0967726
3.17177 0.0971641
3.17729 0.0986513
3.1812 0.0965154
3.18537 0.0966531
3.19057 0.097815
3.19448 0.0924839
3.19506 0.0970938
3.19519 0.0972222
3.19846 0.0964611
3.20295 0.0969153
3.20692 0.096859
3.21084 0.0967369
3.21488 0.0967462
3.21879 0.0966271
3.22274 0.0965391
3.22896 0.0987281
3.23294 0.0966549
3.23743 0.0971121
3.23756 0.0972405
3.24102 0.0966735
3.245 0.0966171
3.24911 0.096692
3.25334 0.0968924
3.25713 0.0966449
3.26117 0.0966542
3.26727 0.0987177
3.27125 0.0966446
3.27522 0.0965882
3.27927 0.0965975
3.28318 0.0964784
3.28882 0.0980881
3.28895 0.0982165
3.2926 0.0906061
3.29286 0.0969132
3.29664 0.0966598
3.30094 0.0969229
3.30459 0.0965441
3.30889 0.0968072
3.3128 0.0966852
3.31883 0.0986796
3.32332 0.09712
3.32345 0.0972484
3.32723 0.0970009
3.33166 0.0973895
3.33499 0.0966941
3.33891 0.096572
3.34365 0.097283
3.34689 0.0964904
3.35106 0.096628
3.35716 0.0986886
3.36114 0.0966184
3.3653 0.0967526
3.36941 0.0968246
3.37332 0.0967026
3.37736 0.0967119
3.38128 0.0965927
3.38526 0.0965364
3.39054 0.0977891
3.39465 0.0926492
3.3949 0.0969395
3.39856 0.0965607
3.40273 0.0966954
3.40286 0.0968238
3.40921 0.0991412
3.41273 0.0966172
3.41684 0.0966922
3.42082 0.0966358
3.42492 0.0967078
3.42896 0.0967141
3.43294 0.0966548
3.43781 0.0974942
3.44089 0.0965391
3.44724 0.0988565
3.45153 0.0970999
3.45166 0.0972283
3.45513 0.0966583
3.4591 0.096602
3.45923 0.0967304
3.46334 0.0968024
3.46719 0.0966176
3.47148 0.0968807
3.47533 0.0966959
3.47937 0.0967023
3.48528 0.0985747
3.48931 0.0965584
3.49258 0.0966328
3.49501 0.093016
3.49912 0.0991354
3.50309 0.0970593
3.50694 0.0968716
3.51149 0.0973915
3.51476 0.0966305
3.51893 0.0967652
3.51906 0.0968936
3.52361 0.0974135
3.52752 0.0972914
3.53092 0.0966588
3.53766 0.0993554
3.54112 0.0967687
3.54529 0.0969035
3.54542 0.0970319
3.54894 0.0965246
3.5533 0.0968505
3.55715 0.0966657
3.55728 0.0967941
3.56119 0.096675
3.5653 0.096747
3.56928 0.0966906
3.57518 0.0985601
3.57922 0.0965497
3.58351 0.0968128
3.58883 0.0980972
3.59274 0.0907459
3.59287 0.0969246
3.59723 0.0972475
3.59736 0.0973759
3.60242 0.0984035
3.6046 0.0965526
3.60883 0.096753
3.61294 0.096825
3.61717 0.0970225
3.62095 0.0967721
3.62762 0.099406
3.63109 0.0968193
3.63513 0.0968256
3.63894 0.0966063
3.64362 0.0972546
3.64702 0.0966219
3.65132 0.096885
3.65145 0.0970134
3.65574 0.0972766
3.65902 0.0965155
3.66524 0.0987045
3.66934 0.0967597
3.67351 0.0968945
3.67364 0.0970228
3.67742 0.0967724
3.68128 0.0965906
3.6857 0.0969792
3.69063 0.0978813
3.6948 0.0928041
3.69493 0.096966
3.69506 0.0970944
3.69858 0.0965872
3.7032 0.0971669
3.70698 0.0969165
3.71083 0.0967283
3.71737 0.0992338
3.72179 0.0976056
3.72499 0.096776
3.72947 0.0972243
3.733 0.0967171
3.73704 0.0967235
3.74108 0.0967298
3.74512 0.0967391
3.74525 0.0968675
3.74916 0.0967425
3.75513 0.0986747
3.75929 0.0967927
3.76317 0.096639
3.76715 0.0965826
3.77119 0.0965889
3.77523 0.0965982
3.77927 0.0966046
3.78332 0.0966139
3.78844 0.0977071
3.79286 0.0908641
3.79331 0.0973623
3.79344 0.0974907
3.79696 0.0969835
3.80094 0.0969212
3.80683 0.0987848
3.81113 0.0970312
3.81466 0.0965239
3.81882 0.0966587
3.82293 0.0967277
3.82799 0.0977553
3.83094 0.0966718
3.83517 0.0968722
3.83889 0.0965591
3.84502 0.0986508
3.84931 0.0968971
3.84944 0.0970255
3.85316 0.0967124
3.8572 0.0967187
3.86163 0.0971102
3.86535 0.096797
3.86984 0.0972513
3.86996 0.0973797
3.87317 0.096553
3.87734 0.0966906
3.88324 0.0985572
3.88606 0.0953285
3.89074 0.0959739
3.89273 0.0907308
3.89715 0.0991865
3.90106 0.0970477
3.90465 0.0966032
3.90901 0.0969285
3.90914 0.0970569
3.91279 0.0966781
3.91324 0.097126
3.91728 0.0971323
3.92139 0.0972043
3.9251 0.0968877
3.92892 0.0966684
3.93501 0.098729
3.93899 0.0966558
3.94325 0.0968844
3.94707 0.096668
3.95111 0.0966773
3.95528 0.0968149
3.95913 0.0966302
3.96362 0.0970815
3.96753 0.0969624
3.97343 0.0988289
3.97734 0.096693
3.9817 0.0970189
3.98587 0.0971536
3.99074 0.0979901
3.99452 0.0925248
3.99478 0.0968151
3.99863 0.0966274
4.0033 0.0972698
4.0069 0.0968339
4.00703 0.0969623
4.01094 0.0968403
4.01485 0.0967182
4.01921 0.0970441
4.02476 0.098556
4.02905 0.0967994
4.03309 0.0968053
4.03713 0.0968116
4.04098 0.0966268
4.04508 0.0966988
4.04925 0.0968365
4.05336 0.0969056
4.05714 0.0966552
4.06352 0.0990007
4.06724 0.0966737
4.07115 0.0965516
4.07526 0.0966266
4.0793 0.0966359
4.08316 0.096454
4.08835 0.097613
4.09303 0.0970799
4.09316 0.0972083
4.10101 0.0969953
4.10447 0.0964254
4.10858 0.0964974
4.10871 0.0966258
4.11461 0.0984923
4.11897 0.0968044
4.12307 0.0968705
4.12682 0.0965884
4.13105 0.0967859
4.13506 0.0967606
4.13942 0.0970865
4.14365 0.0972839
4.14689 0.0964913
4.15337 0.0989341
4.15728 0.0967953
4.16132 0.0968016
4.1653 0.0967452
4.16991 0.0973279
4.17331 0.0966952
4.17723 0.0965761
4.18127 0.0965824
4.18576 0.0970396
4.19095 0.0981956
4.1946 0.0926019
4.19543 0.0974685
4.19556 0.0975969
4.19851 0.0965134
4.20466 0.0986303
4.20876 0.0966826
4.21325 0.0971369
4.21665 0.0965007
4.22146 0.0972745
4.22479 0.0965756
4.22924 0.0969953
4.2329 0.0966194
4.23694 0.0966258
4.24284 0.0984923
4.24708 0.0966754
4.25118 0.0967445
4.25522 0.0967503
4.25907 0.0965656
4.26368 0.0971453
4.26721 0.096641
4.27112 0.096516
4.27513 0.0964902
4.28141 0.0987419
4.28532 0.096606
4.28853 0.0957764
4.29468 0.092679
4.29493 0.098986
4.29852 0.0965248
4.29865 0.0966532
4.30371 0.0976808
4.30737 0.0973019
4.31089 0.0967947
4.31468 0.0965443
4.31932 0.097158
4.32285 0.0966508
4.3281 0.0978725
4.33292 0.0986521
4.33702 0.0967073
4.34094 0.0965882
4.34517 0.0967857
4.34902 0.0966038
4.35319 0.0967415
4.35723 0.0967479
4.36134 0.0968228
4.36525 0.0967008
4.37141 0.0988241
4.37154 0.0989525
4.37519 0.0965598
4.37936 0.0966945
4.37949 0.0968229
4.38321 0.0965127
4.38847 0.0977343
4.39289 0.0908943
4.39347 0.0975208
4.39655 0.0965657
4.40103 0.09702
4.40481 0.0967666
4.40943 0.0973492
4.41283 0.0967136
4.41655 0.0964005
4.42306 0.0988744
4.42668 0.0964501
4.43104 0.096776
4.43499 0.096688
4.43903 0.0966972
4.44352 0.0971515
4.44365 0.0972799
4.44711 0.0967129
4.45083 0.0963997
4.45533 0.0968598
4.4611 0.0986009
4.46527 0.0967159
4.46944 0.0968507
4.47328 0.0966659
4.47733 0.0966752
4.4813 0.0966188
4.48611 0.0973925
4.48624 0.0975209
4.49066 0.0979124
4.4947 0.0927039
4.49496 0.0969943
4.49509 0.0971227
4.49855 0.0965527
4.50323 0.0971981
4.50685 0.0967842
4.51284 0.0987445
4.51659 0.0964457
4.52063 0.096452
4.52473 0.0965182
4.52916 0.0969097
4.53301 0.0967279
4.53724 0.0969283
4.5409 0.0965524
4.54514 0.0967528
4.55098 0.0985595
4.55502 0.096552
4.55912 0.096624
4.56381 0.0972723
4.56759 0.0970248
4.5715 0.0968998
4.57529 0.0966523
4.57946 0.0967871
4.57958 0.0969155
4.58311 0.0964112
4.5885 0.0977612
4.59266 0.0906644
4.59343 0.0974821
4.59657 0.0965897
4.60323 0.0992177
4.60721 0.0971417
4.61125 0.097148
4.61516 0.097026
4.61529 0.0971544
4.61875 0.0965873
4.62337 0.09717
4.62414 0.0979374
4.6267 0.0964716
4.63113 0.0968602
4.63498 0.0966784
4.6412 0.0988644
4.64133 0.0989928
4.64505 0.0966658
4.64909 0.0966751
4.65326 0.0968128
4.65711 0.096628
4.66103 0.0965089
4.66533 0.096775
4.66937 0.0967813
4.67328 0.0966593
4.67925 0.0985944
4.68322 0.0965212
4.68592 0.0951839
4.69265 0.0906489
4.69341 0.098645
4.69675 0.0967683
4.70092 0.0969031
4.70457 0.0965213
4.70919 0.0971039
4.7129 0.0967878
4.71656 0.0964119
4.72099 0.0968035
4.72477 0.096556
4.73086 0.0986136
4.73497 0.0966688
4.73888 0.0965497
4.74318 0.0968129
4.74331 0.0969413
4.74716 0.0967594
4.75088 0.0964463
4.75531 0.0968407
4.75909 0.0965932
4.76295 0.0964114
4.76974 0.0991766
4.77333 0.0967154
4.77731 0.096659
4.78129 0.0966055
4.78514 0.0964208
4.79059 0.0978394
4.79482 0.092825
4.79553 0.0975632
4.79566 0.0976916
4.79848 0.0964826
4.80303 0.0969996
4.80701 0.0969432
4.81086 0.0967584
4.81458 0.0964453
4.82099 0.0988283
4.82491 0.0966924
4.82895 0.0966988
4.83293 0.0966424
4.83703 0.0967173
4.84101 0.0966609
4.84518 0.0967986
4.84903 0.0966168
4.85295 0.0964977
4.85917 0.0986896
4.86328 0.0967448
4.86719 0.0966257
4.87111 0.0965066
4.87521 0.0965786
4.87919 0.0965222
4.88323 0.0965315
4.88862 0.0978845
4.89259 0.0905965
4.89272 0.0967752
4.89663 0.0966531
4.90087 0.0968506
4.90452 0.0964718
4.91074 0.0986578
4.91087 0.0987862
4.91472 0.0965847
4.91882 0.0966567
4.92318 0.0969849
4.92665 0.0964179
4.93108 0.0968095
4.93486 0.096562
4.93897 0.096634
4.94301 0.0966432
4.94901 0.0986065
4.95324 0.0967931
4.95703 0.0965456
4.96107 0.0965549
4.96524 0.0966896
4.96967 0.0970811
4.97345 0.0968307
4.97723 0.0965832
4.98115 0.0964641
4.98583 0.0971153
4.99071 0.095938
4.99244 0.0904411
4.99462 0.0966543
5.0009 0.098906
5.00457 0.0965191
5.00937 0.0972929
5.01297 0.0968513
5.01675 0.0966038
5.0208 0.0966131
5.02484 0.0966224
5.02894 0.0966944
5.03286 0.0965753
5.03889 0.0985731
5.04331 0.0969479
5.04729 0.0968944
5.05108 0.0966469
5.05519 0.0967189
5.05923 0.0967282
5.06359 0.0970541
5.06725 0.0966782
5.07116 0.0965591
5.07726 0.0986226
5.08143 0.0967435
5.08515 0.0964333
5.09054 0.0977892
5.10305 0.0970209
5.10678 0.0967107
5.11088 0.0967797
5.11466 0.0965288
5.11877 0.0966008
5.12275 0.0965473
5.12897 0.0987363
5.13288 0.0965975
5.13718 0.0968636
5.14122 0.0968699
5.14488 0.096494
5.14911 0.0966974
5.15322 0.0967694
5.15701 0.0965219
5.16111 0.0965968
5.16721 0.0986574
5.17125 0.0966499
5.17523 0.0965935
5.17927 0.0966028
5.18319 0.0964837
5.18889 0.0981562
5.19261 0.0906114
5.19274 0.0967901
5.19646 0.0964769
5.20082 0.0968028
5.20454 0.0964896
5.20877 0.09669
5.21275 0.0966307
5.21858 0.0984345
5.22314 0.0969406
5.22686 0.0966304
5.23103 0.0967622
5.23475 0.0964519
5.23905 0.0967151
5.24328 0.0969155
5.24713 0.0967336
5.25105 0.0966145
5.25708 0.0986153
5.26106 0.0965451
5.26523 0.0966798
5.26978 0.0971997
5.27338 0.0967582
5.27729 0.0966391
5.28121 0.09652
5.28519 0.0964665
5.2907 0.0979479
5.29449 0.0924885
5.29506 0.0970983
5.29853 0.0965284
5.30263 0.0966004
5.30892 0.098855
5.31283 0.0967162
5.31655 0.096406
5.32069 0.0965091
5.32486 0.0966467
5.32881 0.0965558
5.33307 0.0967873
5.33769 0.0973729
5.34103 0.0966775
5.34693 0.0985469
5.35097 0.0965395
5.35514 0.0966742
5.35906 0.0965551
5.36323 0.0966928
5.36727 0.096702
5.37157 0.0969652
5.37529 0.0966549
5.37914 0.0964702
5.38511 0.0984053
5.38876 0.0960097
5.39242 0.0964722
5.39255 0.0966006
5.39454 0.0925389
5.39851 0.0985328
5.40338 0.0973525
5.40672 0.0966542
5.41095 0.0968516
5.41493 0.0967953
5.41871 0.0965478
5.42276 0.096557
5.42712 0.0968858
5.43135 0.0970833
5.43763 0.0993345
5.44123 0.0968761
5.44495 0.0965659
5.44909 0.096672
5.45326 0.0968096
5.45717 0.0966905
5.46115 0.0966371
5.46533 0.0967748
5.4693 0.0967184
5.47527 0.0986506
5.47925 0.0965774
5.48323 0.096524
5.48874 0.0980053
5.49265 0.0906546
5.49278 0.0968333
5.49707 0.0970906
5.50092 0.0969029
5.50444 0.0963956
5.50887 0.0967872
5.51285 0.0967308
5.51702 0.0968684
5.52083 0.0966521
5.52687 0.0986499
5.53142 0.0971501
5.53504 0.0967426
5.53883 0.0964922
5.54325 0.0968837
5.54697 0.0965735
5.55114 0.0967077
5.55506 0.0965886
5.55891 0.0964067
5.56532 0.0987868
5.56965 0.0970643
5.56978 0.0971927
5.57343 0.0968138
5.57735 0.0966947
5.58126 0.0965756
5.58511 0.0963909
5.59062 0.0978693
5.59447 0.0924726
5.59505 0.0970824
5.59844 0.0964468
5.60351 0.0974773
5.60672 0.0966506
5.61069 0.0965913
5.61082 0.0967197
5.61675 0.0986203
5.62092 0.0967412
5.62484 0.0966221
5.6292 0.0969479
5.63301 0.0967315
5.63789 0.0975709
5.63802 0.0976993
5.64109 0.0967442
5.64501 0.0966251
5.64905 0.0966344
5.6554 0.0989459
5.65918 0.0966816
5.65931 0.09681
5.66335 0.0968163
5.66752 0.096954
5.67111 0.0965125
5.67528 0.0966472
5.67945 0.0967819
5.6833 0.0966001
5.68958 0.0988459
5.69259 0.0905965
5.69272 0.0967752
5.69651 0.0965247
5.70112 0.0971044
5.70657 0.0985231
5.71081 0.0967067
5.71459 0.0964592
5.71902 0.0968507
5.71914 0.0969791
5.72376 0.0975617
5.72678 0.0965439
5.73082 0.0965502
5.7353 0.0970045
5.73889 0.09656
5.74499 0.0986206
5.74896 0.0965474
5.75326 0.0968106
5.75743 0.0969453
5.76109 0.0965694
5.76539 0.0968355
5.76943 0.0968418
5.7734 0.0967854
5.77719 0.0965379
5.78373 0.0990464
5.78623 0.0954953
5.79065 0.0958839
5.79251 0.0905154
5.79662 0.0986545
5.80174 0.0977304
5.80187 0.0978588
5.8045 0.0964558
5.80887 0.0967846
5.81297 0.0968566
5.81714 0.0969914
5.82169 0.0975078
5.82483 0.0966154
5.82881 0.096559
5.83496 0.0986794
5.83887 0.0965406
5.84298 0.0966126
5.84696 0.0965562
5.85087 0.0964342
5.85529 0.0968257
5.85895 0.0964464
5.86325 0.0967124
5.8671 0.0965276
5.87326 0.0986539
5.87736 0.0967091
5.88147 0.0967811
5.88519 0.096468
5.89067 0.0979148
5.89458 0.0925808
5.89496 0.0969995
5.89573 0.0977669
5.89843 0.0964296
5.90304 0.0970122
5.90651 0.0964452
5.91087 0.096774
5.91542 0.097291
5.91892 0.0967521
5.92478 0.0985841
5.92895 0.0967021
5.93305 0.0967682
5.93792 0.0976047
5.94094 0.0965869
5.94504 0.0966559
5.94889 0.0964712
5.9537 0.0972478
5.95697 0.0964868
5.96326 0.0987414
5.96724 0.0966678
5.97128 0.096677
5.97538 0.096749
5.97923 0.0965643
5.98314 0.0964422
5.98878 0.098049
5.99273 0.0907324
5.99286 0.0969111
5.99709 0.0971056
6.00125 0.0972374
6.00446 0.0964165
6.00857 0.0964885
6.01479 0.098674
6.01889 0.0967293
6.02274 0.0965445
6.02666 0.0964254
6.03191 0.097647
6.03525 0.0969487
6.03884 0.0965042
6.04288 0.0965106
6.04679 0.0963885
6.05359 0.0991538
6.05712 0.0966327
6.06123 0.0967077
6.06533 0.0967797
6.06937 0.096789
6.07335 0.0967326
6.0772 0.0965478
6.07733 0.0966762
6.08124 0.0965571
6.08509 0.0963723
6.09048 0.0977253
6.10446 0.098432
6.10863 0.09655
6.11309 0.0969726
6.11661 0.0964654
6.12104 0.096854
6.12482 0.0966035
6.12892 0.0966726
6.13322 0.0969328
6.13334 0.0970612
6.13687 0.096554
6.14283 0.0984832
6.14732 0.0969207
6.15117 0.0967359
6.1513 0.0968643
6.15508 0.0966139
6.15938 0.0968799
6.16323 0.0966952
6.16721 0.0966388
6.17118 0.0965824
6.17503 0.0963976
6.18131 0.0986464
6.1851 0.0963787
6.18856 0.0958029
6.19445 0.0924546
6.19471 0.0987616
6.19484 0.09889
6.19881 0.0968139
6.19894 0.0969423
6.20278 0.0967512
6.20721 0.0971427
6.2108 0.0967011
6.21538 0.0972492
6.22015 0.0979884
6.22355 0.0973499
6.22695 0.0967172
6.23291 0.0986435
6.23714 0.0968242
6.24093 0.0965767
6.2449 0.0965174
6.24888 0.096461
6.25356 0.0971093
6.25728 0.0967961
6.26123 0.0967081
6.26514 0.0965861
6.27123 0.0986467
6.27521 0.0965735
6.2795 0.0968337
6.28316 0.0964549
6.28847 0.0977363
6.2927 0.0907051
6.29315 0.0972033
6.29713 0.097144
6.30103 0.097019
6.30443 0.0963834
6.30886 0.0967749
6.31286 0.0967462
6.31658 0.096433
6.32311 0.0989327
6.32684 0.0966057
6.33107 0.0968002
6.33498 0.0966782
6.33883 0.0964934
6.34331 0.0969477
6.3471 0.0966972
6.35114 0.0967065
6.35127 0.0968349
6.35505 0.0965805
6.36121 0.0987067
6.36525 0.0966963
6.36942 0.0968311
6.37339 0.0967747
6.37352 0.0969031
6.37724 0.0965899
6.38141 0.0967217
6.3857 0.0969819
6.39045 0.0976929
6.39435 0.092356
6.39487 0.0969031
6.39865 0.0966527
6.40288 0.0968472
6.40711 0.0970476
6.41288 0.0987858
6.41666 0.0965156
6.42185 0.0976687
6.4248 0.0965822
6.42493 0.0967106
6.42961 0.097356
6.43326 0.0969771
6.43685 0.0965356
6.44096 0.0966076
6.44544 0.0970589
6.45102 0.0986059
6.45583 0.0973658
6.45904 0.0965391
6.46353 0.0969963
6.46712 0.0965548
6.4711 0.0964984
6.47521 0.0965704
6.47953 0.0968646
6.48338 0.0966769
6.48838 0.0976418
6.49267 0.0906762
6.49312 0.0971744
6.4969 0.096921
6.49703 0.0970494
6.50292 0.0989101
6.50703 0.0969653
6.51107 0.0969717
6.51472 0.0965929
6.51896 0.0967903
6.52357 0.0973666
6.52677 0.0965398
6.53164 0.0973763
6.53491 0.0966123
6.54101 0.0986729
6.54517 0.0967909
6.54928 0.0968599
6.55325 0.0968036
6.55749 0.097004
6.56108 0.0965624
6.56538 0.0968255
6.5698 0.097217
6.57314 0.0965187
6.57949 0.0988361
6.58327 0.0965718
6.58616 0.0954226
6.59295 0.0909534
6.5934 0.0986299
6.59353 0.0987583
6.59693 0.0969444
6.60211 0.0980974
6.60449 0.0964376
6.60897 0.0968919
6.61276 0.0966414
6.61288 0.0967698
6.61651 0.0963594
6.62074 0.0965598
6.62465 0.0964377
6.63132 0.0990716
6.63145 0.0992
6.63501 0.0967101
6.6388 0.0964626
6.64367 0.097302
6.64701 0.0966066
6.65098 0.0965502
6.65541 0.0969447
6.6592 0.0966972
6.66298 0.0964497
6.66978 0.099212
6.67324 0.0966253
6.67729 0.0966346
6.68114 0.0964498
6.68537 0.0966502
6.69069 0.0979375
6.69441 0.0924095
6.69466 0.0966998
6.6987 0.0967062
6.70287 0.096838
6.70697 0.09691
6.7071 0.0970384
6.71076 0.0966595
6.71089 0.0967879
6.71492 0.0967913
6.71505 0.0969197
6.72073 0.0985635
6.72489 0.0966786
6.72925 0.0970044
6.72938 0.0971328
6.73317 0.0968853
6.73766 0.0973395
6.74112 0.0967725
6.74504 0.0966534
6.74902 0.0966
6.75293 0.0964809
6.75909 0.0986042
6.76332 0.0967878
6.76704 0.0964747
6.77134 0.0967348
6.77146 0.0968632
6.77525 0.0966157
6.77923 0.0965594
6.78327 0.0965686
6.78846 0.0977276
6.79276 0.090762
6.79385 0.0978992
6.79673 0.096753
6.79686 0.0968814
6.80122 0.0972043
6.80442 0.0963746
6.81074 0.0986545
6.81118 0.0991024
6.81471 0.0965784
6.81894 0.0967788
6.82292 0.0967224
6.82706 0.0968285
6.83084 0.0965781
6.83495 0.0966501
6.83893 0.0965937
6.84284 0.0964746
6.8491 0.0986976
6.85333 0.0968842
6.85744 0.0969562
6.8611 0.0965803
6.86526 0.0967121
6.86943 0.0968468
6.87328 0.096662
6.87723 0.096574
6.88114 0.0964549
6.88589 0.0971689
6.89089 0.096117
6.89101 0.0962454
6.89249 0.0904888
6.89454 0.0965736
6.90095 0.0989508
6.90441 0.0963641
6.90909 0.0970094
6.91287 0.096759
6.91659 0.0964458
6.92083 0.0966462
6.92487 0.0966526
6.92948 0.0972352
6.93282 0.0965398
6.93879 0.098472
6.94334 0.0969751
6.94707 0.0966649
6.95098 0.0965458
6.95515 0.0966835
6.95913 0.0966271
6.96304 0.096508
6.96721 0.0966427
6.97099 0.0963923
6.97728 0.0986469
6.98113 0.0964454
6.98517 0.0964547
6.99081 0.0980585
6.99453 0.0925305
6.99479 0.0968208
6.99863 0.0966361
7.00254 0.0965111
7.00672 0.0966547
7.01082 0.0967208
7.01512 0.096984
7.0189 0.0967365
7.02282 0.0966174
7.02891 0.098678
7.03295 0.0966705
7.03764 0.0973188
7.0411 0.0967518
7.04489 0.0965043
7.04893 0.0965135
7.05336 0.096908
7.05721 0.0967232
7.06093 0.096413
7.06715 0.0986014
7.07106 0.0964626
7.0753 0.096663
7.07921 0.0965434
7.08319 0.09649
7.08858 0.0978459
7.09262 0.0966738
7.10058 0.0965611
7.10449 0.096442
7.10885 0.0967678
7.11289 0.0967742
7.11886 0.0987064
7.1227 0.0965048
7.12668 0.0964514
7.13066 0.0963921
7.13489 0.0965954
7.13887 0.096539
7.14291 0.0965454
7.14695 0.0965546
7.151 0.0965639
7.15709 0.0986274
7.16114 0.0966199
7.16511 0.0965636
7.1698 0.0972119
7.17332 0.0967046
7.17345 0.096833
7.1773 0.0966483
7.18134 0.0966575
7.18519 0.0964728
7.19071 0.0979541
7.19436 0.0923663
7.19462 0.0966567
7.19847 0.0964719
7.20245 0.0964155
7.20957 0.0995003
7.21296 0.0968479
7.21675 0.0966004
7.22079 0.0966097
7.22464 0.0964249
7.22887 0.0966224
7.23298 0.0966944
7.23779 0.0974711
7.24087 0.0965189
7.24713 0.0987419
7.25091 0.0964776
7.25534 0.0968721
7.25925 0.096753
7.26317 0.0966339
7.26715 0.0965775
7.27106 0.0964584
7.27536 0.0967244
7.27908 0.0964113
7.28518 0.0984748
7.28883 0.0960763
7.29242 0.0964731
7.29441 0.0924114
7.29839 0.0984053
7.30319 0.0971623
7.30659 0.0965296
7.31083 0.09673
7.31455 0.0964169
7.31872 0.0965516
7.3227 0.0964981
7.32706 0.0968269
7.33104 0.0967706
7.3371 0.0987995
7.34127 0.0969175
7.34493 0.0965416
7.34891 0.0964881
7.3532 0.0967513
7.35712 0.0966322
7.3611 0.0965787
7.3652 0.0966507
7.3695 0.0969168
7.37521 0.0985922
7.37919 0.0965191
7.38317 0.0964656
7.38849 0.0977559
7.38862 0.0978842
7.39304 0.0910471
7.39317 0.0972258
7.39695 0.0969724
7.40074 0.0967249
7.4044 0.096349
7.40882 0.0967405
7.41293 0.0968125
7.41652 0.0963739
7.42088 0.0967027
7.42101 0.0968311
7.42673 0.0985095
7.43077 0.096499
7.43468 0.0963799
7.43885 0.0965147
7.44346 0.0970973
7.44706 0.0966587
7.45104 0.0966023
7.45514 0.0966772
7.45906 0.0965581
7.46535 0.0988128
7.46964 0.0970591
7.46977 0.0971875
7.47336 0.096746
7.47734 0.0966896
7.48113 0.0964421
7.48536 0.0966425
7.49056 0.0978043
7.49447 0.0924704
7.4946 0.0966323
7.49472 0.0967607
7.49838 0.0963819
7.50249 0.0964539
7.50672 0.0966513
7.51076 0.0966577
7.51666 0.0985272
7.51679 0.0986555
7.5207 0.0965197
7.52487 0.0966573
7.5292 0.0969516
7.53298 0.0967011
7.53735 0.0970299
7.53747 0.0971583
7.54139 0.0970363
7.54485 0.0964693
7.54883 0.0964158
7.55589 0.0994379
7.5591 0.0965973
7.56327 0.096735
7.56718 0.0966159
7.57116 0.0965595
7.5752 0.0965658
7.57924 0.0965751
7.58316 0.096456
7.58854 0.097809
7.59278 0.0907778
7.59335 0.0974044
7.59656 0.0965776
7.6007 0.0966807
7.6066 0.0985473
7.61105 0.0969531
7.61458 0.0964488
7.61882 0.0966522
7.62337 0.0971721
7.62658 0.0963483
7.63081 0.0965487
7.63486 0.096558
7.6389 0.0965643
7.64506 0.0986906
7.64904 0.0966204
7.65321 0.096758
7.65712 0.0966389
7.66104 0.0965198
7.66521 0.0966545
7.66976 0.0971745
7.67341 0.0967956
7.67714 0.0964854
7.68323 0.0985489
7.68586 0.0951291
7.69048 0.0957118
7.6926 0.0906001
7.69676 0.0987989
7.7008 0.0967885
7.70446 0.0964097
7.70888 0.0968012
7.71286 0.0967419
7.71664 0.0964944
7.72069 0.0965037
7.72081 0.0966321
7.72479 0.0965757
7.7287 0.0964536
7.73486 0.0985799
7.73877 0.0964411
7.74275 0.0963842
7.74689 0.0964873
7.75112 0.0966877
7.75516 0.096697
7.75908 0.0965779
7.76312 0.0965871
7.76697 0.0964024
7.77326 0.0986541
7.77717 0.0965182
7.78108 0.0963991
7.78526 0.0965368
7.79051 0.0977613
7.79462 0.0926214
7.79488 0.0969118
7.79847 0.0964702
7.80264 0.0966049
7.80681 0.0967426
7.81085 0.096749
7.81463 0.0965015
7.81874 0.0965705
7.82509 0.0988908
7.829 0.096752
7.83285 0.0965672
7.83753 0.0972155
7.84112 0.096774
7.84497 0.0965892
7.84921 0.0967896
7.85318 0.0967332
7.8569 0.0964201
7.86326 0.0987374
7.8671 0.0965359
7.87108 0.0964795
7.87519 0.0965515
7.87923 0.0965579
7.88327 0.0965642
7.88339 0.0966926
7.88948 0.0987444
7.89237 0.0964198
7.89269 0.090689
7.89676 0.0967767
7.90086 0.0968458
7.90099 0.0969742
7.90439 0.0963415
7.90856 0.0964792
7.91529 0.0991759
7.91914 0.0969743
7.92261 0.0964073
7.92658 0.0963509
7.92671 0.0964793
7.93075 0.0964857
7.93511 0.0968115
7.93556 0.0972594
7.93877 0.0964327
7.94281 0.096439
7.94678 0.0963827
7.94691 0.096511
7.95358 0.0991479
7.95698 0.0964985
7.96103 0.0965078
7.9652 0.0966454
7.96943 0.0968458
7.97334 0.0967238
7.97347 0.0968522
7.97726 0.0966047
7.98142 0.0967394
7.98155 0.0968678
7.98521 0.096489
7.99053 0.0977763
7.99438 0.0923796
7.99527 0.0973089
7.99887 0.0968674
8.00451 0.0964659
8.009 0.0969231
8.01298 0.0968638
8.01663 0.0964849
8.02074 0.096554
8.02497 0.0967544
8.02888 0.0966324
8.03279 0.0965103
8.03722 0.0969018
8.04273 0.0983832
8.04684 0.0964384
8.05114 0.0967045
8.05505 0.0965824
8.05903 0.096529
8.0632 0.0966667
8.06712 0.0965476
8.07129 0.0966852
8.07501 0.096375
8.08123 0.098561
8.08136 0.0986894
8.08514 0.0964252
8.08854 0.0957896
8.10278 0.0967496
8.1065 0.0964394
8.11083 0.0967336
8.11513 0.0969938
8.11955 0.0973824
8.12327 0.0970663
8.1274 0.0971659
8.13291 0.0986473
8.13778 0.097467
8.14131 0.0969598
8.14144 0.0970882
8.14516 0.0967721
8.14888 0.0964589
8.15324 0.0967877
8.15702 0.0965402
8.16107 0.0965495
8.16524 0.0966872
8.17114 0.0985566
8.17518 0.0965462
8.17916 0.0964898
8.18351 0.0968128
8.1887 0.0979687
8.19236 0.0964145
8.19268 0.0906837
8.19691 0.0969309
8.20095 0.0969338
8.20448 0.0964295
8.20871 0.0966299
8.21288 0.0967647
8.21679 0.0966426
8.22333 0.0971314
8.22667 0.096436
8.23077 0.0965051
8.23468 0.096383
8.23879 0.0964521
8.24321 0.0968407
8.2468 0.0963991
8.2511 0.0966623
8.25494 0.0964775
8.26104 0.098541
8.26521 0.0966619
8.26945 0.0968623
8.2733 0.0966775
8.27727 0.0966212
8.28131 0.0966275
8.2851 0.0963771
8.29061 0.0978555
8.29439 0.0923932
8.29478 0.0968119
8.29882 0.0968182
8.30247 0.0964394
8.30857 0.0985029
8.3128 0.0966865
8.31694 0.0967896
8.32066 0.0964735
8.32476 0.0965456
8.32899 0.096743
8.3329 0.096621
8.3372 0.0968841
8.3413 0.0969532
8.34509 0.0967027
8.35118 0.0987599
8.35131 0.0988883
8.35503 0.0965583
8.35913 0.0966333
8.36324 0.0967053
8.36715 0.0965862
8.37107 0.0964671
8.37524 0.0966018
8.37915 0.0964797
8.38344 0.0967399
8.38873 0.0979927
8.39232 0.0963757
8.39437 0.0923767
8.39854 0.0985617
8.40271 0.0966768
8.40675 0.0966861
8.41079 0.0966924
8.41585 0.09772
8.4188 0.0966365
8.42335 0.0971535
8.42704 0.0968087
8.43076 0.0964926
8.43492 0.0966233
8.44098 0.0966297
8.44502 0.0966331
8.44931 0.0968962
8.45374 0.0972848
8.45701 0.0965237
8.46105 0.096533
8.46528 0.0967334
8.46946 0.0968711
8.47343 0.0968117
8.4792 0.0985528
8.48318 0.0964767
8.48869 0.0979522
8.49272 0.090727
8.49285 0.0969057
8.49689 0.0969091
8.50074 0.0967214
8.50445 0.0964053
8.50875 0.0966684
8.51317 0.097057
8.5133 0.0971854
8.51664 0.096487
8.52061 0.0964277
8.5267 0.0984824
8.53074 0.096472
8.53503 0.0967322
8.53516 0.0968606
8.53894 0.0966101
8.54305 0.0966792
8.54709 0.0966856
8.55087 0.0964351
8.55504 0.0965699
8.5594 0.0968986
8.56296 0.0964255
8.56937 0.0988056
8.5695 0.0989339
8.57328 0.0966667
8.57707 0.0964192
8.58124 0.096554
8.58566 0.0969426
8.59059 0.0978418
8.59444 0.0924422
8.5947 0.0967325
8.60021 0.098208
8.60283 0.096802
8.60729 0.0972246
8.61075 0.0966547
8.61665 0.0985154
8.62088 0.0966931
8.62479 0.0965711
8.62889 0.0966431
8.63312 0.0968405
8.63684 0.0965244
8.64069 0.0963397
8.64082 0.0964681
8.64479 0.0964087
8.64922 0.0968003
8.65287 0.0964244
8.65903 0.0965309
8.66384 0.0973076
8.66699 0.0964181
8.67122 0.0966185
8.6752 0.0965622
8.67949 0.0968253
8.68321 0.0965092
8.68885 0.0981101
8.69282 0.0908251
8.69359 0.0976428
8.69679 0.0968131
8.70115 0.097136
8.70667 0.0986174
8.71102 0.0969265
8.71564 0.0975062
8.71891 0.0967422
8.72275 0.0965515
8.7266 0.0963668
8.73115 0.0968837
8.73493 0.0966333
8.7392 0.0968619
8.73932 0.0969903
8.74541 0.0990479
8.74586 0.0994958
8.74913 0.096718
8.75324 0.09679
8.75709 0.0966052
8.76132 0.0968027
8.7653 0.0967463
8.76991 0.0973289
8.77312 0.0965022
8.77716 0.0965115
8.78127 0.0965835
8.78595 0.0972318
8.79063 0.0958604
8.79262 0.0906173
8.79698 0.0990132
8.80102 0.0970028
8.80448 0.0964328
8.80884 0.0967587
8.8132 0.0970845
8.81673 0.0965803
8.82077 0.0965866
8.82494 0.0967243
8.82898 0.0967306
8.83501 0.0987285
8.83886 0.0965269
8.84297 0.0966019
8.84714 0.0967396
8.85109 0.0966516
8.85526 0.0967892
8.85917 0.0966667
8.86327 0.0967387
8.86712 0.0965539
8.87116 0.0965602
8.87719 0.0965413
8.88117 0.096485
8.88611 0.09739
8.89041 0.0976532
8.89451 0.0925103
8.89476 0.0968006
8.89849 0.0964875
8.90297 0.0969417
8.90727 0.0972019
8.91073 0.096632
8.91458 0.0964443
8.91894 0.0967696
8.9249 0.0987018
8.92907 0.0968163
8.93311 0.0968256
8.93715 0.0968319
8.94138 0.0970323
8.94491 0.0965275
8.94902 0.0966025
8.95338 0.0969342
8.95717 0.0966867
8.96358 0.0990668
8.96711 0.0965457
8.97109 0.0964894
8.97516 0.0965297
8.97946 0.0967929
8.97959 0.0969213
8.98318 0.0964826
8.98838 0.0976416
8.99248 0.0965352
8.9928 0.0908044
8.99684 0.0968581
9.00158 0.0975662
9.00479 0.0967427
9.00883 0.096749
9.01467 0.0985499
9.01883 0.0966679
9.02275 0.0965488
9.02288 0.0966772
9.02673 0.0964953
9.03083 0.0965644
9.03474 0.0964418
9.03898 0.0966422
9.0391 0.0967706
9.04283 0.0964604
9.04694 0.0965353
9.05332 0.0988867
9.05717 0.0966852
9.0573 0.0968136
9.06108 0.0965661
9.06538 0.0968292
9.06968 0.0970923
9.07327 0.0966537
9.07712 0.0964719
9.08117 0.0964812
9.08521 0.0964905
9.0906 0.0978434
9.10439 0.098359
9.10888 0.0967965
9.10901 0.0969249
9.11324 0.0971224
9.11654 0.0963924
9.12065 0.0964644
9.12488 0.0966648
9.12892 0.0966712
9.1329 0.0966177
9.13669 0.0963702
9.14301 0.098656
9.14686 0.0964573
9.1509 0.0964666
9.15603 0.0975628
9.15917 0.0966734
9.16392 0.0973844
9.16706 0.0964949
9.1711 0.0965013
9.17531 0.0966701
9.17947 0.0968048
9.18608 0.0973592
9.18832 0.0955681
9.19448 0.0924795
9.19461 0.0986582
9.19473 0.0987866
9.19858 0.0965851
9.20307 0.0970364
9.20698 0.0969143
9.21102 0.0969207
9.21115 0.0970491
9.21467 0.0965419
9.21884 0.0966766
9.22314 0.0969397
9.22692 0.0966922
9.23315 0.0988812
9.23706 0.0967424
9.24097 0.0966233
9.24476 0.0963758
9.249 0.0965791
9.25323 0.0967824
9.25721 0.0967261
9.26106 0.0965442
9.2653 0.0967446
9.27113 0.0985484
9.27524 0.0966037
9.27934 0.0966757
9.28352 0.0968133
9.28851 0.0977782
9.28864 0.0979066
9.29281 0.0908127
9.29358 0.0976304
9.29685 0.0968693
9.30076 0.0967473
9.30448 0.0964282
9.3046 0.0965566
9.30903 0.0969481
9.31281 0.0966977
9.31294 0.0968261
9.3166 0.0964502
9.32295 0.0987646
9.3266 0.096372
9.33084 0.0965694
9.33482 0.096516
9.33892 0.096588
9.34296 0.0965943
9.34694 0.096538
9.35098 0.0965472
9.35522 0.0967506
9.36118 0.0986828
9.36523 0.0966753
9.36939 0.09681
9.37311 0.0964939
9.37722 0.0965689
9.38126 0.0965781
9.38543 0.0967129
9.39171 0.0989587
9.39434 0.0923438
9.3946 0.0966341
9.39473 0.0967625
9.39838 0.0963837
9.40287 0.0968379
9.40646 0.0963934
9.41313 0.0990274
9.41325 0.0991558
9.41678 0.0966347
9.42108 0.0968944
9.4248 0.0965842
9.43005 0.0978029
9.43307 0.096785
9.43743 0.0971109
9.44077 0.0964155
9.44487 0.0964875
9.45103 0.0986137
9.45514 0.096669
9.45931 0.0968067
9.4638 0.0972638
9.46714 0.0965684
9.47118 0.0965777
9.47522 0.0965841
9.4792 0.0965277
9.48311 0.0964086
9.48869 0.0979527
9.49228 0.0963327
9.49273 0.0907303
9.49632 0.0963391
9.50286 0.0988446
9.50684 0.0967715
9.51088 0.0967778
9.5146 0.0964647
9.5187 0.0965367
9.52268 0.0964832
9.52673 0.0964925
9.53102 0.0967556
9.53474 0.0964454
9.54116 0.0988255
9.54488 0.0964985
9.54886 0.0964451
9.55313 0.0966795
9.55692 0.096432
9.56122 0.0966981
9.56526 0.0967073
9.56949 0.0969077
9.5734 0.0967857
9.57918 0.0985268
9.58303 0.0963282
9.58579 0.0950535
9.59233 0.097562
9.59265 0.0906529
9.59682 0.0968379
9.60073 0.0967159
9.60439 0.096337
9.60888 0.0967942
9.61278 0.0966692
9.61663 0.0964845
9.621 0.0968132
9.62459 0.0963717
9.63138 0.099134
9.63485 0.0965502
9.63889 0.0965566
9.6428 0.0964375
9.64685 0.0964468
9.65095 0.0965188
9.65512 0.0966564
9.65923 0.0967284
9.66314 0.0966093
9.66981 0.0992462
9.67334 0.0967252
9.67739 0.0967344
9.68117 0.0964869
9.68515 0.0964335
9.69054 0.0977865
9.69445 0.0924555
9.6949 0.0969369
9.69503 0.0970653
9.69843 0.0964326
9.70244 0.0964073
9.70642 0.096351
9.71078 0.0966768
9.7109 0.0968052
9.71456 0.0964293
9.72066 0.0984899
9.72463 0.0964167
9.72893 0.0966828
9.73291 0.0966264
9.7374 0.0970836
9.74093 0.0965793
9.74478 0.0963945
9.74889 0.0964695
9.75312 0.0966728
9.75935 0.0988647
9.76326 0.0967289
9.76699 0.0964186
9.77103 0.0964279
9.7752 0.0965626
9.77905 0.0963779
9.78322 0.0965155
9.7888 0.0980596
9.79258 0.0905805
9.79335 0.0973982
9.79636 0.0963775
9.80078 0.096769
9.80444 0.0963931
9.81079 0.0987075
9.81458 0.0964433
9.81868 0.0965153
9.82323 0.0970352
9.8267 0.0964682
9.83093 0.0966656
9.83465 0.0963525
9.83889 0.0965529
9.84274 0.096371
9.8489 0.0984973
9.85326 0.0968122
9.85705 0.0965647
9.86109 0.096574
9.8652 0.096646
9.86975 0.0971659
9.87347 0.0968528
9.87726 0.0966053
9.88111 0.0964234
9.88579 0.0970747
9.8906 0.0958346
9.89253 0.0905288
9.89432 0.0963598
9.90074 0.0987399
9.9044 0.0963472
9.90946 0.0973778
9.91273 0.0966138
9.91286 0.0967422
9.91658 0.096429
9.92062 0.0964383
9.92498 0.0967671
9.92889 0.096645
9.93271 0.0964257
9.93893 0.0986147
9.94323 0.096861
9.94701 0.096613
9.95093 0.0964939
9.95503 0.0965659
9.95908 0.0965752
9.96325 0.0967129
9.96716 0.0965938
9.97101 0.096409
9.97743 0.098792
9.97756 0.0989204
9.98108 0.0963994
9.98519 0.0964743
9.99058 0.0978273
9.99449 0.0924963
9.99462 0.0966582
9.99475 0.0967866
9.9986 0.0966018

