% time_sec delay_sec
1.1806 0.0804361
1.1806 0.0804361
1.28058 0.0804171
1.38054 0.0803728
1.48075 0.0805793
1.48119 0.385041
1.58063 0.0804677
1.68054 0.0803696
1.78116 0.0809939
1.78347 0.38464
1.88053 0.0803637
1.98203 0.281199
1.98295 0.0827662
1.98596 0.087795
1.99003 0.0878284
2.08229 0.176053
2.09001 0.0878086
2.09521 0.0889704
2.09976 0.0894933
2.10438 0.0900788
2.10945 0.0911152
2.11477 0.0924025
2.1149 0.0925309
2.11952 0.0931194
2.12657 0.094113
2.13144 0.0949524
2.13638 0.0958545
2.141 0.0964401
2.146 0.0974108
2.15075 0.0981248
2.15473 0.0980713
2.15806 0.097373
2.16262 0.0978959
2.16961 0.100852
2.17256 0.097752
2.17673 0.0978896
2.18032 0.0974481
2.18481 0.0979053
2.1934 0.0932108
2.19378 0.0976295
2.19391 0.0977579
2.19788 0.0976986
2.20173 0.0975109
2.20186 0.0976393
2.20583 0.0975799
2.20994 0.0976519
2.21629 0.0999664
2.2202 0.0978305
2.22456 0.0981593
2.22924 0.0988046
2.23271 0.0982376
2.23701 0.0985008
2.24066 0.0981249
2.24477 0.0981998
2.24894 0.0983375
2.25279 0.0981557
2.25844 0.0997683
2.26293 0.0982088
2.26633 0.0975761
2.27082 0.0980303
2.27095 0.0981587
2.27493 0.0981023
2.27884 0.0979832
2.28731 0.098384
2.29154 0.0985815
2.29289 0.0926994
2.29564 0.0974722
2.29936 0.0971561
2.30634 0.100107
2.30968 0.0973915
2.31442 0.0980996
2.31808 0.0977237
2.32231 0.0979241
2.33052 0.0980647
2.33443 0.0979455
2.33847 0.0979519
2.34251 0.0979582
2.34842 0.0978139
2.35278 0.0981427
2.35657 0.0978952
2.36048 0.097776
2.36472 0.0979764
2.36921 0.0984336
2.38095 0.0980763
2.38724 0.100331
2.38993 0.0969739
2.39577 0.0996132
2.39955 0.0973489
2.40397 0.0977375
2.40769 0.0974243
2.41167 0.0973621
2.41628 0.0979471
2.42026 0.0978907
2.42039 0.0980191
2.42456 0.0981568
2.4286 0.0981631
2.43412 0.0996445
2.43841 0.0978908
2.4422 0.0976433
2.44682 0.0982318
2.45093 0.0983068
2.45504 0.0983817
2.45844 0.0977491
2.46261 0.0978867
2.46665 0.097896
2.4707 0.0979053
2.47673 0.0999032
2.48051 0.0976389
2.48456 0.0976482
2.49026 0.0993206
2.49327 0.093088
2.49379 0.0976351
2.50148 0.0972626
2.50603 0.0977796
2.50975 0.0974664
2.51424 0.0979236
2.51835 0.0979956
2.51848 0.098124
2.52444 0.100056
2.52867 0.0982363
2.53239 0.0979232
2.53637 0.0978697
2.54035 0.0978133
2.54426 0.0976913
2.5485 0.0978946
2.55254 0.0979039
2.5605 0.0977941
2.56615 0.09739
2.57481 0.0979819
2.57859 0.0977344
2.58289 0.0980005
2.58732 0.098392
2.59148 0.0985267
2.59277 0.092579
2.59552 0.0973547
2.5995 0.0972983
2.60393 0.0976898
2.6081 0.0978275
2.614 0.0996941
2.61804 0.0976866
2.62234 0.0979526
2.6267 0.0982814
2.63093 0.0984789
2.63421 0.0977178
2.63854 0.098015
2.64245 0.0978959
2.64637 0.0977768
2.65265 0.100028
2.65631 0.0976358
2.66048 0.0977735
2.66061 0.0979019
2.66478 0.0980395
2.67299 0.0981836
2.67671 0.0978733
2.68461 0.0976978
2.69038 0.099436
2.69775 0.0975656
2.70391 0.099686
2.70763 0.0973561
2.71186 0.0975565
2.71635 0.0980136
2.72007 0.0977005
2.72476 0.0983517
2.72873 0.0982953
2.73284 0.0983673
2.73669 0.0981855
2.74195 0.0994101
2.74638 0.0977878
2.75042 0.0977971
2.75446 0.0978063
2.75838 0.0976872
2.76268 0.0979533
2.7671 0.0983477
2.77076 0.0979718
2.77487 0.0980439
2.77878 0.0979247
2.78494 0.0980342
2.78751 0.0965656
2.79315 0.0929605
2.79353 0.0985575
2.79738 0.0971944
2.80129 0.0970724
2.80597 0.0977177
2.81418 0.0978617
2.82243 0.0980398
2.82673 0.0983058
2.83262 0.100169
2.83275 0.100298
2.83654 0.0980336
2.84007 0.0975293
2.84411 0.0975386
2.8486 0.0979987
2.85271 0.0980707
2.85656 0.0978859
2.87029 0.0995142
2.87458 0.0977606
2.87869 0.0978326
2.88273 0.0978419
2.88722 0.0982991
2.89171 0.0987562
2.89293 0.0927458
2.89941 0.0972054
2.90377 0.0975342
2.90769 0.0974151
2.91166 0.0973557
2.91628 0.0979413
2.9225 0.100133
2.92693 0.098508
2.93077 0.0983203
2.93456 0.0980728
2.93854 0.0980164
2.94265 0.0980913
2.94643 0.0978438
2.9506 0.0979815
2.96036 0.0996662
2.96414 0.0974019
2.97287 0.0980595
2.97299 0.0981879
2.97672 0.0978777
2.98018 0.0973077
2.98961 0.0986729
2.9975 0.0973161
3.00231 0.0980928
3.0063 0.098042
3.01181 0.0995262
3.02012 0.0977503
3.02455 0.0981418
3.02859 0.0981481
3.03269 0.0982191
3.03744 0.0989331
3.04058 0.0980436
3.04453 0.0979556
3.05037 0.0997623
3.05492 0.0982684
3.0582 0.0975074
3.06256 0.0978361
3.0666 0.0978454
3.07064 0.0978547
3.07482 0.0979924
3.07886 0.0980017
3.08284 0.0979482
3.08714 0.0982143
3.09163 0.0966547
3.10145 0.0992464
3.10607 0.0978181
3.11005 0.0977617
3.11396 0.0976397
3.118 0.097649
3.12301 0.0986197
3.12666 0.0982438
3.1309 0.0984442
3.13443 0.0979399
3.14007 0.0995497
3.14379 0.0972198
3.15252 0.0978797
3.15656 0.097889
3.16035 0.0976415
3.16445 0.0977135
3.17266 0.0978576
3.17863 0.0997927
3.1828 0.0979136
3.18717 0.0982424
3.19172 0.0987652
3.19602 0.09785
3.20025 0.0980504
3.20372 0.0974804
3.20757 0.0972957
3.21616 0.0978248
3.22043 0.0980563
3.22473 0.0983224
3.23056 0.100126
3.23409 0.0976052
3.23833 0.0978056
3.24211 0.0975581
3.24654 0.0979525
3.25065 0.0980275
3.25476 0.0980995
3.26855 0.0997964
3.27291 0.0981055
3.27651 0.0976668
3.28016 0.097291
3.28446 0.097557
3.28972 0.0987816
3.29344 0.0932507
3.29747 0.0972876
3.30158 0.0973596
3.30594 0.0976855
3.30972 0.097435
3.3144 0.0980828
3.32011 0.0997582
3.32409 0.0976851
3.32851 0.0980766
3.3323 0.0978262
3.3366 0.0980922
3.34025 0.0977134
3.34403 0.097463
3.34416 0.0975913
3.3483 0.0976974
3.35228 0.097641
3.35767 0.0989969
3.36197 0.0972462
3.36607 0.0973177
3.37024 0.0974524
3.37435 0.0975244
3.37833 0.0974681
3.38262 0.0977341
3.38718 0.098254
3.39118 0.0982258
3.39227 0.092087
3.39529 0.0971195
3.39894 0.0967406
3.40324 0.0970038
3.40921 0.098936
3.41325 0.0969255
3.41767 0.09732
3.42223 0.0978428
3.42653 0.0981059
3.42666 0.0982343
3.42973 0.0972792
3.43396 0.0974767
3.43807 0.0975458
3.4414 0.0968474
3.4475 0.098908
3.45179 0.0971514
3.455 0.0963247
3.45897 0.0962683
3.46269 0.0959552
3.46667 0.0958988
3.47039 0.0955856
3.47443 0.095592
3.4779 0.095022
3.48335 0.0964436
3.48598 0.0930238
3.49021 0.0900203
3.49059 0.094439
3.49585 0.0956606
3.49924 0.0930083
3.50309 0.0928205
3.50681 0.0925044
3.51072 0.0923853
3.51489 0.0925201
3.51893 0.0925264
3.52387 0.0934315
3.52778 0.0933094
3.53278 0.0942772
3.53663 0.0920757
3.54112 0.0925299
3.54529 0.0926647
3.54939 0.0927338
3.55317 0.0924833
3.55715 0.0924269
3.56106 0.0923078
3.56504 0.0922514
3.57043 0.0936074
3.57364 0.0907639
3.57832 0.0914122
3.583 0.0920605
3.58646 0.0862757
3.58672 0.090566
3.58717 0.0910139
3.59031 0.0901215
3.59377 0.089551
3.59832 0.0900651
3.60293 0.0906448
3.60306 0.0907732
3.60595 0.0896269
3.61069 0.0903409
3.61474 0.0903502
3.62108 0.0926617
3.62487 0.0903945
3.62987 0.0913623
3.63327 0.0907267
3.63734 0.0907641
3.64189 0.0912869
3.646 0.091356
3.64997 0.0912996
3.65382 0.0911149
3.65876 0.0920199
3.66351 0.0907171
3.66748 0.0906607
3.67101 0.0901565
3.67524 0.0903539
3.67922 0.0902976
3.68416 0.0912026
3.68499 0.084807
3.68833 0.0901561
3.6923 0.0900997
3.69602 0.0897836
3.70172 0.0914531
3.7048 0.090498
3.71096 0.0926179
3.71544 0.0910553
3.71557 0.0911837
3.72032 0.0918947
3.72473 0.0922804
3.72973 0.0932423
3.73351 0.0929919
3.73755 0.0929982
3.74236 0.0937749
3.74666 0.094038
3.74679 0.0941664
3.75243 0.0957732
3.7566 0.0938942
3.76073 0.0939943
3.76446 0.0936841
3.76837 0.0935621
3.77267 0.0938252
3.77671 0.0938345
3.78056 0.0936497
3.7862 0.0952594
3.78985 0.0896628
3.79023 0.0940815
3.79414 0.0939566
3.79793 0.0937061
3.80356 0.09531
3.80773 0.093428
3.81177 0.0934343
3.81632 0.0939542
3.82107 0.0946623
3.826 0.0955645
3.83004 0.0955679
3.83447 0.0959623
3.83851 0.0959687
3.84489 0.0983171
3.84944 0.0968203
3.854 0.0973402
3.85746 0.0967702
3.86176 0.0970334
3.86188 0.0971617
3.86612 0.0973621
3.87035 0.0975596
3.87446 0.0976316
3.87875 0.0978947
3.88376 0.0988655
3.88722 0.0962758
3.88735 0.0964042
3.89151 0.096539
3.89241 0.0922228
3.89728 0.0991096
3.89741 0.099238
3.90119 0.0969708
3.90593 0.0976784
3.90952 0.0972368
3.91382 0.097497
3.91395 0.0976254
3.91799 0.0976317
3.91811 0.0977601
3.92235 0.0979605
3.92655 0.0981259
3.93026 0.0978098
3.93623 0.099742
3.93995 0.097412
3.94389 0.0973211
3.94822 0.0976182
3.95233 0.0976903
3.95624 0.0975711
3.95984 0.0971296
3.95996 0.097258
3.96413 0.0973898
3.96804 0.0972707
3.97343 0.0986236
3.97722 0.0963594
3.98158 0.0966852
3.98562 0.0966916
3.98574 0.09682
3.99004 0.0970802
3.99106 0.0908757
3.99395 0.0957768
3.9976 0.095395
4.00279 0.096551
4.00562 0.0953477
4.00979 0.0954824
4.01434 0.0959994
4.01908 0.0967104
4.01921 0.0968388
4.02463 0.0982224
4.02879 0.0963374
4.03322 0.0967284
4.03726 0.0967348
4.04098 0.0964216
4.04585 0.0972639
4.04996 0.0973359
4.05432 0.0976618
4.05765 0.0969635
4.06339 0.098667
4.0675 0.0967252
4.07102 0.096218
4.07475 0.0959078
4.07879 0.0959171
4.08264 0.0957352
4.08796 0.0970225
4.09858 0.0943566
4.10293 0.0946795
4.10685 0.0945604
4.11211 0.0957879
4.11679 0.0944194
4.1223 0.0958949
4.12605 0.0956128
4.13002 0.0955535
4.13448 0.0959791
4.13827 0.0957286
4.14352 0.0969503
4.14747 0.0968623
4.15324 0.0986004
4.15632 0.0956286
4.16093 0.0962112
4.1644 0.0956412
4.16889 0.0960984
4.17254 0.0957196
4.17633 0.0954721
4.18011 0.0952217
4.18422 0.0952966
4.18883 0.0958763
4.19024 0.090057
4.19306 0.0948954
4.19678 0.0945764
4.20325 0.0970128
4.20678 0.0944888
4.21088 0.0945608
4.21505 0.0946926
4.21941 0.0950179
4.22402 0.0956001
4.22828 0.0958286
4.2329 0.0964142
4.23694 0.0964205
4.24329 0.098735
4.24746 0.0968554
4.25169 0.0970528
4.25547 0.0968019
4.25964 0.0969366
4.26406 0.0973252
4.26791 0.0971404
4.27182 0.0970154
4.27577 0.0969269
4.28154 0.098665
4.28167 0.0987934
4.28712 0.0981924
4.28879 0.0958279
4.29173 0.0915434
4.29436 0.0982045
4.29827 0.0960628
4.30346 0.0972187
4.30358 0.0973471
4.30724 0.0969683
4.30737 0.0970967
4.31089 0.0965895
4.31532 0.096981
4.31958 0.0972096
4.32426 0.0978549
4.32862 0.0981808
4.33414 0.0996651
4.33824 0.0977203
4.34645 0.0978643
4.35062 0.098002
4.35505 0.0983965
4.35852 0.0978265
4.36256 0.0978358
4.36666 0.0979078
4.37218 0.0993892
4.3768 0.097958
4.38065 0.0977732
4.38495 0.0980393
4.39026 0.0993236
4.39321 0.0930253
4.39373 0.0975724
4.39745 0.0972592
4.40168 0.0974567
4.40603 0.0977796
4.41424 0.0979177
4.41853 0.0981809
4.42421 0.0998247
4.42893 0.0984873
4.43261 0.0981425
4.43685 0.0983429
4.44012 0.0975818
4.44429 0.0977166
4.4484 0.0977915
4.4525 0.0978635
4.45642 0.0977444
4.4629 0.10019
4.46604 0.097281
4.47021 0.0974158
4.47457 0.0977445
4.47867 0.0978166
4.48265 0.0977602
4.48765 0.098725
4.49169 0.0987343
4.49599 0.0978161
4.49977 0.0975657
4.504 0.0977632
4.5082 0.0979255
4.51438 0.100077
4.51826 0.0979066
4.52345 0.0990626
4.52685 0.0984299
4.5307 0.0982451
4.53461 0.098126
4.53859 0.0980696
4.54276 0.0982073
4.54629 0.097703
4.55297 0.100343
4.55649 0.0978218
4.56021 0.0975086
4.56034 0.097637
4.56464 0.0979001
4.56932 0.0985484
4.57259 0.0977844
4.57676 0.0979221
4.58035 0.0974806
4.58529 0.0983856
4.59048 0.0995416
4.59772 0.097537
4.60426 0.100037
4.60746 0.0971932
4.61189 0.0975847
4.61631 0.0979762
4.6201 0.0977287
4.62478 0.0983741
4.62491 0.0985025
4.62863 0.0981893
4.6328 0.098324
4.63671 0.0982049
4.64197 0.0994295
4.6464 0.0978072
4.65063 0.0980105
4.65487 0.0982109
4.65852 0.097835
4.6625 0.0977787
4.6668 0.0980447
4.67065 0.09786
4.67469 0.0978663
4.67976 0.0989027
4.68476 0.0978567
4.68739 0.0964537
4.69329 0.0930995
4.69393 0.0989533
4.69745 0.0972678
4.70175 0.0975309
4.70592 0.0976627
4.70996 0.097669
4.71432 0.0979949
4.71842 0.0980639
4.72246 0.0980732
4.72759 0.0991694
4.72772 0.0992978
4.7324 0.099949
4.73683 0.0983238
4.74023 0.0976911
4.74036 0.0978195
4.74408 0.0975063
4.7487 0.0980948
4.75274 0.0981012
4.75665 0.0979821
4.76051 0.0978002
4.76448 0.0977439
4.76461 0.0978723
4.77039 0.0996133
4.77462 0.097794
4.77834 0.0974809
4.78264 0.0977469
4.78706 0.0981384
4.78751 0.0985863
4.79162 0.0986613
4.79617 0.0979999
4.80015 0.0979435
4.80804 0.0977651
4.81208 0.0977714
4.81644 0.0981002
4.82241 0.100035
4.83094 0.0984821
4.83434 0.0978494
4.83844 0.0979214
4.84249 0.0979307
4.84659 0.0980057
4.8507 0.0980806
4.85475 0.0980899
4.86026 0.0995742
4.86848 0.0977044
4.8729 0.0980959
4.8765 0.0976573
4.88073 0.0978577
4.89029 0.0993454
4.89356 0.097403
4.8976 0.0974094
4.9024 0.0981831
4.90599 0.0977415
4.91202 0.0997365
4.91619 0.0978544
4.9203 0.0979259
4.92421 0.0978068
4.92857 0.0981356
4.93255 0.0980792
4.9364 0.0978974
4.94051 0.0979694
4.94429 0.097719
4.95055 0.099942
4.95498 0.0983197
4.95812 0.0974302
4.96261 0.0978874
4.96274 0.0980158
4.96659 0.097831
4.97044 0.0976462
4.97486 0.0980377
4.97845 0.0975962
4.97858 0.0977246
4.98269 0.0977995
4.9875 0.0985762
4.99173 0.0967598
4.99308 0.0928916
4.99558 0.0974105
5.00129 0.099086
5.0063 0.0980457
5.00989 0.0976012
5.01412 0.0978016
5.0181 0.0977452
5.02259 0.0982053
5.031 0.0985434
5.03466 0.0981675
5.04024 0.0997145
5.04408 0.097513
5.04832 0.0977163
5.05249 0.097851
5.05628 0.0976035
5.06006 0.097356
5.06449 0.0977476
5.06814 0.0973717
5.07232 0.0975093
5.07873 0.0998924
5.08271 0.0978221
5.08656 0.0976403
5.09183 0.0988678
5.09946 0.0972572
5.10742 0.0971474
5.11197 0.0976643
5.12044 0.0980646
5.12461 0.0982023
5.13102 0.100582
5.13115 0.100711
5.13442 0.0979329
5.13814 0.0976198
5.14629 0.0977011
5.15072 0.0980955
5.15463 0.0979764
5.15829 0.0976005
5.16278 0.0980577
5.16291 0.0981861
5.16772 0.0989657
5.1726 0.0977913
5.17664 0.0978006
5.1803 0.0974247
5.18473 0.0978191
5.1903 0.0993603
5.1978 0.0976183
5.20236 0.0981353
5.2064 0.0981446
5.21441 0.0980945
5.22012 0.0997699
5.2243 0.0978908
5.22891 0.0984735
5.23244 0.0979692
5.23616 0.097659
5.24027 0.097728
5.24431 0.0977373
5.24855 0.0979407
5.25259 0.0979499
5.25849 0.0998223
5.26299 0.0982628
5.26658 0.0978212
5.27017 0.0973797
5.27453 0.0977084
5.27851 0.0976521
5.283 0.0981122
5.28724 0.0983126
5.29198 0.0990265
5.29602 0.0978545
5.31027 0.0999964
5.31437 0.0980516
5.31803 0.0976757
5.32249 0.0981013
5.33108 0.098627
5.33435 0.097866
5.33859 0.0980664
5.34237 0.0978189
5.3486 0.100011
5.35322 0.0985766
5.35636 0.0976872
5.36002 0.0973113
5.36464 0.0978998
5.36868 0.0979091
5.37285 0.0980438
5.37657 0.0977336
5.38068 0.0978056
5.38722 0.100317
5.38735 0.100445
5.38992 0.09696
5.39396 0.0978076
5.39948 0.099289
5.40377 0.0975324
5.40749 0.0972193
5.41178 0.0974795
5.41608 0.0977455
5.42025 0.0978832
5.42436 0.0979552
5.42872 0.098284
5.43244 0.0979674
5.4386 0.100091
5.442 0.0974412
5.44626 0.0976757
5.45076 0.0981358
5.45499 0.0983362
5.45859 0.0978976
5.46282 0.0981009
5.46693 0.0981729
5.47059 0.097797
5.47655 0.0997292
5.48066 0.0977845
5.48451 0.0976026
5.49028 0.0993378
5.49368 0.0934903
5.49425 0.0981001
5.49765 0.0974616
5.49778 0.09759
5.5022 0.0979786
5.50605 0.0977938
5.51002 0.0977374
5.51426 0.0979378
5.51836 0.0980098
5.5225 0.0981159
5.52847 0.100045
5.52859 0.100174
5.53222 0.0977463
5.53652 0.0980124
5.53992 0.0973768
5.54389 0.0973204
5.54845 0.0978427
5.55249 0.097849
5.55634 0.0976672
5.56051 0.0978049
5.56545 0.09871
5.56991 0.0971158
5.57003 0.0972442
5.57382 0.0969938
5.57805 0.0971942
5.57818 0.0973226
5.58222 0.0973318
5.58703 0.0981085
5.59114 0.0981776
5.59248 0.0922955
5.59518 0.0970056
5.5953 0.097134
5.59896 0.0967551
5.60364 0.0974005
5.60749 0.0972157
5.61146 0.0971564
5.61727 0.0989286
5.62208 0.0976914
5.62644 0.0980202
5.62945 0.0969994
5.63378 0.0972966
5.63827 0.0977509
5.64161 0.0970525
5.64616 0.0975754
5.65014 0.097519
5.65514 0.0984838
5.65918 0.0964764
5.66309 0.0963543
5.66618 0.0954021
5.67009 0.0952801
5.674 0.095158
5.6781 0.0952301
5.67823 0.0953584
5.6815 0.0945974
5.68651 0.0955681
5.69003 0.0898431
5.69054 0.0943902
5.69394 0.0937546
5.69753 0.0933131
5.70259 0.0943407
5.70657 0.0922675
5.71081 0.0924679
5.71485 0.0924772
5.71914 0.0927403
5.72415 0.0937081
5.72806 0.0935861
5.73191 0.0934013
5.73556 0.0930225
5.74159 0.0950145
5.74569 0.0930697
5.74993 0.0932701
5.75339 0.0927002
5.75743 0.0927065
5.76122 0.092459
5.765 0.0922115
5.76943 0.092603
5.77302 0.0921615
5.77789 0.0930038
5.78078 0.0898408
5.78534 0.0903607
5.78565 0.0854683
5.79052 0.0923551
5.79405 0.0898341
5.79867 0.0904162
5.80283 0.090548
5.80624 0.0899153
5.81073 0.0903725
5.81477 0.0903818
5.81926 0.090836
5.82374 0.0912868
5.83022 0.0937296
5.83336 0.0908205
5.83746 0.0908925
5.84176 0.0911556
5.84593 0.0912903
5.84997 0.0912967
5.8501 0.0914251
5.85382 0.0911119
5.85766 0.0909237
5.86164 0.0908702
5.86697 0.0921605
5.87062 0.0897678
5.87428 0.0893919
5.87832 0.0893983
5.88288 0.0899211
5.88384 0.0836539
5.88711 0.0889402
5.89028 0.0880789
5.89471 0.0884704
5.89856 0.0882857
5.90234 0.0880352
5.9069 0.0885581
5.91113 0.0887585
5.91712 0.0907188
5.92122 0.0887682
5.92543 0.088937
5.92953 0.0890061
5.93318 0.0886243
5.93843 0.0898459
5.94247 0.0898523
5.94626 0.0896018
5.94959 0.0889035
5.95543 0.0907073
5.9589 0.0881235
5.96287 0.0880672
5.96698 0.0881387
5.96711 0.088267
5.97102 0.0881479
5.97513 0.0882199
5.98064 0.0897013
5.98404 0.0838538
5.98455 0.0884009
5.98468 0.0885293
5.98866 0.08847
5.99228 0.0880625
5.99721 0.0889617
6.00125 0.0889651
6.00658 0.0902612
6.01081 0.0884413
6.01466 0.0882566
6.01992 0.0894811
6.02358 0.0891052
6.02788 0.0893713
6.03217 0.0896315
6.03589 0.0893183
6.04102 0.0904116
6.04596 0.0913167
6.04942 0.08873
6.05346 0.0887363
6.05359 0.0888647
6.05673 0.0879752
6.06097 0.0881786
6.0652 0.088379
6.06937 0.0885166
6.07309 0.0882035
6.07733 0.0884039
6.08214 0.0891835
6.09061 0.088403
6.09676 0.0905263
6.09689 0.0906547
6.10048 0.0881964
6.10459 0.0882713
6.10876 0.0884061
6.11334 0.0889571
6.11751 0.0890918
6.12142 0.0889668
6.12649 0.0899973
6.13001 0.0894901
6.13514 0.0905834
6.13956 0.0889581
6.14367 0.0890272
6.14732 0.0886484
6.15117 0.0884636
6.15482 0.0880848
6.15868 0.0879029
6.16297 0.0881661
6.16708 0.0882381
6.17336 0.0904898
6.17785 0.0889302
6.18106 0.0881005
6.18381 0.0836273
6.18657 0.0904168
6.19048 0.0882751
6.19471 0.0884726
6.19798 0.0877086
6.20265 0.0883505
6.20708 0.088742
6.2108 0.0884288
6.21551 0.0891053
6.21564 0.0892337
6.22041 0.0899729
6.22547 0.0910034
6.22951 0.08899
6.23278 0.088226
6.2374 0.0888087
6.2415 0.0888807
6.24548 0.0888214
6.24862 0.0879319
6.25343 0.0887086
6.25702 0.088267
6.26283 0.0900392
6.26719 0.0883512
6.27059 0.0877156
6.27508 0.0881728
6.28091 0.0899708
6.28405 0.0838665
6.28444 0.0882852
6.28489 0.0887331
6.28834 0.0881573
6.28847 0.0882856
6.29213 0.0879068
6.29713 0.0888717
6.30091 0.0886183
6.30456 0.0882395
6.30873 0.0883742
6.3144 0.0900116
6.31453 0.09014
6.31965 0.0892165
6.31978 0.0893449
6.32324 0.088772
6.32818 0.0896771
6.33107 0.0885279
6.33485 0.0882775
6.3394 0.0887974
6.34287 0.0882274
6.34697 0.0882965
6.3471 0.0884249
6.3537 0.0909951
6.35672 0.0879605
6.36057 0.0877757
6.36473 0.0879104
6.36897 0.0881108
6.37326 0.088374
6.37724 0.0883176
6.38237 0.0894108
6.38378 0.0835915
6.3873 0.0891317
6.39006 0.0878571
6.39474 0.0885024
6.39487 0.0886308
6.39852 0.088252
6.40506 0.0907575
6.40897 0.0886187
6.41314 0.0887534
6.41782 0.0893959
6.42319 0.09074
6.42653 0.0900417
6.43089 0.0903646
6.43486 0.0903082
6.43929 0.0906997
6.4457 0.0930769
6.44583 0.0932053
6.44942 0.090747
6.45327 0.0905622
6.45724 0.0905029
6.46097 0.0901927
6.46494 0.0901333
6.46885 0.0900142
6.4693 0.0904621
6.4727 0.0898295
6.47655 0.0896447
6.48216 0.0912199
6.48581 0.0856262
6.4862 0.0900449
6.4896 0.0894093
6.49004 0.0898572
6.49536 0.0911445
6.4994 0.0891312
6.50305 0.0887494
6.50318 0.0888778
6.50716 0.0888214
6.51158 0.0892129
6.51607 0.0896672
6.5219 0.0914616
6.52587 0.0914023
6.5303 0.0917938
6.53652 0.0939769
6.54171 0.093122
6.54658 0.0939614
6.55127 0.0946097
6.55563 0.0949385
6.56018 0.0954584
6.56486 0.0961067
6.56993 0.0971402
6.57416 0.0973406
6.58103 0.100172
6.58456 0.0976505
6.58802 0.0970747
6.59385 0.0936607
6.59449 0.0995145
6.59821 0.0980201
6.60237 0.0981489
6.60641 0.0981553
6.61417 0.0978455
6.61843 0.098077
6.62298 0.0985969
6.62684 0.0984151
6.63264 0.100181
6.63687 0.098365
6.64027 0.0977324
6.6404 0.0978608
6.64418 0.0976103
6.64842 0.0978137
6.65272 0.0980768
6.65605 0.0973814
6.6608 0.0980953
6.66478 0.098039
6.67106 0.100291
6.67491 0.0980891
6.67876 0.0979044
6.68261 0.0977196
6.68755 0.0986217
6.69191 0.0989505
6.69569 0.0975217
6.69922 0.0970145
6.7039 0.0976598
6.70775 0.0974751
6.71185 0.0975441
6.71621 0.09787
6.72361 0.10124
6.72374 0.101368
6.73111 0.0986594
6.73509 0.098603
6.73855 0.098033
6.74645 0.0978605
6.75075 0.0981265
6.75479 0.0981358
6.76043 0.0997456
6.76486 0.0981203
6.76884 0.0980639
6.77211 0.0972999
6.77647 0.0976287
6.78025 0.0973812
6.78468 0.0977757
6.79039 0.0994452
6.79436 0.0982075
6.79814 0.0979571
6.80192 0.0977037
6.80619 0.0979323
6.81208 0.0997959
6.81638 0.0980422
6.82023 0.0978575
6.82421 0.0978011
6.82879 0.0983521
6.82892 0.0984805
6.83303 0.0985554
6.83675 0.0982423
6.84085 0.0983143
6.84464 0.0980668
6.8509 0.10029
6.85475 0.0980912
6.85847 0.097778
6.86276 0.0980412
6.86603 0.0972772
6.87046 0.0976687
6.8746 0.0977718
6.87896 0.0981006
6.88268 0.0977903
6.88781 0.0988836
6.88794 0.099012
6.89185 0.0968732
6.89556 0.0973955
6.90249 0.100283
6.90678 0.0985296
6.90986 0.0975745
6.91403 0.0977063
6.91794 0.0975872
6.92281 0.0984266
6.92686 0.0984359
6.93077 0.0983138
6.93436 0.0978752
6.94058 0.100061
6.94463 0.0980538
6.94861 0.0980003
6.95258 0.097944
6.95663 0.0979532
6.96035 0.0976401
6.96471 0.0979689
6.96856 0.0977841
6.97234 0.0975337
6.9792 0.100365
6.98325 0.0983571
6.98754 0.0986173
6.99177 0.0988147
6.99568 0.0975143
6.99934 0.0971355
7.00402 0.0977809
7.00415 0.0979093
7.008 0.0977304
7.01197 0.0976711
7.01608 0.0977402
7.02031 0.0979435
7.02487 0.0984634
7.025 0.0985918
7.03116 0.100718
7.03501 0.0985195
7.03866 0.0981406
7.04206 0.097508
7.04662 0.0980308
7.05079 0.0981685
7.05092 0.0982969
7.05483 0.0981778
7.05836 0.0976735
7.0626 0.0978739
7.06978 0.101024
7.07248 0.0976697
7.07658 0.0977417
7.0805 0.0976221
7.0848 0.0978881
7.08974 0.0987961
7.10173 0.0975113
7.10641 0.0981596
7.11 0.0977181
7.11424 0.0979155
7.12065 0.100296
7.12078 0.100424
7.12476 0.0983538
7.1288 0.0983602
7.12893 0.0984885
7.13246 0.0979843
7.1365 0.0979935
7.14035 0.0978088
7.14413 0.0975583
7.14862 0.0980185
7.15247 0.0978337
7.15883 0.100154
7.163 0.0982749
7.16633 0.0975766
7.17044 0.0976486
7.17454 0.0977176
7.17839 0.0975329
7.18282 0.0979273
7.18724 0.0983188
7.19199 0.0990328
7.19597 0.097798
7.1961 0.0979264
7.20373 0.0974942
7.2145 0.0981833
7.2181 0.0977418
7.22182 0.0974316
7.22663 0.0982082
7.23086 0.0984057
7.234 0.0975163
7.23843 0.0979078
7.24924 0.100654
7.2529 0.098261
7.25656 0.0978851
7.26022 0.0975092
7.26439 0.0976469
7.26869 0.0979129
7.27266 0.0978565
7.27722 0.0983794
7.28062 0.0977467
7.28819 0.101279
7.29011 0.0971549
7.2937 0.0975518
7.30018 0.0999946
7.30416 0.0979185
7.30749 0.0972231
7.31147 0.0971667
7.3166 0.0982629
7.32039 0.0980154
7.32443 0.0980247
7.32866 0.0982251
7.33248 0.0980087
7.33864 0.100132
7.34229 0.0977394
7.34647 0.097877
7.3507 0.0980774
7.35468 0.098021
7.3584 0.0977108
7.36257 0.0978485
7.3627 0.0979769
7.36661 0.0978578
7.3704 0.0976103
7.37701 0.100184
7.38099 0.0981113
7.38484 0.0979294
7.38978 0.0988345
7.39401 0.0978536
7.3976 0.0974091
7.4017 0.0974811
7.40645 0.0981951
7.40998 0.0976908
7.41395 0.0976344
7.4223 0.0979098
7.42865 0.100227
7.43275 0.0982824
7.43744 0.0989307
7.44019 0.097656
7.44411 0.097534
7.44847 0.0978657
7.45258 0.0979377
7.45636 0.0976902
7.46066 0.0979563
7.46657 0.0998258
7.47067 0.097881
7.47458 0.097759
7.4783 0.0974458
7.4826 0.0977119
7.48716 0.0982318
7.49177 0.0988173
7.49351 0.0933204
7.49633 0.0981559
7.49645 0.0982843
7.49954 0.0973321
7.50377 0.0975296
7.50774 0.0974732
7.51165 0.0973512
7.51839 0.100054
7.52263 0.0982403
7.52673 0.0983123
7.5301 0.0976451
7.53401 0.097523
7.53831 0.0977861
7.5419 0.0973446
7.54639 0.0978047
7.55044 0.097814
7.55653 0.0998746
7.56044 0.0977387
7.56462 0.0978764
7.56808 0.0973094
7.57219 0.0973814
7.57648 0.0976445
7.58066 0.0977822
7.5847 0.0977914
7.58983 0.0988876
7.59374 0.0975843
7.59759 0.0973995
7.60172 0.0975026
7.60814 0.0998827
7.61208 0.097775
7.61612 0.0977843
7.61997 0.0976024
7.6244 0.097994
7.62889 0.0984511
7.63267 0.0982036
7.63691 0.098407
7.64057 0.0980281
7.64673 0.100154
7.6509 0.0982753
7.65475 0.0980935
7.65847 0.0977803
7.66283 0.0981091
7.66598 0.0972196
7.67027 0.0974828
7.6747 0.0978743
7.67848 0.0976268
7.68509 0.100204
7.68779 0.0968468
7.69189 0.0969188
7.69292 0.0927311
7.69798 0.0998119
7.70253 0.0983121
7.70664 0.0983841
7.70984 0.0975574
7.71388 0.0975638
7.71806 0.0977014
7.72248 0.0980959
7.72685 0.0984247
7.73762 0.101131
7.74025 0.0977108
7.74442 0.0978451
7.7483 0.0976943
7.75234 0.0977007
7.75613 0.0974532
7.76043 0.0977192
7.76447 0.0977285
7.76851 0.0977378
7.77492 0.100118
7.77877 0.0979163
7.78294 0.098054
7.78718 0.0982544
7.79186 0.0989027
7.79558 0.0974112
7.79571 0.0975396
7.79911 0.0969069
7.80353 0.0972984
7.80783 0.0975645
7.81149 0.0971857
7.81675 0.0984102
7.82028 0.097906
7.82682 0.100417
7.83003 0.0975739
7.83388 0.0973891
7.83792 0.0973955
7.84125 0.0966971
7.84587 0.0972827
7.84978 0.0971606
7.85363 0.0969759
7.85652 0.0958296
7.86133 0.0966063
7.86492 0.0941509
7.86832 0.0935153
7.87121 0.0923691
7.87454 0.0916708
7.87833 0.0914203
7.88224 0.0913012
7.97924 0.0830923
7.98104 0.184887
8.08001 0.0838586
8.18025 0.0840955
8.18114 0.282974
8.27971 0.0835566
8.28227 0.186122
8.28388 0.0836914
8.28702 0.0888493
8.29022 0.0880196
8.29465 0.0884112
8.29478 0.0885395
8.30061 0.0903404
8.30478 0.0884613
8.30857 0.0882138
8.3128 0.0884142
8.31707 0.0886457
8.32078 0.0883296
8.32515 0.0886584
8.32886 0.0883423
8.32899 0.0884707
8.33239 0.0878351
8.33932 0.0907287
8.34361 0.0889722
8.3472 0.0885306
8.35131 0.0885992
8.35515 0.0884144
8.35901 0.0882326
8.36285 0.0880478
8.36703 0.0881855
8.37094 0.0880663
8.37472 0.0878159
8.38126 0.0883047
8.38421 0.0840231
8.38472 0.0885702
8.39065 0.0904678
8.39527 0.0890337
8.39841 0.0881443
8.40271 0.0884045
8.40637 0.0880286
8.41066 0.0882917
8.41656 0.0901523
8.42015 0.0897079
8.42374 0.0892663
8.43037 0.0918686
8.43377 0.0892162
8.43819 0.0896009
8.44258 0.0899578
8.44303 0.0904057
8.44598 0.0893222
8.44976 0.0890718
8.45374 0.0890125
8.45714 0.0883798
8.46092 0.0881323
8.46747 0.0906437
8.47164 0.0887617
8.47587 0.0889591
8.48023 0.0892909
8.48484 0.0846557
8.48536 0.0892028
8.48869 0.0885015
8.49298 0.0887617
8.49689 0.0886367
8.50074 0.088449
8.50522 0.0889003
8.50862 0.0882677
8.51343 0.0890414
8.5201 0.0916754
8.52022 0.0918038
8.52388 0.0894052
8.52862 0.0901162
8.53157 0.0890327
8.53266 0.0901197
8.53567 0.0891018
8.54023 0.0896217
8.54458 0.0899446
8.54837 0.0896942
8.55222 0.0895094
8.55792 0.0911848
8.5627 0.0899131
8.56674 0.0899195
8.56687 0.0900479
8.56963 0.0887733
8.57328 0.0883944
8.57746 0.0885321
8.58246 0.0894999
8.58387 0.0836806
8.58745 0.0892835
8.59047 0.0882627
8.59059 0.0883911
8.59457 0.0883318
8.59835 0.0880813
8.60296 0.0886581
8.60902 0.0906841
8.61377 0.0893784
8.61844 0.0900208
8.61857 0.0901492
8.62235 0.0898958
8.62665 0.0901589
8.63088 0.0903564
8.63498 0.0904255
8.63953 0.0909454
8.64402 0.0913996
8.64986 0.0932034
8.65358 0.0908735
8.65788 0.0911366
8.66134 0.0905696
8.66468 0.0898683
8.6684 0.0895581
8.67225 0.0893733
8.67584 0.0889318
8.68174 0.0907954
8.68443 0.0842403
8.68494 0.0887874
8.68897 0.0887878
8.69237 0.0881552
8.69865 0.090401
8.70295 0.0886415
8.70724 0.0889046
8.71128 0.0889109
8.71589 0.0894906
8.72057 0.0901331
8.7248 0.0903305
8.72987 0.091364
8.7341 0.0915615
8.74202 0.0954477
8.74689 0.0942674
8.75119 0.0945334
8.75549 0.0947966
8.75978 0.0950597
8.76408 0.0953228
8.76979 0.0969953
8.77351 0.0966821
8.77793 0.0970766
8.78441 0.0995223
8.78787 0.0969298
8.788 0.0970581
8.79185 0.0968734
8.80211 0.0978874
8.80666 0.0984073
8.81012 0.0978374
8.81416 0.0978408
8.81801 0.097656
8.82231 0.097922
8.83078 0.0983228
8.83751 0.101025
8.84091 0.0983759
8.84496 0.0983852
8.84894 0.0983318
8.85243 0.0977929
8.85647 0.0978022
8.86064 0.0979364
8.86443 0.097686
8.86853 0.097758
8.8795 0.0986442
8.88335 0.0984623
8.88777 0.0988509
8.89195 0.0989886
8.89592 0.0977509
8.90028 0.0980768
8.90041 0.0982051
8.90413 0.097889
8.90765 0.0973818
8.91169 0.0973882
8.92022 0.0978482
8.92721 0.100804
8.93477 0.0982865
8.93862 0.0981017
8.94671 0.0981197
8.95056 0.0979379
8.9548 0.0981412
8.95833 0.097637
8.96532 0.100593
8.96955 0.098777
8.97295 0.0981443
8.97728 0.0984415
8.98062 0.0977431
8.98434 0.0974329
8.99056 0.099616
8.99376 0.0935744
8.9944 0.0982499
8.99806 0.0978711
9.00197 0.0977461
9.00627 0.0980125
9.01659 0.100271
9.0205 0.0981317
9.0248 0.0983978
9.02916 0.0987236
9.03667 0.0981624
9.04052 0.0979777
9.04475 0.098181
9.04876 0.0981587
9.05512 0.100479
9.05858 0.0978922
9.06301 0.0982867
9.06692 0.0981646
9.07045 0.0976574
9.07481 0.0979892
9.07898 0.0981268
9.08271 0.0978166
9.08707 0.0981425
9.09201 0.0990505
9.10009 0.0978877
9.11016 0.0978752
9.11458 0.0982637
9.11808 0.0977249
9.12244 0.0980537
9.12687 0.0984481
9.13085 0.0983918
9.13476 0.0982726
9.13861 0.0980879
9.1448 0.100248
9.14904 0.0984347
9.15327 0.0986351
9.15654 0.0978711
9.16052 0.0978148
9.16065 0.0979431
9.16475 0.0980122
9.16873 0.0979558
9.17245 0.0976427
9.17678 0.0979398
9.18275 0.099872
9.18806 0.0991396
9.19018 0.0972231
9.20012 0.0979176
9.20057 0.0983655
9.20397 0.0977299
9.20775 0.0974794
9.21153 0.097229
9.21609 0.0977489
9.22 0.0976269
9.22481 0.0984035
9.22885 0.0984099
9.23481 0.100342
9.23918 0.0986541
9.24707 0.0984815
9.25079 0.0981713
9.25522 0.0985658
9.25849 0.0978047
9.26273 0.098008
9.26671 0.0979517
9.27318 0.100394
9.27761 0.0987722
9.28127 0.0983963
9.28441 0.0975068
9.29069 0.0997527
9.29409 0.0979387
9.29807 0.0978823
9.2982 0.0980107
9.30179 0.0975662
9.30576 0.0975069
9.30993 0.0976416
9.31416 0.0978391
9.31858 0.0982306
9.32506 0.100676
9.32936 0.0989227
9.3325 0.0980333
9.337 0.0984904
9.33988 0.0973442
9.34001 0.0974726
9.34418 0.0976073
9.34835 0.097745
9.35252 0.0978827
9.35618 0.0975068
9.36324 0.100532
9.36721 0.0984586
9.37087 0.0980798
9.37504 0.0982145
9.37908 0.0982238
9.38319 0.0982958
9.38735 0.0984306
9.39222 0.099267
9.39582 0.0976471
9.39941 0.0972056
9.40434 0.0981048
9.40749 0.0972153
9.41473 0.100426
9.41839 0.0980329
9.42236 0.097973
9.43101 0.0985591
9.43422 0.0977353
9.43807 0.0975476
9.44211 0.0975569
9.44603 0.0974378
9.45302 0.100397
9.45687 0.0981955
9.46072 0.0980137
9.46495 0.0982141
9.47227 0.0974623
9.47676 0.0979195
9.48061 0.0977347
9.48439 0.0974872
9.49035 0.0994135
9.49369 0.0975368
9.49792 0.0977372
9.50421 0.099986
9.50799 0.0977217
9.51646 0.0981196
9.51999 0.0976153
9.52454 0.0981382
9.52878 0.0983386
9.53256 0.0980911
9.53654 0.0980376
9.54283 0.100289
9.54694 0.0983475
9.55117 0.0985508
9.55512 0.0984628
9.55865 0.0979585
9.56243 0.097711
9.56661 0.0978487
9.57039 0.0976012
9.5743 0.0974792
9.58136 0.100504
9.58758 0.0966428
9.59791 0.0977225
9.60214 0.09792
9.60567 0.0974157
9.60984 0.0975504
9.6142 0.0978763
9.61798 0.0976258
9.62292 0.0985309
9.63241 0.0999559
9.63761 0.099101
9.63773 0.0992294
9.63998 0.0974412
9.64441 0.0978356
9.64839 0.0977822
9.65243 0.0977885
9.65609 0.0974127
9.66045 0.0977414
9.66398 0.0972372
9.67123 0.100453
9.67514 0.0983174
9.67925 0.0983894
9.6831 0.0982075
9.6881 0.0991754
9.69208 0.0991219
9.69612 0.0979499
9.69946 0.0972545
9.70379 0.0975487
9.70763 0.0973639
9.71206 0.0977555
9.72258 0.10021
9.72701 0.0985852
9.73092 0.0984661
9.73471 0.0982186
9.73836 0.0978398
9.74215 0.0975923
9.74632 0.09773
9.75056 0.0979333
9.75428 0.0976231
9.76102 0.100329
9.76545 0.0987062
9.76866 0.0978825
9.77308 0.098274
9.77661 0.0977697
9.78046 0.0975849
9.78437 0.0974658
9.79033 0.0993921
9.79386 0.0977066
9.79764 0.0974561
9.80155 0.0973341
9.80617 0.0979196
9.81233 0.100043
9.81656 0.0982266
9.82028 0.0979134
9.8249 0.098499
9.82843 0.0979918
9.83234 0.0978697
9.83632 0.0978163
9.8403 0.0977599
9.84421 0.0976408
9.85095 0.100346
9.85493 0.098276
9.85885 0.0981569
9.86269 0.0979722
9.86282 0.0981006
9.86629 0.0975306
9.87052 0.097731
9.87437 0.0975462
9.87867 0.0978123
9.88239 0.0975021
9.88733 0.0984071
9.89195 0.096976
9.89593 0.097758
9.90247 0.100266
9.90613 0.0978738
9.91414 0.0978208
9.9178 0.097442
9.92229 0.0979021
9.92659 0.0981652
9.92671 0.0982936
9.93053 0.0980743
9.93412 0.0976327
9.94041 0.0998844
9.94438 0.0978113
9.94868 0.0980768
9.95298 0.09834
9.95638 0.0977073
9.96042 0.0977166
9.96055 0.097845
9.96466 0.0979199
9.96845 0.0976724
9.97223 0.097422
9.97942 0.100575
9.98352 0.0986335
9.9875 0.0985771
9.99212 0.0991627
9.99629 0.0981191
9.9995 0.0972953

