% time_sec delay_sec
1.17821 0.0775572
1.17821 0.0775572
1.27826 0.0776089
1.37818 0.0775249
1.47725 0.381274
1.47845 0.0777902
1.57853 0.0778771
1.67856 0.0779034
1.7799 0.0792437
1.78003 0.381379
1.87855 0.0778976
1.97863 0.27797
1.97926 0.0792491
1.9834 0.0854102
1.98705 0.0850232
2.07934 0.173283
2.08043 0.0804227
2.08396 0.0859658
2.08815 0.0861277
2.0913 0.0852382
2.09534 0.0852446
2.10047 0.0863437
2.10515 0.0869949
2.11067 0.0884792
2.1158 0.0895754
2.1249 0.0926232
2.1283 0.0919876
2.13247 0.0921253
2.13715 0.0927706
2.14196 0.0935473
2.1469 0.0944553
2.15113 0.0946557
2.1555 0.0949874
2.15909 0.0945459
2.16557 0.0969916
2.17018 0.0955575
2.17294 0.0942829
2.17724 0.0945489
2.18122 0.0944926
2.18737 0.0966129
2.19013 0.0901235
2.1909 0.0949273
2.19404 0.094032
2.1984 0.0943579
2.20199 0.0939134
2.2066 0.094496
2.21295 0.0968105
2.22174 0.0955169
2.22521 0.094947
2.22963 0.0953356
2.23726 0.0949033
2.24169 0.0952977
2.2456 0.0951786
2.24971 0.0952536
2.25543 0.0969319
2.25883 0.0942825
2.26319 0.0946113
2.26704 0.0944265
2.27108 0.0944328
2.27544 0.0947616
2.27948 0.0947709
2.28333 0.0945861
2.28808 0.0953001
2.29006 0.0900571
2.29333 0.0953434
2.29673 0.0947078
2.30237 0.0963146
2.30686 0.0947491
2.31077 0.0946271
2.31859 0.094383
2.32308 0.0948402
2.32706 0.0947838
2.33148 0.0951719
2.33546 0.0951184
2.33976 0.0953815
2.34457 0.0941414
2.34938 0.0949211
2.35317 0.0946736
2.35695 0.0944261
2.361 0.0944354
2.36523 0.0946358
2.36934 0.0947078
2.37318 0.094523
2.37755 0.0948547
2.38294 0.0962106
2.38641 0.0936268
2.3925 0.0965229
2.39679 0.0947693
2.4009 0.0948413
2.40449 0.0943968
2.40904 0.0949137
2.41263 0.0944693
2.4168 0.0946064
2.42155 0.0953204
2.4252 0.0949445
2.4318 0.0975127
2.43501 0.0946722
2.43944 0.0950637
2.4431 0.0946878
2.44759 0.0951479
2.45144 0.0949661
2.45568 0.0951694
2.45921 0.0946652
2.46312 0.094546
2.46742 0.0948121
2.47339 0.0967443
2.47724 0.0945457
2.48141 0.0946834
2.48712 0.0963588
2.49078 0.0948016
2.49417 0.094166
2.49802 0.0939783
2.50193 0.0938562
2.50206 0.0939846
2.50655 0.0944389
2.51059 0.0944452
2.51476 0.0945829
2.52496 0.0946982
2.52932 0.095024
2.53316 0.0948393
2.53708 0.0947202
2.54131 0.0949206
2.54144 0.0950489
2.54465 0.0942222
2.54914 0.0946823
2.55306 0.0945632
2.55703 0.0945068
2.56371 0.0951299
2.56724 0.0946256
2.57089 0.0942497
2.57532 0.0946412
2.57923 0.0945221
2.58328 0.0945314
2.58898 0.0962039
2.59007 0.0900651
2.59187 0.0938793
2.59693 0.0949098
2.60033 0.0942771
2.60431 0.0942208
2.61073 0.0966009
2.61085 0.0967292
2.61528 0.0951069
2.6233 0.0950598
2.62709 0.0948123
2.63132 0.0950098
2.63539 0.0950502
2.63944 0.0950595
2.64335 0.0949403
2.64912 0.0966814
2.65381 0.095313
2.65695 0.0944235
2.66099 0.0944328
2.66516 0.0945705
2.66921 0.0945797
2.67325 0.0945861
2.67799 0.0953
2.68133 0.0946046
2.68621 0.095447
2.69025 0.0902414
2.69397 0.0939618
2.7007 0.0966614
2.70442 0.0943285
2.71282 0.0946637
2.72174 0.0955153
2.72553 0.0952678
2.7295 0.0952114
2.73322 0.0948983
2.739 0.0966393
2.74355 0.0951425
2.74715 0.0947039
2.75093 0.0944564
2.7551 0.094594
2.75889 0.0943465
2.76306 0.0944842
2.76775 0.0951354
2.77128 0.0946312
2.77564 0.0949599
2.78161 0.0948783
2.78372 0.0929617
2.79052 0.0957241
2.79392 0.0939101
2.79789 0.0938537
2.80219 0.0941139
2.80636 0.0942486
2.81065 0.0945118
2.81482 0.0946494
2.81867 0.0944647
2.82339 0.095147
2.82852 0.0962461
2.83314 0.094812
2.83692 0.0945645
2.84116 0.0947649
2.84437 0.0939411
2.84925 0.0947864
2.85309 0.0946016
2.85694 0.0944168
2.86105 0.0944918
2.86721 0.0966151
2.8717 0.0950526
2.87497 0.0942915
2.87907 0.0943635
2.88312 0.0943728
2.88902 0.0962393
2.89223 0.0942372
2.89678 0.0947541
2.9005 0.094441
2.90416 0.0940651
2.90929 0.0951613
2.91268 0.0945257
2.91281 0.0946541
2.91865 0.0964608
2.92378 0.0955432
2.92731 0.0950389
2.93148 0.0951707
2.93546 0.0951172
2.93944 0.0950609
2.94342 0.0950074
2.94707 0.0946315
2.95099 0.0945124
2.95695 0.0964446
2.96164 0.0950791
2.96491 0.094318
2.96921 0.0945841
2.97312 0.094462
2.97787 0.095176
2.98121 0.0944806
2.98596 0.0951946
2.99038 0.0903742
2.99089 0.0949213
2.99404 0.0940318
2.99802 0.0939754
3.00244 0.0943669
3.01303 0.0948735
3.01736 0.0951706
3.02172 0.0954994
3.02532 0.0950579
3.02948 0.0951926
3.0332 0.0948784
3.03769 0.0953356
3.04177 0.095376
3.04697 0.0965408
3.05127 0.09479
3.05518 0.0946709
3.05858 0.0940383
3.06282 0.0942387
3.06724 0.0946331
3.07116 0.094514
3.07533 0.0946517
3.0795 0.0947894
3.08348 0.0947359
3.08887 0.094075
3.08996 0.089953
3.09246 0.0944719
3.09798 0.0959591
3.10235 0.0942741
3.10723 0.0951194
3.11088 0.0947405
3.11486 0.0946842
3.11852 0.0943083
3.12339 0.0951506
3.12352 0.095279
3.12744 0.0951599
3.1316 0.0952946
3.13667 0.096331
3.14116 0.0947685
3.14431 0.0938791
3.14912 0.0946582
3.1529 0.0944107
3.15695 0.0944199
3.16099 0.0944292
3.16497 0.0943728
3.1692 0.0945732
3.16933 0.0947016
3.17523 0.0965711
3.17966 0.0949488
3.18319 0.0944445
3.18877 0.0959915
3.19262 0.0946313
3.19705 0.0950228
3.2009 0.0948381
3.20436 0.0942681
3.20866 0.0945313
3.2127 0.0945376
3.21719 0.0949977
3.22145 0.0952292
3.22684 0.0965851
3.23127 0.0949599
3.23525 0.0949064
3.23923 0.09485
3.2432 0.0947937
3.24731 0.0948686
3.25116 0.0946868
3.25514 0.0946304
3.25893 0.0943829
3.26496 0.0963807
3.26926 0.09463
3.27304 0.0943796
3.27317 0.094508
3.27702 0.0943262
3.28119 0.0944638
3.28716 0.096396
3.29036 0.0903545
3.29075 0.0947732
3.29382 0.0938151
3.2976 0.0935617
3.30228 0.09421
3.30632 0.0942164
3.31024 0.0940943
3.3171 0.0969218
3.32165 0.0954279
3.32537 0.0951147
3.32928 0.0949927
3.33268 0.0943571
3.33717 0.0948142
3.34108 0.0946922
3.34455 0.0941223
3.34894 0.0944851
3.35453 0.0960321
3.35882 0.0942814
3.36223 0.0936487
3.36665 0.0940397
3.37063 0.0939834
3.37486 0.0941838
3.37884 0.0941274
3.38288 0.0941367
3.38846 0.0956807
3.38929 0.0892851
3.39195 0.0939635
3.39644 0.0944178
3.39959 0.0935283
3.406 0.0959084
3.40998 0.0938353
3.41466 0.0944836
3.41832 0.0941077
3.42313 0.0948844
3.42691 0.0946369
3.43121 0.094897
3.43461 0.0942644
3.43845 0.0940767
3.44352 0.0951101
3.44859 0.0941268
3.45205 0.093554
3.45551 0.092984
3.45923 0.0926709
3.46347 0.0928713
3.46731 0.0926865
3.47091 0.0922449
3.47482 0.0921229
3.47976 0.093028
3.48284 0.090059
3.48675 0.0867418
3.48777 0.0917996
3.49245 0.0924449
3.49623 0.0901748
3.49636 0.0903032
3.50021 0.0901155
3.50411 0.0899905
3.50706 0.088907
3.51175 0.0895553
3.51598 0.0897557
3.51932 0.0890573
3.52413 0.089834
3.52971 0.091381
3.53381 0.0894333
3.53778 0.089374
3.53791 0.0895024
3.5415 0.0890609
3.54542 0.0889388
3.54554 0.0890672
3.54977 0.0892647
3.55343 0.0888858
3.55753 0.0889579
3.56171 0.0890955
3.56716 0.0905142
3.57133 0.0886351
3.57466 0.0879367
3.5796 0.0888418
3.58287 0.0828659
3.58351 0.0875414
3.588 0.0879927
3.59056 0.086524
3.59556 0.0874884
3.5987 0.086596
3.60332 0.0871757
3.60646 0.0862862
3.61121 0.0870002
3.6173 0.0890578
3.62198 0.0876894
3.62621 0.0878868
3.63012 0.0877648
3.63397 0.0875771
3.63804 0.0876145
3.64336 0.0889048
3.64651 0.0880153
3.65036 0.0878306
3.65658 0.0900166
3.66062 0.0880091
3.66389 0.087248
3.66787 0.0871917
3.67172 0.0870069
3.67185 0.0871353
3.67576 0.0870132
3.68115 0.0883691
3.68224 0.0822303
3.68455 0.0865552
3.68942 0.0873916
3.69358 0.0875264
3.69666 0.0865713
3.70243 0.0883035
3.70724 0.0890802
3.71224 0.0880307
3.71634 0.0880998
3.72134 0.0890647
3.72589 0.0895787
3.72986 0.0895165
3.72999 0.0896448
3.7346 0.0902275
3.73832 0.0899143
3.74288 0.0904342
3.74942 0.0929398
3.75346 0.0909293
3.75711 0.0905535
3.76125 0.0906536
3.7651 0.0904718
3.76933 0.0906693
3.77318 0.0904845
3.77722 0.0904938
3.78203 0.0912705
3.78607 0.0860649
3.78646 0.0904836
3.79036 0.0903557
3.79427 0.0902307
3.7944 0.0903591
3.80036 0.0922854
3.80452 0.0904004
3.80895 0.090792
3.81286 0.0906699
3.81735 0.0911242
3.82132 0.0910648
3.82639 0.0920954
3.83055 0.0922272
3.83517 0.0928127
3.84104 0.0946476
3.84617 0.09373
3.84983 0.0933512
3.85425 0.0937427
3.85784 0.0933011
3.86227 0.0936927
3.86663 0.0940214
3.87061 0.0939621
3.87503 0.0943536
3.88068 0.0959663
3.88299 0.0922241
3.88786 0.0930635
3.89036 0.0903508
3.89408 0.096085
3.89811 0.0940717
3.90292 0.0948454
3.90645 0.0943377
3.91004 0.0938961
3.91433 0.0941563
3.9185 0.0942911
3.92312 0.0948766
3.92719 0.0949136
3.93257 0.0962636
3.93674 0.0943845
3.94066 0.0942624
3.9446 0.0941715
3.94861 0.0941492
3.95284 0.0943496
3.95695 0.0944216
3.96067 0.0941084
3.96464 0.0940491
3.97041 0.0957872
3.9742 0.093523
3.97818 0.0934666
3.98183 0.0930878
3.98702 0.0942467
3.98715 0.0943751
3.98799 0.0879795
3.99074 0.0927522
3.99465 0.0926272
3.99824 0.0921827
4.00304 0.0929536
4.00677 0.092646
4.0069 0.0927744
4.01068 0.092524
4.01081 0.0926524
4.01498 0.0927871
4.02145 0.0952299
4.0254 0.0931217
4.0304 0.0940866
4.03412 0.0937729
4.0379 0.0935224
4.042 0.0935945
4.04649 0.0940516
4.05034 0.0938669
4.0547 0.0941927
4.06003 0.095483
4.06429 0.0936948
4.06788 0.0932561
4.07154 0.0928773
4.07526 0.0925671
4.07943 0.0927048
4.08393 0.0931649
4.08783 0.087828
4.08809 0.0921183
4.092 0.0919963
4.09572 0.0916802
4.09915 0.0910786
4.1037 0.0915956
4.10948 0.0933366
4.11397 0.0917741
4.1182 0.0919745
4.12268 0.0924258
4.12669 0.0924005
4.13118 0.0928548
4.13545 0.0930863
4.13916 0.0927702
4.14378 0.0933528
4.14946 0.0949966
4.15388 0.0933714
4.15702 0.092479
4.16132 0.0927421
4.16517 0.0925573
4.16978 0.09314
4.16991 0.0932683
4.17306 0.0923789
4.1771 0.0923882
4.18075 0.0920094
4.18621 0.093428
4.18697 0.0869667
4.19069 0.0927009
4.19473 0.0927043
4.19518 0.0931522
4.19934 0.093287
4.20376 0.0916553
4.20729 0.0911481
4.21159 0.0914112
4.21562 0.0914141
4.22043 0.0921908
4.22441 0.092131
4.22912 0.0928074
4.23399 0.0936498
4.23938 0.0950028
4.24368 0.0932491
4.24906 0.0946016
4.25195 0.0934553
4.25599 0.0934612
4.26073 0.0941722
4.26477 0.0941756
4.26939 0.0947582
4.27234 0.0936747
4.2784 0.0957032
4.28218 0.093436
4.28654 0.0937618
4.2891 0.089098
4.29186 0.0958846
4.29577 0.0937428
4.29961 0.0935551
4.30384 0.0937497
4.3075 0.0933708
4.30762 0.0934992
4.31141 0.0932488
4.31599 0.0937998
4.32048 0.094254
4.32503 0.094771
4.33061 0.0963151
4.33074 0.0964435
4.33491 0.0945644
4.33953 0.09515
4.34299 0.09458
4.34735 0.0949088
4.35127 0.0947897
4.35557 0.0950558
4.35929 0.0947426
4.36339 0.0948146
4.36981 0.0971947
4.3734 0.0947364
4.37744 0.0947457
4.38129 0.0945609
4.38783 0.0970664
4.3945 0.0944885
4.40366 0.0955851
4.41065 0.094508
4.41437 0.0941919
4.42171 0.0975018
4.42184 0.0976302
4.42591 0.0956538
4.42982 0.0955318
4.43383 0.0955065
4.43698 0.094617
4.44121 0.0948174
4.4448 0.0943759
4.4491 0.0946419
4.45302 0.0945228
4.45918 0.0966491
4.46405 0.0954717
4.4645 0.0959196
4.46777 0.0951586
4.47085 0.0942034
4.4754 0.0947234
4.47976 0.0950521
4.48329 0.0945479
4.48893 0.0961547
4.49265 0.0946632
4.4972 0.0951801
4.50086 0.0948013
4.5047 0.0946136
4.51121 0.0970841
4.51515 0.0949763
4.51897 0.094757
4.52384 0.0955935
4.52711 0.0948324
4.53121 0.0949044
4.53564 0.0952989
4.53949 0.0951141
4.54372 0.0953145
4.5495 0.0970585
4.55399 0.0954989
4.55758 0.0950574
4.56111 0.0945531
4.56528 0.0946878
4.5699 0.0952705
4.57298 0.0943154
4.5774 0.0947098
4.58138 0.0946534
4.58785 0.0970933
4.59023 0.0902187
4.59074 0.0947658
4.59394 0.0939361
4.60099 0.0969494
4.60875 0.0946228
4.61285 0.0946919
4.61696 0.0947639
4.62177 0.0955435
4.62542 0.0951618
4.62927 0.094977
4.63344 0.0951117
4.63934 0.0969783
4.64364 0.0952276
4.64755 0.0951085
4.65127 0.0947982
4.65525 0.0947418
4.65929 0.0947511
4.66314 0.0945664
4.66744 0.0948324
4.67167 0.0950299
4.67771 0.0970277
4.68149 0.0947635
4.68387 0.0931037
4.69457 0.0945627
4.70265 0.0945724
4.70694 0.0948326
4.70707 0.094961
4.71111 0.0949673
4.71124 0.0950957
4.72336 0.0951177
4.72958 0.0973037
4.73368 0.095359
4.73709 0.0947263
4.74119 0.0947983
4.74446 0.0940373
4.74985 0.0953932
4.75338 0.0948889
4.7573 0.0947698
4.76115 0.0945879
4.76744 0.0968426
4.77243 0.0957907
4.77545 0.0947728
4.77924 0.0945253
4.78315 0.0944062
4.78892 0.0961444
4.79252 0.0945274
4.79694 0.094916
4.80117 0.0951164
4.80444 0.0943524
4.80887 0.0947439
4.81278 0.0946218
4.82362 0.0953826
4.82786 0.0955829
4.83511 0.0947655
4.8396 0.0952227
4.84364 0.095232
4.84762 0.0951785
4.85122 0.0947399
4.8575 0.0969945
4.86142 0.0948587
4.8654 0.0948023
4.87329 0.0946268
4.87804 0.0953408
4.88137 0.0946454
4.8874 0.0966403
4.89016 0.0901508
4.89067 0.0946979
4.89407 0.0940623
4.89837 0.0943254
4.90253 0.0944572
4.9133 0.0951464
4.92498 0.0947229
4.92934 0.0950517
4.93319 0.0948669
4.93711 0.0947478
4.94089 0.0945003
4.94702 0.096592
4.95145 0.0949697
4.95549 0.094979
4.95889 0.0943463
4.963 0.0944183
4.96736 0.0947471
4.97095 0.0943055
4.9755 0.0948254
4.97922 0.0945123
4.98397 0.0952292
4.9882 0.0934099
4.99212 0.0941292
5.00238 0.0943048
5.01072 0.09458
5.01476 0.0945893
5.01887 0.0946613
5.02381 0.0955693
5.0317 0.0953938
5.03716 0.0968154
5.04133 0.0949333
5.04486 0.0944291
5.04909 0.0946324
5.05262 0.0941252
5.06058 0.0940153
5.065 0.0944069
5.06936 0.0947356
5.07559 0.0969276
5.07976 0.0950485
5.08335 0.0946098
5.08836 0.0955806
5.10081 0.0947496
5.10446 0.0943737
5.10883 0.0947025
5.10896 0.0948309
5.11665 0.0944579
5.12133 0.0951091
5.12724 0.0969786
5.13128 0.0949681
5.13141 0.0950965
5.13545 0.0951058
5.13891 0.0945359
5.14308 0.0946706
5.14732 0.0948739
5.15136 0.0948832
5.15566 0.0951493
5.15906 0.0945166
5.16528 0.0967056
5.16945 0.0948265
5.17311 0.0944506
5.17703 0.0943315
5.18133 0.0945975
5.18735 0.0965925
5.19056 0.0945844
5.19069 0.0947128
5.19473 0.0947192
5.19845 0.094406
5.20274 0.0946662
5.20653 0.0944187
5.21089 0.0947446
5.22141 0.0951828
5.22571 0.0954489
5.2293 0.0950044
5.23308 0.0947569
5.24129 0.0949009
5.24482 0.0943966
5.24932 0.0948567
5.25541 0.0969203
5.25952 0.0949784
5.2635 0.0949221
5.26722 0.0946089
5.27081 0.0941673
5.27517 0.0944961
5.27941 0.0946965
5.28364 0.0948999
5.28865 0.0958677
5.29314 0.0951494
5.29724 0.0952185
5.30039 0.094329
5.30051 0.0944574
5.30719 0.0970972
5.31123 0.0950868
5.31527 0.0950961
5.31899 0.0947829
5.32345 0.0952085
5.33538 0.0950388
5.33987 0.095496
5.34539 0.0969803
5.34969 0.0952296
5.35334 0.0948508
5.357 0.0944749
5.36066 0.094099
5.36554 0.0949443
5.36939 0.0947595
5.36983 0.0952074
5.37349 0.0948315
5.37728 0.094584
5.37741 0.0947124
5.38344 0.0967103
5.38722 0.094446
5.39056 0.0945861
5.39672 0.0967094
5.40057 0.0945078
5.40447 0.0943828
5.40877 0.094646
5.41262 0.0944583
5.41711 0.0949184
5.42134 0.0951188
5.42526 0.0949997
5.42924 0.0949433
5.43488 0.0965525
5.43949 0.0951184
5.44328 0.0948709
5.44729 0.0948485
5.45114 0.0946667
5.45551 0.0949955
5.45923 0.0946853
5.46334 0.0947602
5.46744 0.0948322
5.47347 0.0968271
5.47809 0.0953959
5.48143 0.0947005
5.4872 0.0964416
5.50233 0.0942527
5.50246 0.0943811
5.50669 0.0945815
5.51073 0.0945878
5.5149 0.0947255
5.51888 0.0946691
5.52494 0.0966981
5.52962 0.0953296
5.53324 0.0949192
5.53697 0.094606
5.53709 0.0947344
5.5403 0.0939077
5.54479 0.0943649
5.54902 0.0945647
5.55287 0.09438
5.55672 0.0941981
5.56308 0.0965155
5.56696 0.0943451
5.57042 0.0937751
5.57472 0.0940382
5.57882 0.0941102
5.58299 0.0942479
5.58812 0.0953441
5.58966 0.0896532
5.59261 0.09462
5.59658 0.0945607
5.60018 0.0941191
5.60421 0.0941225
5.60838 0.0942573
5.61396 0.0958043
5.61925 0.0950461
5.62343 0.0951838
5.62695 0.0946795
5.63067 0.0943634
5.63494 0.0945979
5.63879 0.0944102
5.64295 0.0945449
5.64681 0.0943631
5.65251 0.0960355
5.65617 0.0936399
5.6597 0.0931357
5.66348 0.0928852
5.66707 0.0924466
5.67086 0.0921962
5.67451 0.0918174
5.67849 0.091761
5.68343 0.092669
5.68683 0.0868215
5.68766 0.0916881
5.69067 0.0906644
5.69484 0.0907962
5.69997 0.0918924
5.70073 0.0926598
5.70394 0.0898163
5.70798 0.0898256
5.7117 0.0895124
5.71594 0.0897128
5.71966 0.0893996
5.72427 0.0899823
5.72857 0.0902454
5.73261 0.0902517
5.73274 0.0903801
5.73851 0.0921153
5.74236 0.0899138
5.74621 0.089729
5.75018 0.0896726
5.75365 0.0891027
5.75781 0.0892374
5.76186 0.0892467
5.76551 0.0888708
5.76955 0.0888772
5.77507 0.0903615
5.77706 0.0862997
5.78155 0.0867569
5.7836 0.0835963
5.78751 0.0895216
5.79168 0.0876396
5.79482 0.0867502
5.79918 0.0870755
5.80296 0.0868221
5.80309 0.0869505
5.80688 0.086703
5.81124 0.0870318
5.81515 0.0869127
5.8197 0.0874291
5.82663 0.0903198
5.83047 0.0881154
5.8306 0.0882438
5.83432 0.0879277
5.83862 0.0881908
5.84259 0.0881344
5.84644 0.0879496
5.85035 0.0878276
5.85407 0.0875144
5.85831 0.0877114
5.86434 0.0897092
5.86774 0.0870598
5.87171 0.0870034
5.87499 0.0862424
5.88025 0.0874699
5.88121 0.0812027
5.88397 0.0859783
5.88826 0.0862385
5.89105 0.084995
5.89586 0.0857688
5.89939 0.0852645
5.90317 0.085014
5.90754 0.0853458
5.91382 0.0875975
5.91808 0.0858093
5.92218 0.0858754
5.92677 0.0864294
5.93113 0.0867523
5.93408 0.0856688
5.93895 0.0865052
5.9426 0.0861264
5.94273 0.0862548
5.94651 0.0860044
5.95235 0.0878082
5.9562 0.0856066
5.9598 0.085168
5.96352 0.0848549
5.96762 0.0849263
5.97179 0.085064
5.97757 0.0868051
5.98109 0.081083
5.98135 0.0853734
5.98577 0.0857649
5.9893 0.0852577
5.99286 0.0847845
5.99747 0.0853642
6.00395 0.0878041
6.00818 0.0859935
6.01267 0.0864473
6.01588 0.0856205
6.02005 0.0857553
6.02448 0.0861497
6.02858 0.0862217
6.03287 0.0864819
6.03736 0.0869362
6.04301 0.0885459
6.04692 0.0864071
6.04993 0.0853893
6.05384 0.0852672
6.05763 0.0850197
6.06174 0.0850947
6.06559 0.0849099
6.06976 0.0850476
6.07361 0.0848628
6.07913 0.0863471
6.07983 0.0798231
6.08297 0.0849839
6.08746 0.0854382
6.08759 0.0855666
6.09343 0.0873704
6.09779 0.0856824
6.10164 0.0854976
6.10555 0.0853785
6.10979 0.0855789
6.11405 0.0858075
6.11867 0.0863901
6.12277 0.0864563
6.12706 0.0867194
6.13296 0.088583
6.13661 0.0861874
6.14059 0.0861281
6.14405 0.0855581
6.14758 0.0850509
6.15181 0.0852513
6.15572 0.0851293
6.15951 0.0848818
6.16361 0.0849538
6.16958 0.086886
6.17401 0.0852607
6.17773 0.0849475
6.277 0.0810296
6.37686 0.080883
6.37711 0.28114
6.38045 0.0804385
6.38128 0.0853051
6.3857 0.0856937
6.38903 0.0849924
6.39314 0.0850645
6.39967 0.0875671
6.40301 0.084849
6.4075 0.0853062
6.41167 0.0854409
6.41628 0.0860206
6.42198 0.0876872
6.42544 0.0871144
6.43037 0.0880136
6.43313 0.0867389
6.43993 0.0895042
6.44371 0.087237
6.44794 0.0874345
6.45166 0.0871213
6.45583 0.087256
6.45596 0.0873844
6.45968 0.0870713
6.46366 0.0870149
6.46443 0.0877823
6.46764 0.0869585
6.47136 0.0866453
6.47572 0.0869741
6.4803 0.0855084
6.48203 0.0820253
6.4846 0.086607
6.49004 0.0880197
6.49017 0.0881481
6.4937 0.0856241
6.49754 0.0854364
6.50164 0.0855026
6.50588 0.085703
6.51107 0.0868619
6.5146 0.0863547
6.51921 0.0869373
6.5244 0.0880898
6.53164 0.0913
6.53478 0.0883909
6.53959 0.0891676
6.54517 0.0907146
6.54941 0.0909121
6.54953 0.0910405
6.55415 0.091626
6.55858 0.0920175
6.56364 0.093051
6.5682 0.0935738
6.57481 0.0961451
6.57923 0.0945198
6.58327 0.0945291
6.58827 0.0954939
6.59218 0.0941935
6.59654 0.0945164
6.6 0.0939436
6.60423 0.0941381
6.6091 0.0949775
6.61702 0.0948302
6.62113 0.0949022
6.62709 0.0968344
6.63132 0.0950121
6.63501 0.0946674
6.63931 0.0949334
6.64277 0.0943635
6.64701 0.0945639
6.65098 0.0945075
6.6549 0.0943884
6.65894 0.0943977
6.66516 0.0965866
6.66888 0.0942567
6.67324 0.0945826
6.67729 0.0945918
6.68114 0.0944071
6.68755 0.0967842
6.69011 0.0941401
6.69454 0.0945287
6.69466 0.0946571
6.69858 0.0945351
6.70287 0.0947952
6.7071 0.0949956
6.71659 0.0964177
6.72034 0.0941189
6.72515 0.0948926
6.72951 0.0952185
6.73355 0.0952277
6.73778 0.0954252
6.74125 0.0948582
6.74542 0.0949959
6.74979 0.0953276
6.75492 0.0964267
6.75819 0.093646
6.76319 0.0946167
6.7673 0.0946887
6.77076 0.0941158
6.77525 0.094573
6.77936 0.094645
6.78314 0.0943975
6.78859 0.0958132
6.79244 0.0944501
6.79629 0.0942624
6.80631 0.0962232
6.80676 0.0966711
6.81074 0.094595
6.81458 0.0944073
6.81882 0.0946077
6.82305 0.0948081
6.8284 0.0961294
6.83187 0.0955624
6.83572 0.0953777
6.83995 0.0955781
6.84515 0.0967429
6.84871 0.0942529
6.84884 0.0943813
6.85308 0.0945846
6.85744 0.0949134
6.86084 0.0942808
6.86539 0.0947977
6.86943 0.0948041
6.86956 0.0949325
6.87315 0.0944909
6.87735 0.0946597
6.88345 0.0967232
6.88755 0.0947726
6.89659 0.0965822
6.89973 0.093673
6.9039 0.0938078
6.90871 0.0945815
6.90883 0.0947099
6.91287 0.0947162
6.91698 0.0947883
6.92096 0.0947319
6.92525 0.094995
6.92974 0.0954492
6.93552 0.0971903
6.93994 0.0955651
6.94289 0.0944845
6.94694 0.0944938
6.94707 0.0946222
6.95085 0.0943747
6.95528 0.0947691
6.95874 0.0941992
6.96291 0.0943369
6.97298 0.0963381
6.9769 0.0942022
6.98152 0.0947878
6.98741 0.0966514
6.98998 0.0940044
6.99395 0.093945
6.99793 0.0938887
7.00254 0.0944684
7.00267 0.0945968
7.00685 0.0947404
7.01082 0.0946781
7.01095 0.0948065
7.01512 0.0949412
7.01556 0.0953891
7.01916 0.0949505
7.02512 0.0968827
7.02891 0.0946184
7.03776 0.0954044
7.04097 0.0945806
7.04514 0.0947183
7.04957 0.0951127
7.0531 0.0946085
7.05734 0.0948089
7.06285 0.0962932
7.06715 0.0945419
7.07106 0.0944199
7.0753 0.0946203
7.07934 0.0946291
7.08377 0.0950235
7.08807 0.0952896
7.09262 0.0946311
7.09647 0.0944463
7.10032 0.0942616
7.10462 0.0945276
7.10911 0.0949819
7.11481 0.0966543
7.11847 0.0942617
7.12322 0.0949756
7.12765 0.0953701
7.13143 0.0951197
7.13547 0.0951289
7.13913 0.0947531
7.14278 0.0943742
7.14747 0.0950255
7.15286 0.0963814
7.15684 0.0943112
7.16114 0.0945772
7.16511 0.0945208
7.16877 0.0941449
7.17332 0.0946619
7.1773 0.0946055
7.18147 0.0947432
7.18711 0.096353
7.19032 0.0943479
7.19475 0.0947423
7.19488 0.0948707
7.20412 0.0960418
7.20854 0.0944166
7.21309 0.0949336
7.21688 0.0946861
7.22079 0.0945669
7.22554 0.0952809
7.22913 0.0948364
7.23298 0.0946516
7.23792 0.0955567
7.24279 0.096402
7.24661 0.0941688
7.25104 0.0945633
7.25508 0.0945726
7.25861 0.0940683
7.26317 0.0945911
7.2674 0.0947915
7.27106 0.0944156
7.27562 0.0949385
7.28139 0.0966796
7.28402 0.0932598
7.28909 0.0942903
7.29056 0.0905534
7.29409 0.0960995
7.29787 0.0938323
7.30185 0.0937759
7.30608 0.0939733
7.31083 0.0946873
7.31551 0.0953356
7.31564 0.095464
7.31897 0.0947656
7.3234 0.0951601
7.32789 0.0956173
7.33299 0.0966848
7.33684 0.0944832
7.34056 0.0941701
7.34493 0.0944989
7.34916 0.0947022
7.35295 0.0944518
7.35712 0.0945894
7.3611 0.094536
7.36546 0.0948648
7.37091 0.0962863
7.37483 0.0941475
7.37944 0.0947331
7.3833 0.0945513
7.38823 0.0954563
7.39234 0.09435
7.39638 0.0943534
7.40016 0.0941059
7.40465 0.0945631
7.40882 0.0946978
7.41293 0.0947698
7.41729 0.0951015
7.42268 0.0964574
7.42673 0.09445
7.43102 0.0947131
7.43494 0.094594
7.4391 0.0947287
7.44359 0.0951829
7.44706 0.0946159
7.45116 0.0946879
7.4554 0.0948913
7.46079 0.0962472
7.46092 0.0963756
7.46483 0.0942397
7.46977 0.0951448
7.47324 0.0945748
7.47336 0.0947032
7.47721 0.0945185
7.48151 0.0947845
7.48587 0.0951133
7.4903 0.0943265
7.49472 0.094718
7.49825 0.0942108
7.50249 0.0944111
7.50672 0.0946086
7.50684 0.094737
7.51217 0.0960272
7.51666 0.0944677
7.5207 0.0944769
7.52487 0.0946146
7.52907 0.0947804
7.53286 0.09453
7.53735 0.0949872
7.54081 0.0944172
7.54524 0.0948117
7.55095 0.09649
7.55461 0.0940974
7.55858 0.094041
7.56301 0.0944355
7.56706 0.0944447
7.57103 0.0943884
7.57533 0.0946515
7.5795 0.0947892
7.58329 0.0945417
7.58854 0.0957662
7.59047 0.0904605
7.5929 0.0949137
7.6023 0.0962414
7.60672 0.0946162
7.61092 0.094782
7.61458 0.0944061
7.61882 0.0946094
7.62363 0.0953861
7.62799 0.0957149
7.6319 0.0955958
7.63601 0.0956708
7.64095 0.0965758
7.6448 0.0943743
7.64942 0.0949628
7.65321 0.0947153
7.65712 0.0945962
7.66104 0.0944771
7.66521 0.0946118
7.66886 0.0942359
7.67354 0.0948813
7.67367 0.0950097
7.67925 0.0965596
7.68285 0.0941043
7.68727 0.0944958
7.69228 0.0963049
7.69606 0.0940348
7.69984 0.0937843
7.70407 0.0939818
7.70875 0.0946301
7.70888 0.0947585
7.71299 0.0948275
7.71677 0.09458
7.72094 0.0947177
7.72556 0.0953033
7.73152 0.0972325
7.73448 0.0941352
7.73929 0.0949119
7.74275 0.0943414
7.74689 0.0944446
7.75112 0.0946449
7.75516 0.0946542
7.75869 0.0941499
7.76351 0.0949296
7.76934 0.0967334
7.77268 0.0940183
7.77743 0.0947322
7.7816 0.0948699
7.78705 0.0962885
7.87955 0.0835724
7.88019 0.184214
7.97687 0.0808978
8.07757 0.0816014
8.07783 0.281858
8.08001 0.0800043
8.08065 0.0846798
8.08476 0.0847518
8.08867 0.0846298
8.09271 0.0846391
8.09932 0.0872098
8.10329 0.0851366
8.10743 0.0852427
8.11122 0.0849922
8.11596 0.0857003
8.12012 0.0858321
8.12339 0.0850681
8.12753 0.0851678
8.13112 0.0847262
8.13804 0.087614
8.14157 0.08509
8.14567 0.0851591
8.14965 0.0851027
8.1535 0.0849179
8.15754 0.0849272
8.16132 0.0846797
8.1655 0.0848174
8.16973 0.0850178
8.17415 0.0854093
8.17877 0.0839781
8.18146 0.0814565
8.18281 0.0848199
8.18947 0.0874509
8.19307 0.0849926
8.19768 0.0855747
8.20159 0.0854492
8.20499 0.0848165
8.20923 0.0850169
8.21339 0.0851517
8.21814 0.0858627
8.21827 0.0859911
8.22263 0.0863169
8.22795 0.0876072
8.22808 0.0877356
8.23218 0.0857879
8.23596 0.0855374
8.23988 0.0854154
8.24398 0.0854845
8.24744 0.0849145
8.25161 0.0850492
8.25559 0.0849929
8.26001 0.0853873
8.26547 0.0868089
8.26983 0.0851209
8.27355 0.0848077
8.27888 0.086098
8.28029 0.0802787
8.28304 0.0850544
8.28772 0.0856997
8.29125 0.0851925
8.2949 0.0848137
8.29907 0.0849484
8.30298 0.0848264
8.30728 0.0850924
8.3112 0.0849733
8.31745 0.0871934
8.32187 0.0855652
8.32662 0.0862792
8.33066 0.0862826
8.33425 0.085841
8.33771 0.0852711
8.34143 0.084955
8.3456 0.0850897
8.34945 0.0849015
8.35567 0.0870905
8.35978 0.0851486
8.36388 0.0852206
8.36767 0.0849732
8.37203 0.0853019
8.37767 0.0869117
8.38113 0.0811269
8.38165 0.085674
8.38485 0.0848443
8.38886 0.0848161
8.39284 0.0847627
8.39713 0.0850229
8.40091 0.0847724
8.40797 0.0877945
8.41271 0.0864887
8.41681 0.0865549
8.42117 0.0868807
8.42557 0.0872406
8.42884 0.0864766
8.43204 0.085647
8.43729 0.0868646
8.44085 0.0863915
8.44649 0.0879983
8.45002 0.0854743
8.45015 0.0856027
8.45412 0.0855434
8.45778 0.0851675
8.46182 0.0851768
8.46554 0.0848636
8.46958 0.0848729
8.47369 0.0849419
8.47895 0.0861695
8.48132 0.0813116
8.48318 0.0851886
8.48773 0.0857026
8.49132 0.0852581
8.49785 0.0877607
8.50176 0.085619
8.50548 0.0853029
8.51003 0.0858257
8.51433 0.0860859
8.51798 0.0857071
8.51811 0.0858355
8.52311 0.0867974
8.5267 0.0863558
8.53061 0.0862338
8.53664 0.0882258
8.54125 0.0867916
8.54484 0.0863472
8.54901 0.0864819
8.55286 0.0862971
8.55677 0.0861751
8.56046 0.0858303
8.56456 0.0859023
8.56841 0.0857175
8.57406 0.0873273
8.57746 0.0846778
8.5806 0.0805903
8.58085 0.0848806
8.58098 0.085009
8.58829 0.088279
8.59162 0.0855639
8.59495 0.0848627
8.60104 0.0869145
8.60335 0.085189
8.60767 0.0854832
8.61197 0.0857464
8.61652 0.0862604
8.61665 0.0863888
8.62113 0.0868401
8.62825 0.0899249
8.63216 0.087786
8.63658 0.0881746
8.64056 0.0881182
8.64441 0.0879305
8.648 0.087489
8.65146 0.086919
8.65582 0.0872478
8.65967 0.087063
8.66532 0.0886728
8.66955 0.0868564
8.67295 0.0862238
8.67834 0.0875797
8.68161 0.0816008
8.68186 0.0858912
8.68199 0.0860195
8.68641 0.0864052
8.68923 0.0851904
8.69359 0.0855162
8.6975 0.0853912
8.70141 0.0852662
8.70519 0.0850158
8.70962 0.0854073
8.71628 0.0880383
8.7214 0.0871119
8.7266 0.0882737
8.73128 0.0889191
8.7348 0.0884119
8.73932 0.0888972
8.74516 0.0906981
8.74913 0.0906417
8.75363 0.0910989
8.76132 0.0947599
8.76517 0.0925584
8.77062 0.0939741
8.7744 0.0937266
8.77934 0.0946317
8.78287 0.0941274
8.78928 0.0965046
8.79313 0.0951385
8.79698 0.0949537
8.79711 0.0950821
8.80102 0.0949601
8.80422 0.0941333
8.80871 0.0945876
8.81467 0.0965168
8.81897 0.0947632
8.82404 0.0957996
8.83129 0.0949821
8.83552 0.0951825
8.83976 0.0953829
8.84354 0.0951354
8.84701 0.0945684
8.85333 0.0968542
8.85737 0.0948432
8.86116 0.0945957
8.86507 0.0944737
8.86892 0.0942889
8.87264 0.0939758
8.87681 0.0941134
8.88156 0.0948274
8.88765 0.096885
8.89028 0.0943037
8.89419 0.0941816
8.89849 0.0944447
8.90451 0.0964367
8.90938 0.0952594
8.91419 0.0960331
8.91759 0.095397
8.92112 0.0948927
8.92464 0.0943855
8.92919 0.094902
8.93285 0.0945261
8.93702 0.0946608
8.94388 0.0974912
8.95146 0.0949824
8.9557 0.0951857
8.95897 0.0944247
8.96301 0.094431
8.96737 0.0947598
8.97109 0.0944466
8.97529 0.0946154
8.9819 0.0971895
8.98383 0.0930651
8.98838 0.0935821
8.99517 0.0971828
9.00748 0.0953764
9.00761 0.0955048
9.01101 0.0948692
9.01114 0.0949976
9.01441 0.0942336
9.01883 0.0946251
9.02288 0.0946344
9.02852 0.0962442
9.03436 0.0980475
9.03776 0.095398
9.04167 0.0952789
9.04591 0.0954822
9.04941 0.0949463
9.05319 0.0946988
9.05672 0.0941946
9.06096 0.094395
9.06512 0.0945297
9.07545 0.0947769
9.07975 0.0950429
9.08354 0.0947954
9.08925 0.0964708
9.09348 0.0954929
9.09759 0.0955678
9.1006 0.094547
9.10413 0.0940427
9.10913 0.0950106
9.11279 0.0946317
9.11667 0.0944781
9.12385 0.0976285
9.12815 0.0958748
9.13162 0.0953078
9.13643 0.0960875
9.14028 0.0959027
9.14352 0.09511
9.14724 0.0947998
9.15167 0.0951942
9.15501 0.0944959
9.16129 0.0967476
9.16552 0.0949283
9.16943 0.0948063
9.17348 0.0948155
9.17781 0.0951127
9.1814 0.0946711
9.18806 0.0973021
9.19044 0.094464
9.19499 0.0949839
9.19845 0.094414
9.2023 0.0942262
9.20698 0.0948716
9.21416 0.0980191
9.2175 0.095304
9.22275 0.0965286
9.22622 0.0959616
9.22994 0.0956455
9.23302 0.0946933
9.23757 0.0952132
9.2411 0.0947089
9.24502 0.0945898
9.25169 0.0972326
9.25612 0.0956102
9.25939 0.0948492
9.26748 0.0948677
9.27088 0.0942321
9.27485 0.0941758
9.27947 0.0947613
9.28352 0.0947706
9.28851 0.0957355
9.29223 0.0942439
9.29672 0.0946982
9.30313 0.0970724
9.30749 0.0953844
9.3114 0.0952624
9.32282 0.0945767
9.32789 0.0956102
9.33135 0.0950403
9.3352 0.0948584
9.3454 0.0949713
9.34925 0.0947895
9.35316 0.0946704
9.35708 0.0945513
9.36054 0.0939813
9.36497 0.0943758
9.36939 0.0947673
9.37286 0.0941944
9.37985 0.0971567
9.38376 0.0950178
9.38723 0.0944479
9.38735 0.0945763
9.39312 0.0971499
9.39774 0.0957158
9.40204 0.0959789
9.40473 0.0946357
9.40877 0.094642
9.40889 0.0947704
9.41338 0.0952246
9.4212 0.09498
9.42493 0.0946698
9.43153 0.0972352
9.43615 0.095804
9.43627 0.0959323
9.43974 0.0953624
9.44718 0.094739
9.4509 0.0944258
9.45488 0.0943695
9.45854 0.0939936
9.46284 0.0942596
9.46297 0.094388
9.47342 0.0947606
9.4774 0.0947072
9.48164 0.0949076
9.48766 0.0969025
9.491 0.0950229
9.49529 0.095286
9.49805 0.0940114
9.50171 0.0936326
9.50639 0.0942808
9.51088 0.0947351
9.51485 0.0946787
9.52204 0.0978321
9.5257 0.0954394
9.52968 0.095383
9.53397 0.0956491
9.5377 0.0953359
9.54045 0.0940613
9.54488 0.0944558
9.5495 0.0950443
9.55942 0.0968914
9.56738 0.0947648
9.57129 0.0946457
9.57494 0.0942669
9.57918 0.0944673
9.58303 0.0942854
9.58842 0.0956384
9.59207 0.0940841
9.59656 0.0945384
9.60086 0.0948015
9.60426 0.0941659
9.61138 0.0972507
9.61586 0.0956881
9.61978 0.095569
9.62407 0.0958322
9.62799 0.0957101
9.63138 0.0950745
9.63498 0.0946359
9.63902 0.0946422
9.64268 0.0942664
9.64922 0.0967778
9.6532 0.0947046
9.65698 0.0944571
9.6607 0.094144
9.665 0.09441
9.66866 0.0940341
9.6727 0.0940405
9.67751 0.0948201
9.68143 0.094701
9.68733 0.0965705
9.6881 0.0973379
9.69041 0.094437
9.69503 0.0950225
9.70135 0.0973083
9.70456 0.0944648
9.71392 0.0957614
9.717 0.0948063
9.72066 0.0944304
9.72502 0.0947592
9.72932 0.0950252
9.73329 0.0949689
9.7399 0.097543
9.7476 0.0951596
9.7512 0.094721
9.75505 0.0945392
9.75871 0.0941633
9.76313 0.0945577
9.76763 0.0950178
9.77103 0.0943852
9.7777 0.0970221
9.78174 0.0950146
9.79136 0.096565
9.79514 0.0951333
9.79816 0.0941154
9.80252 0.0944413
9.81066 0.0945196
9.81496 0.0947857
9.81881 0.0946009
9.82349 0.0952492
9.84094 0.0945476
9.84511 0.0946853
9.84877 0.0943094
9.85275 0.0942559
9.85705 0.094522
9.86096 0.0944029
9.86719 0.0965919
9.87116 0.0945187
9.8754 0.0947191
9.87957 0.0948568
9.88342 0.0946749
9.88919 0.0964131
9.89304 0.0950499
9.89676 0.0947368
9.90087 0.0948088
9.90099 0.0949372
9.9044 0.0943045
9.9092 0.0950783
9.90933 0.0952066
9.91286 0.0946994
9.91882 0.0966316
9.9237 0.0954572
9.92742 0.095144
9.93515 0.0948056
9.9388 0.0944268
9.94252 0.0941136
9.94637 0.0939283
9.9508 0.0943228
9.96094 0.0943759
9.96504 0.0944508
9.96896 0.0943317
9.97313 0.0944664
9.97659 0.0938994
9.98147 0.0947418
9.9875 0.0967396

