% time_sec delay_sec
1.18627 0.086209
1.18627 0.086209
1.28682 0.0867583
1.38642 0.0863633
1.48634 0.390296
1.48698 0.0869212
1.5864 0.0863423
1.68624 0.086182
1.78685 0.0867946
1.78887 0.390147
1.88626 0.0861988
1.98816 0.287435
1.9893 0.0892202
1.9919 0.0938352
1.99563 0.0935376
2.08815 0.182021
2.08898 0.0889046
2.09277 0.0947074
2.09598 0.0938807
2.10047 0.0943379
2.10413 0.093962
2.10843 0.0942281
2.11298 0.094748
2.11606 0.0937928
2.12004 0.0937394
2.12804 0.0956914
2.13131 0.0949304
2.13516 0.0947427
2.13836 0.093916
2.14266 0.0941791
2.14626 0.0937405
2.15049 0.0939409
2.15421 0.0936306
2.15832 0.0937026
2.1648 0.0961484
2.16961 0.0949083
2.17307 0.0943384
2.17686 0.0940909
2.18045 0.0936493
2.18622 0.0953875
2.18949 0.0894116
2.19064 0.0945977
2.19417 0.0940875
2.19814 0.0940282
2.20212 0.0939689
2.20583 0.0936528
2.21282 0.0966092
2.21295 0.0967376
2.21744 0.095178
2.22161 0.0953156
2.22533 0.0950025
2.22976 0.0953911
2.23348 0.0950808
2.23778 0.095344
2.24233 0.0958668
2.24663 0.0961329
2.25074 0.0962078
2.2578 0.0992328
2.26236 0.0977389
2.2662 0.0975541
2.27012 0.097432
2.27428 0.0975668
2.2782 0.0974477
2.27833 0.0975761
2.28224 0.097457
2.28705 0.0982336
2.28718 0.098362
2.29359 0.100739
2.29372 0.100868
2.29513 0.0950483
2.29859 0.100526
2.30096 0.0988659
2.30852 0.102393
2.31403 0.101854
2.31699 0.100774
2.32077 0.100523
2.32533 0.101046
2.32949 0.101177
2.33431 0.101957
2.3386 0.10222
2.3429 0.102483
2.34701 0.102558
2.35445 0.103952
2.35888 0.104346
2.36247 0.103905
2.3667 0.104105
2.36998 0.103344
2.37408 0.103416
2.37838 0.103682
2.38204 0.103306
2.38589 0.103124
2.39275 0.105952
2.39602 0.103171
2.39891 0.0988301
2.40154 0.105494
2.4059 0.103803
2.40994 0.103807
2.41353 0.103362
2.41789 0.10369
2.42257 0.104342
2.42584 0.103581
2.42988 0.103587
2.4336 0.103271
2.44072 0.106359
2.44477 0.104351
2.44836 0.103912
2.45638 0.103868
2.45972 0.103173
2.46396 0.103373
2.46832 0.103705
2.47211 0.103458
2.4757 0.103016
2.48237 0.105656
2.48699 0.104225
2.48712 0.104353
2.49052 0.103717
2.49065 0.103846
2.49558 0.104748
2.49949 0.0994139
2.50014 0.104089
2.50417 0.104093
2.50776 0.103651
2.51213 0.10398
2.5161 0.103924
2.52021 0.103995
2.52354 0.103297
2.53047 0.10619
2.53483 0.104503
2.53849 0.104127
2.54247 0.10407
2.54606 0.103629
2.54953 0.103062
2.55383 0.103328
2.55819 0.103657
2.56236 0.103794
2.56659 0.103995
2.57237 0.103719
2.57647 0.103791
2.58013 0.103415
2.58449 0.103744
2.58802 0.103237
2.58815 0.103365
2.59187 0.103052
2.59847 0.105623
2.60591 0.103818
2.61073 0.104595
2.61361 0.103449
2.62054 0.106345
2.6242 0.103953
2.62863 0.104344
2.63228 0.103965
2.63629 0.103943
2.64014 0.103758
2.64418 0.103768
2.64778 0.103329
2.65195 0.103464
2.65207 0.103592
2.65875 0.106232
2.66285 0.104287
2.6703 0.103664
2.67812 0.103423
2.67825 0.103551
2.68217 0.103432
2.68647 0.103698
2.69038 0.103576
2.69051 0.103704
2.69583 0.104992
2.69595 0.10512
2.69961 0.0995322
2.70403 0.103954
2.70416 0.104083
2.71013 0.106015
2.71834 0.104142
2.72174 0.103509
2.72604 0.103776
2.73002 0.103719
2.73399 0.103663
2.7381 0.103735
2.74182 0.103422
2.75254 0.104054
2.75645 0.103935
2.76017 0.103625
2.76409 0.103506
2.76826 0.103643
2.77249 0.103844
2.77589 0.103211
2.77994 0.10322
2.78385 0.103101
2.79379 0.102954
2.79911 0.0990326
2.79995 0.105078
2.80007 0.105206
2.80411 0.104031
2.80809 0.103975
2.81207 0.103918
2.81999 0.103774
2.82365 0.103398
2.82775 0.10347
2.83237 0.104053
2.83872 0.106373
2.84283 0.104428
2.84655 0.104118
2.85021 0.103742
2.85399 0.103495
2.85784 0.10331
2.86157 0.103
2.86625 0.103648
2.87003 0.103397
2.87625 0.105586
2.88036 0.103642
2.8844 0.103651
2.88863 0.103848
2.8921 0.103281
2.89864 0.105787
2.90249 0.104424
2.90627 0.104176
2.91063 0.104502
2.91384 0.103675
2.91814 0.103941
2.92173 0.103503
2.92847 0.106202
2.93238 0.104064
2.93636 0.10401
2.93982 0.10344
2.94399 0.103578
2.94412 0.103706
2.94746 0.103011
2.95246 0.103982
2.95631 0.103797
2.95978 0.10323
2.97043 0.103796
2.97415 0.103483
2.97813 0.103427
2.98217 0.103436
2.98621 0.103446
2.99064 0.103837
2.99635 0.105512
2.99949 0.0994111
3.00039 0.104343
3.00444 0.104355
3.00803 0.103914
3.01168 0.103538
3.01858 0.1064
3.02224 0.104007
3.02583 0.103566
3.02987 0.103572
3.03385 0.103515
3.03782 0.103458
3.0419 0.103499
3.04594 0.103508
3.04985 0.103389
3.05678 0.106285
3.06057 0.104021
3.06448 0.103902
3.0684 0.103783
3.07244 0.103792
3.0761 0.103416
3.07976 0.10304
3.08438 0.103629
3.0881 0.103316
3.09189 0.103068
3.09875 0.103885
3.10209 0.104028
3.10787 0.105772
3.1121 0.103953
3.11614 0.103962
3.1198 0.103586
3.12365 0.103402
3.12744 0.103154
3.13173 0.103417
3.1368 0.104454
3.13981 0.103433
3.14655 0.106135
3.15046 0.103999
3.1547 0.104202
3.1581 0.10357
3.16253 0.103961
3.16587 0.103266
3.1701 0.103466
3.17433 0.103667
3.17812 0.103419
3.18473 0.105996
3.18915 0.104371
3.19807 0.105223
3.19968 0.0995972
3.20224 0.104179
3.20237 0.104307
3.20596 0.103866
3.21058 0.104448
3.21424 0.104072
3.21828 0.104082
3.22222 0.103994
3.22563 0.103361
3.22973 0.103433
3.23685 0.106521
3.24077 0.104385
3.24436 0.103943
3.24795 0.103505
3.25597 0.103458
3.25983 0.103276
3.26406 0.103476
3.26753 0.102909
3.27458 0.105931
3.2785 0.103795
3.28228 0.103548
3.2862 0.103429
3.29062 0.103817
3.29613 0.105293
3.29972 0.0996394
3.30408 0.103999
3.3078 0.103686
3.31171 0.103564
3.31594 0.10376
3.3196 0.103385
3.32614 0.105896
3.33153 0.105229
3.33448 0.104149
3.33788 0.103513
3.34198 0.103585
3.34574 0.103303
3.34991 0.103441
3.35414 0.103641
3.3578 0.103265
3.36466 0.106096
3.36845 0.103831
3.37236 0.103709
3.37615 0.103462
3.37987 0.103149
3.38436 0.103606
3.38846 0.103675
3.39195 0.103136
3.39869 0.105836
3.40273 0.104664
3.40651 0.104416
3.40998 0.103846
3.42043 0.104219
3.42428 0.104034
3.42819 0.103912
3.43204 0.103724
3.43576 0.103414
3.43999 0.103609
3.4439 0.103489
3.4475 0.103048
3.45487 0.106387
3.45897 0.104442
3.46257 0.104
3.4661 0.103496
3.47026 0.103631
3.47418 0.103509
3.4743 0.103637
3.47802 0.103324
3.48181 0.103076
3.48598 0.103214
3.49258 0.105779
3.4961 0.103252
3.49867 0.0985887
3.49976 0.103712
3.50566 0.105576
3.51015 0.104016
3.51438 0.104214
3.51855 0.104348
3.52201 0.103781
3.52611 0.10385
3.52983 0.103537
3.53439 0.104054
3.53804 0.103675
3.54503 0.106632
3.54856 0.104108
3.55234 0.103857
3.55593 0.103416
3.56004 0.103488
3.56357 0.102983
3.56806 0.103441
3.57197 0.103322
3.57575 0.103071
3.57588 0.103199
3.58313 0.106413
3.58729 0.104528
3.59044 0.103635
3.59671 0.105881
3.60012 0.10407
3.60422 0.104136
3.60806 0.103951
3.61198 0.103832
3.61666 0.104477
3.6198 0.103588
3.62378 0.103528
3.62775 0.103469
3.63448 0.106169
3.6383 0.103933
3.64292 0.104518
3.64574 0.103306
3.64959 0.103121
3.65382 0.103322
3.65748 0.102943
3.66274 0.104171
3.66287 0.104299
3.66498 0.102382
3.67172 0.105085
3.67576 0.103074
3.67909 0.102376
3.68339 0.102639
3.68756 0.102771
3.69051 0.101688
3.69641 0.103554
3.69807 0.0979916
3.70172 0.10366
3.70384 0.101744
3.70781 0.101684
3.71134 0.101177
3.71544 0.101246
3.72256 0.104324
3.72589 0.101606
3.72973 0.101416
3.73313 0.10078
3.73665 0.100273
3.73999 0.0995746
3.74352 0.0990704
3.7482 0.0997157
3.75089 0.0983754
3.7566 0.100051
3.76 0.0973985
3.76369 0.0970537
3.76677 0.0960986
3.77003 0.0953346
3.77318 0.0944451
3.77696 0.0941976
3.781 0.094204
3.78633 0.0954942
3.78953 0.0894497
3.79036 0.0943163
3.79427 0.0941914
3.79793 0.0938125
3.80452 0.0963779
3.80882 0.0946242
3.8126 0.0943738
3.81645 0.094189
3.82062 0.0943208
3.82107 0.0947687
3.82427 0.093942
3.82869 0.0943276
3.83228 0.0938861
3.83626 0.0938297
3.84277 0.0963066
3.84681 0.0942991
3.85098 0.0944309
3.85425 0.0936698
3.85874 0.094127
3.86285 0.0941961
3.86689 0.0942053
3.87048 0.0937609
3.87446 0.0937045
3.88093 0.0961502
3.88324 0.092408
3.88799 0.093119
3.89004 0.0899584
3.89408 0.0960121
3.8942 0.0961405
3.89824 0.0941272
3.90215 0.0940051
3.90606 0.0938796
3.91061 0.0943995
3.9142 0.093955
3.91824 0.0939614
3.92222 0.093905
3.92603 0.0936852
3.93257 0.0961907
3.93674 0.0943116
3.94066 0.0941896
3.9446 0.0940986
3.94822 0.0936911
3.95271 0.0941483
3.9565 0.0939008
3.96093 0.0942923
3.96439 0.0937194
3.97093 0.0962279
3.97542 0.0946683
3.97901 0.0942268
3.98247 0.0936568
3.98869 0.0958399
3.98991 0.0898295
3.99279 0.0947306
3.99619 0.0940921
4.00029 0.0941612
4.00407 0.0939078
4.00837 0.0941765
4.0128 0.0945681
4.01601 0.0937413
4.02286 0.0965664
4.02802 0.0956735
4.03097 0.09459
4.03424 0.0938284
4.03816 0.0937063
4.04258 0.0940979
4.04637 0.0938504
4.05086 0.0943075
4.05445 0.093863
4.06144 0.0968194
4.06467 0.094007
4.06884 0.0941447
4.07244 0.0937032
4.07706 0.0942917
4.08046 0.093659
4.08623 0.0954001
4.0895 0.0894212
4.09046 0.0944162
4.09059 0.0945446
4.09405 0.0939747
4.09806 0.0939494
4.10223 0.0940812
4.10595 0.093768
4.10608 0.0938964
4.11211 0.0958943
4.11666 0.0943974
4.12217 0.0958729
4.12422 0.0938936
4.12836 0.0939938
4.13262 0.0942253
4.13641 0.0939749
4.14032 0.0938528
4.14416 0.0936651
4.15087 0.0963331
4.15484 0.0942599
4.15901 0.0943947
4.16254 0.0938875
4.16645 0.0937683
4.17081 0.0940942
4.1746 0.0938467
4.1796 0.0948145
4.18281 0.0939907
4.18819 0.0953407
4.19056 0.0904829
4.19294 0.0948734
4.19607 0.0939781
4.20235 0.0962234
4.20248 0.0963518
4.2062 0.0940189
4.21062 0.0944104
4.2144 0.0941571
4.21453 0.0942854
4.21851 0.0942256
4.22229 0.0939752
4.22655 0.0942032
4.23059 0.0942096
4.23412 0.0937053
4.24066 0.0962138
4.24483 0.0943317
4.24919 0.0946571
4.24932 0.0947855
4.25265 0.0940866
4.25714 0.0945409
4.26073 0.0940993
4.26086 0.0942277
4.26451 0.0938459
4.26939 0.0946853
4.27246 0.0937302
4.27968 0.0969112
4.28321 0.0943902
4.28699 0.0941368
4.29006 0.0899836
4.29224 0.0961969
4.29615 0.0940551
4.3007 0.0945721
4.30435 0.0941903
4.30833 0.094131
4.31205 0.0938179
4.31612 0.0938553
4.32137 0.0950769
4.32426 0.0939278
4.33099 0.0966274
4.33478 0.0943631
4.33888 0.0944351
4.34222 0.0937368
4.34632 0.0938088
4.3505 0.0939465
4.35062 0.0940749
4.35422 0.0936362
4.35877 0.0941561
4.36256 0.0939087
4.36968 0.0969934
4.37327 0.0945351
4.37731 0.0945444
4.38065 0.093846
4.38623 0.0953931
4.38982 0.0897367
4.39091 0.0948601
4.39507 0.0949919
4.39802 0.0939084
4.39815 0.0940368
4.40353 0.0953839
4.40366 0.0955122
4.40603 0.0938525
4.41078 0.0945635
4.41424 0.0939906
4.42101 0.0967242
4.42485 0.0945227
4.42893 0.0945601
4.43223 0.0938302
4.4364 0.0939679
4.44038 0.0939115
4.44455 0.0940462
4.44884 0.0943123
4.45237 0.093808
4.45905 0.0964478
4.4629 0.0942463
4.46681 0.0941242
4.47072 0.0940022
4.4747 0.0939458
4.47919 0.094403
4.48252 0.0937046
4.48803 0.0951831
4.49041 0.0903281
4.49265 0.0945903
4.49586 0.0937606
4.50035 0.0942148
4.50387 0.0937076
4.51076 0.0965633
4.51425 0.0940047
4.51438 0.0941331
4.51884 0.0945557
4.52345 0.0951354
4.52358 0.0952638
4.52659 0.094246
4.5307 0.094318
4.53461 0.0941989
4.53859 0.0941425
4.54276 0.0942802
4.54289 0.0944086
4.54912 0.0966005
4.55322 0.0946557
4.55701 0.0944082
4.5606 0.0939667
4.56464 0.093973
4.56932 0.0946213
4.57272 0.0939857
4.57702 0.0942518
4.58074 0.0939386
4.58613 0.0952916
4.58625 0.09542
4.58959 0.0895068
4.591 0.0949497
4.5942 0.09412
4.60112 0.0970049
4.60541 0.0952483
4.60958 0.095383
4.61298 0.0947474
4.61734 0.0950762
4.62164 0.0953423
4.62593 0.0956025
4.63055 0.0961851
4.63485 0.0964511
4.64145 0.0990224
4.64627 0.0977852
4.64999 0.097475
4.65326 0.0967139
4.65711 0.0965291
4.66141 0.0967952
4.6652 0.0965477
4.66937 0.0966824
4.67315 0.096432
4.67989 0.0991375
4.68387 0.0970643
4.68618 0.0953418
4.69207 0.0919906
4.69367 0.0988029
4.6938 0.0989313
4.69771 0.0976309
4.70092 0.0968042
4.70105 0.0969326
4.70495 0.0968076
4.70931 0.0971335
4.71393 0.0977161
4.71816 0.0979136
4.71829 0.0980419
4.72272 0.0984364
4.72772 0.0994042
4.73433 0.101978
4.73901 0.100613
4.74331 0.100876
4.74344 0.101004
4.74677 0.100309
4.75139 0.100894
4.75531 0.100775
4.75935 0.100785
4.76359 0.100988
4.76808 0.101445
4.77449 0.103822
4.77898 0.102263
4.78302 0.102272
4.78764 0.102855
4.79085 0.102031
4.79758 0.10473
4.79931 0.0992336
4.80175 0.103687
4.8022 0.104135
4.80509 0.102989
4.80938 0.103252
4.81368 0.103515
4.81804 0.103844
4.82202 0.10379
4.82843 0.10617
4.83215 0.10384
4.83626 0.103915
4.84011 0.10373
4.84415 0.10374
4.84775 0.103301
4.85205 0.103567
4.85564 0.103129
4.86001 0.103457
4.86642 0.10584
4.87047 0.103833
4.87419 0.10352
4.87816 0.103463
4.88233 0.103601
4.88638 0.10361
4.89561 0.104773
4.89946 0.0993759
4.90016 0.104114
4.90375 0.10367
4.90805 0.103933
4.91177 0.10362
4.91805 0.105871
4.92171 0.103478
4.92575 0.103487
4.92986 0.103559
4.93409 0.10376
4.93794 0.103575
4.94185 0.103456
4.94586 0.103431
4.94952 0.103055
4.95639 0.105889
4.96043 0.103881
4.96447 0.103888
4.96813 0.103512
4.97236 0.103709
4.97589 0.103205
4.97999 0.103277
4.98423 0.10348
4.9882 0.103421
4.99346 0.104645
4.99866 0.10379
5.00752 0.105421
5.01175 0.103601
5.0156 0.103417
5.01977 0.103554
5.02368 0.103435
5.02792 0.103635
5.03183 0.103516
5.03594 0.103591
5.04011 0.103726
5.04652 0.106109
5.0507 0.10423
5.05442 0.103917
5.05807 0.103541
5.06263 0.104061
5.06603 0.103428
5.06975 0.103115
5.07379 0.103124
5.07822 0.103519
5.08451 0.105776
5.08913 0.104345
5.09208 0.103265
5.0983 0.105454
5.10004 0.0999566
5.10196 0.103899
5.10588 0.10378
5.11005 0.103915
5.11351 0.103341
5.11774 0.103542
5.12185 0.103617
5.12563 0.103369
5.12987 0.10357
5.13622 0.105887
5.14052 0.104133
5.14436 0.103949
5.14796 0.10351
5.15213 0.103648
5.15579 0.103272
5.15996 0.10341
5.16387 0.103287
5.16785 0.103234
5.1742 0.105551
5.17433 0.10568
5.1785 0.103801
5.18229 0.103553
5.18607 0.103306
5.19043 0.103629
5.19569 0.104853
5.19582 0.104982
5.19928 0.0991997
5.20011 0.104066
5.20351 0.103431
5.20723 0.103118
5.20736 0.103246
5.21166 0.103509
5.21538 0.103196
5.2155 0.103324
5.21974 0.103525
5.22584 0.105588
5.2302 0.103897
5.23424 0.103907
5.23802 0.103656
5.24194 0.103537
5.24598 0.103546
5.24989 0.103427
5.25362 0.103117
5.25785 0.10332
5.26433 0.105766
5.2685 0.103887
5.27235 0.103699
5.27594 0.103261
5.28018 0.103461
5.28441 0.103664
5.28852 0.103733
5.29211 0.103295
5.2975 0.104648
5.30565 0.103551
5.31578 0.105621
5.32018 0.103964
5.32371 0.103459
5.32791 0.103625
5.33179 0.103472
5.33577 0.103418
5.33962 0.103233
5.34385 0.103434
5.34744 0.102995
5.3545 0.106017
5.35867 0.104138
5.36259 0.104019
5.36605 0.103452
5.37035 0.103715
5.37413 0.103468
5.37811 0.103411
5.38215 0.103421
5.38613 0.103367
5.39575 0.102904
5.39909 0.0990102
5.4055 0.105421
5.41025 0.104115
5.41403 0.103865
5.41794 0.103746
5.42186 0.103627
5.42577 0.103507
5.42988 0.103579
5.43385 0.10352
5.43821 0.103845
5.44431 0.105909
5.44832 0.10387
5.45236 0.103879
5.45589 0.103375
5.45987 0.103321
5.46404 0.103459
5.46783 0.103212
5.47181 0.103155
5.47193 0.103284
5.47565 0.10297
5.4822 0.105482
5.48695 0.104179
5.48707 0.104307
5.49598 0.105147
5.49912 0.099043
5.49996 0.10391
5.50393 0.10385
5.50739 0.10328
5.51137 0.103224
5.51529 0.103105
5.52006 0.10385
5.52378 0.103537
5.52391 0.103665
5.52821 0.103928
5.53402 0.1057
5.53805 0.10369
5.54242 0.104019
5.54595 0.103515
5.54986 0.103392
5.54999 0.10352
5.55377 0.103273
5.55788 0.103348
5.56243 0.103868
5.56583 0.103235
5.57234 0.105709
5.57626 0.103573
5.58389 0.103141
5.58825 0.103467
5.59203 0.103216
5.59819 0.105337
5.60216 0.104102
5.6055 0.103401
5.61383 0.10367
5.6181 0.103902
5.62381 0.10558
5.62881 0.104531
5.63221 0.103898
5.6361 0.103748
5.64013 0.103751
5.64385 0.103438
5.64758 0.103128
5.65238 0.103901
5.65591 0.103394
5.66258 0.106031
5.67387 0.103203
5.68189 0.103156
5.68651 0.103742
5.69054 0.103742
5.69535 0.104516
5.69548 0.104644
5.699 0.0989251
5.70086 0.104816
5.70407 0.103989
5.7076 0.103485
5.71395 0.105802
5.71863 0.104434
5.7219 0.103673
5.72543 0.103165
5.7337 0.103369
5.7378 0.103438
5.74197 0.103573
5.74569 0.10326
5.75243 0.105962
5.75717 0.104657
5.76057 0.104024
5.76391 0.103329
5.76847 0.103849
5.77257 0.103921
5.77571 0.103031
5.77988 0.103166
5.78412 0.103366
5.79316 0.102321
5.79752 0.102649
5.80425 0.106184
5.81175 0.103607
5.81554 0.103359
5.8197 0.10349
5.82374 0.103494
5.82765 0.103372
5.82778 0.1035
5.83201 0.103698
5.83214 0.103826
5.83586 0.103513
5.84247 0.106084
5.84657 0.104139
5.85035 0.103889
5.85407 0.103576
5.85831 0.103773
5.86203 0.103462
5.86588 0.103278
5.86998 0.10335
5.87415 0.103487
5.88038 0.105676
5.88467 0.103923
5.8891 0.104311
5.89259 0.103775
5.8983 0.105448
5.90234 0.104276
5.90548 0.103386
5.90978 0.103652
5.91357 0.103402
5.91796 0.103759
5.92231 0.104082
5.92568 0.103418
5.93254 0.10624
5.93645 0.104101
5.94042 0.104042
5.9476 0.103155
5.95184 0.103356
5.95594 0.103428
5.96037 0.103822
5.9639 0.103318
5.97038 0.105763
5.97436 0.10369
5.97859 0.103891
5.9816 0.10287
5.98641 0.103646
5.99023 0.103427
5.99581 0.104971
5.99914 0.099058
6.0033 0.103223
6.00741 0.103301
6.01184 0.103692
6.01575 0.10357
6.01588 0.103699
6.02184 0.105631
6.02576 0.103495
6.03326 0.102928
6.03762 0.103254
6.04185 0.103452
6.04557 0.103138
6.04942 0.102954
6.05359 0.103088
6.05943 0.104895
6.06309 0.102503
6.06713 0.102512
6.0704 0.101751
6.07425 0.101566
6.07797 0.101253
6.08163 0.100877
6.08567 0.100883
6.08932 0.100504
6.09452 0.101666
6.09663 0.0965546
6.09882 0.100754
6.10177 0.0996705
6.10799 0.101859
6.11178 0.0995952
6.11572 0.0995013
6.11892 0.0986746
6.12302 0.0987408
6.12719 0.0988755
6.12732 0.0990039
6.13136 0.0990102
6.13514 0.0987569
6.13892 0.0985064
6.14482 0.100373
6.14892 0.0984253
6.1522 0.0976642
6.15559 0.0970286
6.15938 0.0967811
6.1631 0.0964679
6.16669 0.0960264
6.16682 0.0961548
6.17016 0.0954564
6.17349 0.0947581
6.17965 0.0968814
6.18337 0.094548
6.18599 0.0931421
6.19022 0.0901415
6.19215 0.0961009
6.19606 0.0939591
6.20035 0.0942193
6.20419 0.0940311
6.20843 0.0942285
6.21282 0.0945884
6.21615 0.0938872
6.2208 0.094498
6.2247 0.094373
6.23131 0.0969413
6.23496 0.0945457
6.23868 0.0942325
6.24278 0.0943016
6.24657 0.0940511
6.25055 0.0939977
6.25452 0.0939384
6.25465 0.0940668
6.25885 0.0942355
6.26244 0.093794
6.26969 0.0970071
6.27341 0.0946772
6.27771 0.0949403
6.28104 0.0942391
6.28661 0.0957802
6.29014 0.0900582
6.29084 0.0947964
6.29456 0.0944803
6.29796 0.0938447
6.30257 0.0944244
6.3027 0.0945528
6.3061 0.0939201
6.31068 0.0944677
6.3144 0.0941516
6.32094 0.0966571
6.32491 0.094581
6.32914 0.0947785
6.33241 0.0940145
6.33664 0.0942119
6.34049 0.0940272
6.34447 0.0939708
6.34851 0.0939771
6.35268 0.0941108
6.35896 0.0963625
6.36281 0.094161
6.36679 0.0941046
6.37096 0.0942393
6.37481 0.0940546
6.37916 0.0943804
6.38263 0.0938075
6.38826 0.0954114
6.39076 0.0906849
6.39237 0.0943051
6.39583 0.0937322
6.4007 0.0945687
6.40403 0.0938703
6.41083 0.0966356
6.41564 0.0953896
6.41878 0.0944973
6.42345 0.0951367
6.42358 0.0952651
6.42653 0.0941816
6.43076 0.0943762
6.43089 0.0945045
6.43435 0.0939346
6.4382 0.0937498
6.4425 0.094013
6.44262 0.0941413
6.44891 0.0963901
6.45314 0.0945737
6.45654 0.0939381
6.45699 0.094386
6.46071 0.0940758
6.46481 0.0941449
6.46885 0.0941542
6.47283 0.0940978
6.47697 0.0942009
6.48069 0.0938877
6.48633 0.0954916
6.48992 0.0898352
6.49017 0.0941255
6.49395 0.0938751
6.50113 0.0970167
6.50447 0.0943016
6.50889 0.0946931
6.5121 0.0938664
6.51633 0.0940639
6.52177 0.0954732
6.52478 0.0944524
6.52901 0.0946499
6.52914 0.0947783
6.53325 0.0948473
6.53947 0.0970334
6.53959 0.0971618
6.5437 0.095217
6.54735 0.0948382
6.55056 0.0940115
6.55499 0.094403
6.55896 0.0943466
6.56268 0.0940334
6.56666 0.093977
6.57076 0.0940461
6.57744 0.0966859
6.5809 0.0940992
6.5834 0.0925678
6.59 0.0899242
6.59071 0.0958408
6.59084 0.0959692
6.59462 0.0945374
6.59833 0.0942213
6.59846 0.0943497
6.60295 0.0947981
6.60307 0.0949265
6.60654 0.0943565
6.60667 0.0944849
6.61083 0.0946197
6.61468 0.0944319
6.61971 0.0954338
6.62311 0.0947982
6.62953 0.0971783
6.63379 0.095393
6.63777 0.0953366
6.6411 0.0946383
6.64534 0.0948387
6.64925 0.0947196
6.65272 0.0941496
6.65657 0.0939678
6.66093 0.0942966
6.66696 0.0962945
6.67119 0.0944751
6.67491 0.094162
6.67902 0.094234
6.68325 0.0944344
6.68819 0.0953365
6.69043 0.0903532
6.69248 0.0944213
6.69582 0.093723
6.70024 0.0941115
6.70037 0.0942399
6.70441 0.0942463
6.70928 0.0950857
6.71268 0.0944501
6.71897 0.0967018
6.72387 0.0955526
6.72784 0.0954962
6.7315 0.0951174
6.73535 0.0949326
6.73945 0.0950046
6.7435 0.0950139
6.74735 0.0948321
6.75126 0.094713
6.7571 0.0965168
6.76146 0.0948288
6.76486 0.0941932
6.76928 0.0945847
6.77281 0.0940775
6.77294 0.0942059
6.77698 0.0942151
6.78077 0.0939676
6.78628 0.095449
6.79026 0.0901778
6.79051 0.0944681
6.79064 0.0945965
6.79436 0.0942804
6.79449 0.0944088
6.79814 0.09403
6.79827 0.0941583
6.80295 0.0948008
6.80913 0.0969523
6.81279 0.0945567
6.81292 0.094685
6.81689 0.0946287
6.82048 0.0941871
6.82446 0.0941307
6.82879 0.094425
6.83264 0.0942431
6.83649 0.0940584
6.84021 0.0937452
6.84669 0.0961939
6.85102 0.0944743
6.85519 0.0946119
6.8586 0.0939793
6.86289 0.0942424
6.86668 0.093992
6.87072 0.0939983
6.87485 0.0941014
6.87896 0.0941734
6.88345 0.0946335
6.88819 0.0933249
6.89076 0.0906778
6.89293 0.0948714
6.89813 0.0960303
6.89826 0.0961587
6.90274 0.0945961
6.90634 0.0941546
6.91101 0.0947999
6.91428 0.0940359
6.91852 0.0942363
6.92307 0.0947563
6.9275 0.0951507
6.93141 0.0950287
6.93776 0.097346
6.94212 0.095658
6.94629 0.0957957
6.94995 0.0954198
6.95361 0.0950439
6.95727 0.094668
6.96163 0.0949968
6.96567 0.0950032
6.96971 0.0950095
6.97516 0.0964311
6.9792 0.0944207
6.97933 0.0945491
6.98267 0.0938537
6.98844 0.0955889
6.99068 0.0906026
6.99286 0.0947991
6.99645 0.0943575
7.00088 0.0947461
7.00505 0.0948868
7.00973 0.0955321
7.01403 0.0957953
7.01826 0.0959957
7.02282 0.0965185
7.02942 0.0990927
7.03372 0.097342
7.03815 0.0977335
7.04181 0.0973576
7.04636 0.0978804
7.05066 0.0981465
7.05483 0.0982842
7.05888 0.0982934
7.06324 0.0986222
7.06978 0.10113
7.07414 0.0994422
7.07774 0.0990036
7.08191 0.0991407
7.08569 0.0988932
7.09127 0.10044
7.095 0.0949152
7.09583 0.0997818
7.09929 0.0992119
7.10314 0.09903
7.10808 0.0999322
7.10821 0.100061
7.11231 0.100133
7.11622 0.100011
7.12309 0.102841
7.12777 0.101476
7.13181 0.101482
7.13586 0.101492
7.14035 0.101949
7.14477 0.10234
7.14862 0.102158
7.15337 0.102872
7.1578 0.103267
7.16409 0.105521
7.16813 0.103514
7.17236 0.103711
7.17249 0.10384
7.17582 0.103141
7.18468 0.103927
7.18878 0.103997
7.19238 0.103558
7.19757 0.10472
7.20219 0.104127
7.20559 0.103494
7.20982 0.103692
7.2154 0.105239
7.22002 0.103808
7.22336 0.103109
7.22823 0.103949
7.22836 0.104077
7.23182 0.103507
7.23657 0.104224
7.24036 0.103974
7.24414 0.103726
7.24764 0.10319
7.25431 0.10583
7.25823 0.103694
7.26214 0.103575
7.26606 0.103456
7.27055 0.103913
7.2742 0.103537
7.27831 0.103609
7.28222 0.10349
7.28235 0.103618
7.28614 0.103371
7.29242 0.10562
7.29556 0.102713
7.2996 0.0995247
7.29973 0.103687
7.3057 0.105616
7.31378 0.103615
7.31795 0.103749
7.3218 0.103568
7.32597 0.103705
7.3302 0.103906
7.33453 0.104203
7.33838 0.104015
7.34403 0.105628
7.35596 0.103445
7.35994 0.103391
7.36405 0.103463
7.36815 0.103538
7.37316 0.104506
7.37611 0.103426
7.38201 0.105295
7.38978 0.102974
7.39542 0.104581
7.39991 0.10386
7.40363 0.103547
7.40754 0.103425
7.41588 0.1037
7.42018 0.103966
7.42352 0.103268
7.42801 0.103725
7.43417 0.105851
7.43808 0.103713
7.44218 0.103785
7.44552 0.103086
7.45014 0.103672
7.45399 0.10349
7.45829 0.103756
7.46195 0.10338
7.46599 0.103389
7.47227 0.105641
7.47625 0.103568
7.4801 0.103383
7.48401 0.103264
7.48863 0.103847
7.49242 0.103599
7.49748 0.10463
7.50223 0.104165
7.50563 0.10353
7.50992 0.103793
7.5139 0.103736
7.51801 0.103808
7.52385 0.105615
7.52827 0.10399
7.53196 0.103642
7.53581 0.10346
7.54042 0.104043
7.54408 0.103667
7.54755 0.1031
7.55217 0.103686
7.55615 0.103629
7.56224 0.105693
7.56629 0.103685
7.57039 0.103757
7.57417 0.103507
7.57822 0.103516
7.58226 0.103525
7.58643 0.103663
7.59072 0.103923
7.59553 0.104697
7.59973 0.099654
7.60012 0.104073
7.60724 0.103124
7.61394 0.105792
7.61792 0.103722
7.62196 0.103731
7.62568 0.103418
7.62992 0.103618
7.63422 0.103884
7.63819 0.103828
7.64307 0.10467
7.6457 0.103267
7.65635 0.103837
7.6604 0.103846
7.66392 0.103339
7.66405 0.103467
7.66835 0.103733
7.67316 0.104507
7.67611 0.103427
7.68041 0.103693
7.68439 0.103639
7.69343 0.102596
7.69702 0.102152
7.69958 0.099505
7.70369 0.105624
7.70754 0.103423
7.71158 0.103429
7.71562 0.103435
7.71985 0.103639
7.72364 0.103388
7.72376 0.103517
7.72819 0.103908
7.73178 0.103467
7.73191 0.103595
7.73563 0.103285
7.74198 0.105599
7.74599 0.103557
7.75009 0.103629
7.75401 0.10351
7.75831 0.103776
7.76197 0.1034
7.76627 0.103666
7.77031 0.103672
7.77403 0.103359
7.77993 0.105229
7.78436 0.103606
7.7884 0.103613
7.78853 0.103741
7.79199 0.103171
7.79744 0.10459
7.80026 0.100183
7.80167 0.103612
7.80546 0.103364
7.81001 0.103884
7.81373 0.103571
7.81835 0.104154
7.82195 0.103715
7.82522 0.102954
7.83182 0.105525
7.83606 0.103712
7.84016 0.103781
7.84407 0.103659
7.8478 0.103348
7.85203 0.103546
7.85613 0.103618
7.86024 0.10369
7.86415 0.103571
7.87031 0.105694
7.87403 0.103364
7.87833 0.103627
7.87846 0.103756
7.8816 0.102866
7.88749 0.104727
7.89541 0.104577
7.89971 0.0996279
7.9006 0.104557
7.90753 0.10342
7.91202 0.103877
7.91593 0.103752
7.92196 0.10575
7.92581 0.103549
7.93024 0.10394
7.93389 0.103562
7.93825 0.103887
7.94242 0.104022
7.94595 0.103518
7.95006 0.10359
7.95384 0.103339
7.96026 0.105722
7.96847 0.103853
7.97219 0.103539
7.97655 0.103868
7.98482 0.104072
7.9888 0.104013
7.99245 0.103637
7.99739 0.104539
8.00528 0.103188
8.01163 0.103485
8.01561 0.103426
8.01997 0.103752
8.02375 0.103504
8.02798 0.103702
8.03215 0.103837
8.03613 0.10378
8.04036 0.103978
8.04402 0.103602
8.05826 0.103727
8.06192 0.103351
8.06615 0.103554
8.07052 0.103883
8.07424 0.103573
8.07866 0.103964
8.08213 0.103394
8.08841 0.105646
8.0956 0.102746
8.09964 0.099557
8.10156 0.105516
8.10561 0.103509
8.11 0.103869
8.11013 0.103997
8.11353 0.103362
8.11782 0.103622
8.12173 0.103497
8.12548 0.103211
8.12977 0.103474
8.13356 0.103224
8.14003 0.105664
8.14407 0.10365
8.14791 0.103466
8.15202 0.103538
8.156 0.103481
8.16017 0.103619
8.1603 0.103747
8.16434 0.103757
8.16838 0.103766
8.17204 0.10339
8.17852 0.105833
8.18242 0.103691
8.18653 0.10376
8.18729 0.104528
8.18999 0.103187
8.19544 0.104603
8.1998 0.0997159
8.20037 0.104326
8.20371 0.103627
8.20743 0.103314
8.20756 0.103443
8.21179 0.103643
8.21583 0.103649
8.22038 0.104166
8.22359 0.10334
8.22968 0.103383
8.23417 0.103838
8.2343 0.103966
8.23814 0.103778
8.2425 0.104104
8.24616 0.103725
8.24629 0.103854
8.25026 0.103797
8.25385 0.103356
8.25815 0.103622
8.26168 0.103118
8.26823 0.105629
8.27208 0.103428
8.27644 0.103756
8.27997 0.103249
8.28439 0.103641
8.28875 0.103964
8.28888 0.104092
8.29228 0.103459
8.29773 0.104875
8.30209 0.104022
8.30555 0.103455
8.30998 0.10385
8.31582 0.105654
8.32014 0.103928
8.32348 0.10323
8.3279 0.103621
8.32803 0.10375
8.33175 0.103434
8.33585 0.103506
8.34015 0.103769
8.34438 0.103966
8.34785 0.103396
8.35849 0.105976
8.36247 0.103903
8.36632 0.103721
8.37043 0.103793
8.37459 0.103928
8.37851 0.103806
8.38222 0.10349
8.38719 0.104423
8.3904 0.103596
8.3961 0.105269
8.3997 0.0996155
8.40027 0.104225
8.40579 0.10571
8.41009 0.103956
8.41361 0.103449
8.4179 0.103706
8.42181 0.103584
8.42569 0.10343
8.43037 0.104076
8.43351 0.103183
8.4378 0.103439
8.44213 0.103734
8.44758 0.103133
8.45194 0.103458
8.45508 0.102566
8.45855 0.101999
8.46195 0.101366
8.46605 0.101438
8.46958 0.100934
8.46971 0.101063
8.47356 0.100875
8.47702 0.100305
8.48305 0.1023
8.48747 0.100669
8.49157 0.100738
8.49484 0.0947589
8.49567 0.0996255
8.49907 0.0989899
8.50272 0.0986081
8.50638 0.0982293
8.51138 0.0991971
8.5151 0.098881
8.51811 0.0978632
8.51824 0.0979916
8.52311 0.0988251
8.52901 0.100692
8.53317 0.0988067
8.5333 0.0989351
8.53741 0.0990071
8.54099 0.0985626
8.54446 0.0979897
8.54837 0.0978677
8.55209 0.0975545
8.55222 0.0976829
8.55574 0.0971757
8.55869 0.0960951
8.5627 0.0960698
8.56841 0.0977453
8.57194 0.0952213
8.57534 0.0945886
8.57899 0.0942098
8.584 0.0951776
8.58841 0.0955632
8.58854 0.0956916
8.59034 0.0902575
8.59233 0.0942628
8.59585 0.0937556
8.60104 0.0949086
8.60117 0.095037
8.60412 0.0939535
8.60851 0.0943105
8.61575 0.0975178
8.61972 0.0954417
8.6235 0.0951883
8.62703 0.094684
8.63075 0.0943679
8.63088 0.0944963
8.63485 0.094437
8.63844 0.0939955
8.64287 0.094387
8.64665 0.0941365
8.65024 0.093695
8.65691 0.0943151
8.66121 0.0945811
8.6648 0.0941367
8.66878 0.0940832
8.67269 0.0939612
8.67706 0.09429
8.68186 0.0950637
8.68641 0.0955777
8.68718 0.0963451
8.69019 0.0901125
8.69045 0.0944028
8.69487 0.0947914
8.69776 0.0936422
8.70481 0.0966584
8.7091 0.0949047
8.71276 0.0945259
8.71641 0.0941441
8.7207 0.0944014
8.7248 0.0944705
8.72871 0.0943484
8.7334 0.0949967
8.73631 0.0938786
8.74305 0.0965812
8.74715 0.0946306
8.7508 0.0942547
8.75459 0.0940042
8.75856 0.0939478
8.76273 0.0940826
8.76658 0.0938978
8.77088 0.094158
8.77505 0.0942957
8.77921 0.0944304
8.78377 0.0949532
8.78851 0.0936446
8.7905 0.0904212
8.7948 0.0967347
8.79826 0.094148
8.80256 0.0944081
8.80268 0.0945365
8.80653 0.0943518
8.80666 0.0944802
8.81102 0.094806
8.81429 0.094042
8.81859 0.0943051
8.82301 0.0946996
8.82687 0.0945177
8.83347 0.0970919
8.83707 0.0946336
8.84091 0.0944488
8.8447 0.0942013
8.84817 0.0936343
8.85256 0.0939942
8.85647 0.0938751
8.86077 0.0941377
8.86443 0.0937589
8.86853 0.0938309
8.86866 0.0939593
8.87508 0.0943255
8.87937 0.0945886
8.88258 0.0937649
8.88803 0.0951806
8.89002 0.0899405
8.89265 0.0945878
8.89278 0.0947161
8.8965 0.0944
8.90028 0.0941496
8.90425 0.0940903
8.90848 0.0942878
8.91265 0.0944225
8.91618 0.0939148
8.92336 0.0970623
8.92721 0.0948602
8.93131 0.0949293
8.93465 0.0942309
8.93849 0.0940462
8.94273 0.094246
8.94658 0.0940642
8.95056 0.0940108
8.95416 0.0935721
8.96109 0.0964687
8.9648 0.0941359
8.96897 0.0942735
8.97321 0.0944739
8.97702 0.0942575
8.98075 0.0939444
8.98709 0.0962588
8.98998 0.0899007
8.99056 0.0945105
8.99453 0.0944512
8.99819 0.0940724
9.00267 0.0945237
9.00639 0.0942137
9.01287 0.0966565
9.01685 0.0945834
9.0214 0.0951033
9.0248 0.0944706
9.02903 0.0946681
9.03282 0.0944201
9.03667 0.0942353
9.04026 0.0937937
9.04437 0.0938687
9.05069 0.0961574
9.05557 0.0949829
9.05922 0.0946071
9.06275 0.0941028
9.06666 0.0939807
9.07096 0.0942439
9.07481 0.094062
9.07886 0.0940713
9.08328 0.0944657
9.08797 0.095114
9.09034 0.0902591
9.09278 0.0947153
9.09579 0.0936975
9.10292 0.0967852
9.10638 0.0941985
9.11029 0.0940764
9.11407 0.093823
9.11859 0.0943113
9.12257 0.0942549
9.12674 0.0943926
9.13033 0.0939511
9.13412 0.0937036
9.14105 0.0966001
9.14506 0.094561
9.14904 0.0945076
9.15257 0.0940033
9.15642 0.0938156
9.16078 0.0941444
9.16475 0.0940851
9.16886 0.0941571
9.17258 0.0938439
9.17678 0.0940127
9.18313 0.0943133
9.18621 0.0933552
9.19005 0.0899724
9.19262 0.0965737
9.19653 0.0944349
9.2007 0.0945667
9.20441 0.0942506
9.20845 0.094257
9.21205 0.0938154
9.21609 0.0938218
9.22109 0.0947896
9.22404 0.0937061
9.23096 0.0965997
9.23494 0.0945266
9.2386 0.0941507
9.24245 0.0939659
9.24656 0.0940408
9.25041 0.093859
9.25439 0.0938056
9.25862 0.094006
9.26247 0.0938241
9.26985 0.0971657
9.27357 0.0948357
9.27736 0.0945882
9.28076 0.0939556
9.28595 0.0951174
9.29012 0.0900373
9.29069 0.0946471
9.29082 0.0947755
9.29422 0.0941399
9.29807 0.0939552
9.30313 0.0949828
9.30659 0.0944128
9.30672 0.0945412
9.31128 0.0950611
9.31429 0.0940403
9.32179 0.0975132
9.32622 0.095888
9.33045 0.0960854
9.33443 0.096032
9.33841 0.0959756
9.34258 0.0961103
9.34719 0.0966959
9.35188 0.0973471
9.35535 0.0967801
9.36195 0.0993543
9.36638 0.0977319
9.37023 0.0975442
9.37414 0.0974222
9.37825 0.0974971
9.38306 0.0982738
9.38319 0.0984022
9.38723 0.0984086
9.39235 0.0995018
9.39505 0.0949664
9.39761 0.099548
9.40114 0.0990437
9.40575 0.0996234
9.40954 0.099373
9.41691 0.102715
9.42133 0.101086
9.42146 0.101214
9.42563 0.101352
9.43057 0.102251
9.43435 0.102004
9.43884 0.102458
9.44307 0.102658
9.44718 0.102733
9.45186 0.103381
9.45841 0.105893
9.46271 0.104142
9.46662 0.104023
9.47419 0.103525
9.47868 0.103982
9.47881 0.104111
9.48247 0.103735
9.48728 0.104512
9.49061 0.10381
9.49555 0.104715
9.49953 0.099447
9.50055 0.104505
9.50356 0.103484
9.51017 0.106058
9.51819 0.103991
9.52191 0.103681
9.52557 0.103305
9.53006 0.103762
9.53423 0.1039
9.53808 0.103715
9.54206 0.103659
9.54822 0.105788
9.55236 0.103877
9.5564 0.103887
9.56032 0.103768
9.5641 0.10352
9.56853 0.103914
9.57225 0.103601
9.57584 0.10316
9.57995 0.103232
9.58707 0.106319
9.59053 0.103733
9.59361 0.102778
9.59977 0.0996891
9.60015 0.105286
9.604 0.10392
9.61195 0.103804
9.61586 0.103682
9.61965 0.103435
9.62356 0.103313
9.62811 0.103833
9.63164 0.103325
9.63812 0.105771
9.64242 0.104021
9.64633 0.103901
9.65005 0.103588
9.65384 0.103341
9.65833 0.103798
9.66212 0.10355
9.66642 0.103817
9.6702 0.103566
9.67617 0.105501
9.68438 0.103631
9.68848 0.1037
9.69208 0.103262
9.69792 0.105066
9.7059 0.103806
9.70994 0.103812
9.71353 0.10337
9.71783 0.103634
9.72181 0.10358
9.72816 0.105897
9.73188 0.103568
9.73201 0.103696
9.73612 0.103771
9.74003 0.103649
9.74388 0.103464
9.74773 0.103282
9.7521 0.103614
9.7564 0.10388
9.75973 0.103185
9.76634 0.105762
9.77404 0.103375
9.77417 0.103504
9.7777 0.102999
9.78149 0.102752
9.78713 0.104362
9.79059 0.103789
9.79584 0.10501
9.79925 0.0991659
9.80393 0.103848
9.80765 0.103535
9.81143 0.103284
9.8183 0.106115
9.82182 0.103594
9.82555 0.103281
9.82997 0.103672
9.83375 0.103422
9.83799 0.103622
9.84312 0.104724
9.84601 0.103578
9.84954 0.103074
9.85654 0.106036
9.86058 0.104029
9.86071 0.104157
9.86443 0.103844
9.872 0.103346
9.87617 0.103484
9.88021 0.103493
9.88432 0.103568
9.88855 0.103765
9.8933 0.104479
9.89849 0.103624
9.90221 0.10415
9.90773 0.105634
9.91606 0.103884
9.91972 0.103508
9.92357 0.103323
9.92787 0.103586
9.93181 0.103495
9.93605 0.103699
9.93989 0.103511
9.94624 0.105828
9.95029 0.10382
9.95439 0.103892
9.95805 0.103516
9.96183 0.103269
9.96633 0.103729
9.97024 0.103607
9.97415 0.103488
9.97813 0.103431
9.98442 0.105689
9.99212 0.103303
9.99796 0.105106
9.99982 0.099738

