% time_sec delay_sec
1.14938 0.0492158
1.14938 0.0492158
1.24934 0.0491742
1.34932 0.0491524
1.44829 0.352138
1.44933 0.0491595
1.54933 0.0491625
1.64935 0.0491803
1.74934 0.0491693
1.75097 0.352137
1.8494 0.0492367
1.94966 0.248829
1.95089 0.050703
1.95401 0.0558443
1.95771 0.0555094
2.04985 0.143608
2.05093 0.0507403
2.05416 0.0559915
2.058 0.0557983
2.06197 0.0557334
2.06591 0.0556375
2.06988 0.0555771
2.07388 0.0555468
2.07799 0.0556218
2.08216 0.0557565
2.08866 0.0562097
2.09232 0.0558338
2.09713 0.0566105
2.10175 0.0571961
2.10657 0.0579757
2.11157 0.0589464
2.11657 0.0599142
2.12209 0.0613956
2.12657 0.061844
2.1267 0.0619723
2.13381 0.0650571
2.13836 0.0635573
2.1433 0.0644624
2.14767 0.0647941
2.15242 0.0655081
2.15742 0.0664788
2.16056 0.0603775
2.16159 0.0654381
2.16557 0.0653817
2.17018 0.0659644
2.17346 0.0652033
2.17737 0.0650842
2.18372 0.0674016
2.18789 0.0655166
2.19218 0.0657768
2.19231 0.0659052
2.19519 0.064756
2.1993 0.0648251
2.2041 0.0655959
2.20808 0.0655395
2.21141 0.0648412
2.21616 0.0655522
2.22007 0.0654331
2.22687 0.0682013
2.23078 0.0660595
2.23451 0.0657493
2.23887 0.0660752
2.24272 0.0658933
2.2465 0.0656458
2.25074 0.0658492
2.25421 0.0652822
2.25921 0.0662529
2.26332 0.0651465
2.26742 0.0652185
2.27364 0.0674046
2.2782 0.0659107
2.28154 0.0652153
2.2859 0.065544
2.29032 0.0659326
2.29045 0.066061
2.29372 0.065297
2.29725 0.0647898
2.30096 0.0644737
2.30532 0.0647966
2.30955 0.0649941
2.31596 0.0653545
2.32026 0.0656176
2.32462 0.0659493
2.32866 0.0659522
2.33225 0.0655107
2.33617 0.0653915
2.34033 0.0655263
2.34405 0.0652131
2.34778 0.0649029
2.35721 0.0642513
2.36023 0.0600383
2.36311 0.0669592
2.36747 0.0652712
2.37171 0.0654716
2.37575 0.0654809
2.37967 0.0653618
2.38358 0.0652427
2.38737 0.0649952
2.39153 0.0651299
2.39564 0.065199
2.39577 0.0653274
2.40276 0.0682837
2.4059 0.0653775
2.40981 0.0652525
2.4143 0.0657068
2.41827 0.0656499
2.42219 0.0655308
2.42706 0.0663731
2.4311 0.0663765
2.43123 0.0665049
2.43373 0.0649735
2.43816 0.065365
2.44412 0.0673002
2.44849 0.0656151
2.45273 0.0658185
2.45767 0.0667265
2.4603 0.0601116
2.46133 0.0651722
2.46537 0.0651815
2.46941 0.0651908
2.47339 0.0651344
2.47737 0.0650809
2.48167 0.065347
2.48545 0.0650995
2.49167 0.0672855
2.49558 0.0651438
2.49962 0.0651501
2.50379 0.0652819
2.50789 0.065354
2.51174 0.0651692
2.51623 0.0656264
2.51995 0.0653127
2.52431 0.0656415
2.52867 0.0659673
2.53406 0.0653065
2.53823 0.0654441
2.54221 0.0653877
2.54568 0.0648178
2.5501 0.0652123
2.55421 0.0652872
2.55922 0.0662579
2.56371 0.0655367
2.56736 0.0651609
2.5716 0.0653613
2.57558 0.0653049
2.5818 0.0674968
2.58578 0.0654236
2.58962 0.0652359
2.59341 0.0649855
2.59745 0.0649918
2.60162 0.0651295
2.60579 0.0652642
2.60964 0.0650795
2.61361 0.0650231
2.62054 0.0679197
2.62471 0.0660406
2.62863 0.0659185
2.63228 0.0655397
2.63616 0.065389
2.64027 0.065461
2.64457 0.065727
2.64791 0.0650316
2.65195 0.065038
2.65721 0.0662655
2.66022 0.0600358
2.66138 0.0652248
2.66542 0.0652341
2.67145 0.067232
2.67569 0.0654156
2.67954 0.0652308
2.68358 0.0652401
2.68756 0.0651837
2.69185 0.0654468
2.69583 0.0653875
2.69916 0.0646921
2.70391 0.0654002
2.71 0.0674608
2.71436 0.0657728
2.71847 0.0658448
2.72225 0.0655973
2.72694 0.0662486
2.73117 0.066446
2.73464 0.065879
2.73848 0.0656942
2.74195 0.0651243
2.74586 0.0650052
2.75215 0.0652431
2.75485 0.0639057
2.76146 0.0664828
2.7655 0.0653137
2.76961 0.0653857
2.77345 0.0652009
2.77358 0.0653293
2.77788 0.0655954
2.78148 0.0651568
2.78924 0.06485
2.7995 0.0670423
2.80373 0.0652201
2.80796 0.0654205
2.81168 0.0651073
2.81617 0.0655645
2.82024 0.0656049
2.82429 0.0656142
2.82814 0.0654294
2.8325 0.0657553
2.84206 0.0652321
2.84616 0.065307
2.85412 0.0651972
2.85913 0.0661679
2.86323 0.0650616
2.86721 0.0650052
2.8717 0.0654594
2.87548 0.0652119
2.87933 0.0650272
2.8835 0.0651648
2.88979 0.0674165
2.8937 0.0652807
2.89729 0.0648362
2.9014 0.0649082
2.90576 0.065237
2.90993 0.0653717
2.91384 0.0652496
2.91769 0.0650678
2.92199 0.0653339
2.92885 0.0681619
2.93251 0.0657663
2.93636 0.0655844
2.94059 0.0657848
2.94451 0.0656657
2.9481 0.0652271
2.95259 0.0656843
2.95708 0.0661415
2.9601 0.0599117
2.96113 0.0649724
2.9653 0.06511
2.96934 0.0651193
2.97338 0.0651257
2.97967 0.0673803
2.98358 0.0652444
2.9873 0.0649313
2.99167 0.0652601
2.99596 0.0655232
2.99975 0.0652757
3.00372 0.0652193
3.00745 0.0649117
3.01143 0.0648553
3.01858 0.0679741
3.02224 0.0655814
3.02673 0.0660386
3.03436 0.0656024
3.03891 0.0661223
3.04267 0.0658432
3.04607 0.0652105
3.04998 0.0650914
3.05409 0.0651663
3.05884 0.0638635
3.06031 0.0601266
3.0632 0.0650307
3.06949 0.0672853
3.07353 0.0652779
3.07751 0.0652244
3.08155 0.0652337
3.08566 0.0653086
3.09009 0.0657001
3.09349 0.0650675
3.09708 0.0646289
3.10158 0.065089
3.10813 0.0676033
3.1121 0.0655272
3.11614 0.0655365
3.12019 0.0655458
3.12442 0.0657462
3.12859 0.0658809
3.13237 0.0656334
3.1361 0.0653232
3.13981 0.0650071
3.15046 0.0655733
3.15419 0.065263
3.159 0.0660426
3.16022 0.0600322
3.16317 0.064999
3.16747 0.0652651
3.17189 0.0656566
3.17549 0.065218
3.17927 0.0649705
3.18357 0.0652365
3.18742 0.0650518
3.19159 0.0651894
3.19795 0.0675068
3.20224 0.0657532
3.20583 0.0653116
3.20987 0.065318
3.21411 0.0655183
3.21828 0.065656
3.22222 0.065568
3.22659 0.0658968
3.22999 0.0652641
3.23615 0.0673904
3.24038 0.065574
3.2441 0.0652608
3.25283 0.0659214
3.25751 0.0665726
3.26027 0.0600861
3.26117 0.0650183
3.26521 0.0650276
3.26926 0.0650369
3.26939 0.0651653
3.2733 0.0650432
3.27728 0.0649898
3.28158 0.0652559
3.28857 0.0682122
3.29228 0.0658794
3.29574 0.0653036
3.29587 0.0654319
3.29914 0.0646709
3.30337 0.0648684
3.3078 0.0652599
3.30793 0.0653883
3.31171 0.0651378
3.31594 0.0653348
3.31607 0.0654632
3.31998 0.065344
3.32666 0.0679839
3.33044 0.0657166
3.33409 0.0653378
3.33801 0.0652158
3.34211 0.0652878
3.34586 0.0650057
3.35003 0.0651434
3.35369 0.0647675
3.35857 0.0656099
3.3628 0.0646314
3.36704 0.0648318
3.37101 0.0647754
3.37736 0.0670928
3.38102 0.0647001
3.38513 0.0647721
3.38974 0.0653518
3.39317 0.0647502
3.39727 0.0648193
3.40042 0.0639299
3.40459 0.0640646
3.40863 0.0640739
3.41607 0.0674811
3.4196 0.06496
3.42454 0.0658651
3.42832 0.0656147
3.43191 0.0651702
3.43204 0.0652986
3.43563 0.06486
3.43929 0.0644782
3.44301 0.064165
3.44679 0.0639175
3.45327 0.0663574
3.4559 0.0629376
3.45872 0.0585306
3.45962 0.0634629
3.46597 0.0657802
3.46937 0.0631279
3.47321 0.0629431
3.47693 0.0626299
3.48027 0.0619316
3.48399 0.0616214
3.48861 0.0622011
3.48873 0.0623295
3.49136 0.0609235
3.49572 0.0612464
3.50123 0.0627278
3.50463 0.0600725
3.50848 0.0598877
3.51271 0.0600852
3.51675 0.0600945
3.52098 0.0602949
3.5249 0.0601728
3.52894 0.0601792
3.53265 0.0598631
3.53868 0.061858
3.54253 0.0596564
3.54714 0.0602361
3.55221 0.0612696
3.55478 0.054589
3.55567 0.0595213
3.56004 0.0598501
3.56382 0.0596026
3.56742 0.059161
3.5712 0.0589135
3.57518 0.0588572
3.57858 0.0582215
3.583 0.0586131
3.58883 0.060411
3.59204 0.057567
3.59684 0.0583378
3.59986 0.05732
3.60383 0.0572577
3.60832 0.0577149
3.61268 0.0580437
3.61691 0.0582411
3.61704 0.0583695
3.62108 0.0583759
3.62788 0.0611382
3.63166 0.058871
3.63525 0.0584294
3.63932 0.0584669
3.64375 0.0588584
3.64754 0.0586109
3.6526 0.0596444
3.65369 0.0535055
3.65658 0.0584067
3.66062 0.058416
3.6646 0.0583596
3.66813 0.0578553
3.67197 0.0576705
3.67832 0.059985
3.68281 0.0584254
3.68717 0.0587483
3.69038 0.0579216
3.6941 0.0576084
3.69858 0.0580626
3.70307 0.058514
3.70641 0.0578156
3.71083 0.0582037
3.7182 0.0615423
3.72294 0.0602336
3.72307 0.060362
3.72717 0.0604281
3.73159 0.0608167
3.73544 0.060629
3.73986 0.0610205
3.74403 0.0611582
3.74877 0.0618663
3.75358 0.062643
3.75622 0.0560281
3.75737 0.0612171
3.76138 0.0611889
3.76568 0.0614549
3.77183 0.0635783
3.77549 0.0611856
3.7794 0.0610636
3.78357 0.0612012
3.78806 0.0616525
3.79171 0.0612708
3.79556 0.0610831
3.79997 0.0614687
3.80312 0.0605763
3.81011 0.0635327
3.81414 0.0615193
3.81882 0.0621676
3.82337 0.0626846
3.82856 0.0638406
3.83216 0.063399
3.83639 0.0635994
3.84011 0.0632863
3.8445 0.0636462
3.85111 0.0662174
3.85124 0.0663458
3.85412 0.0631828
3.85836 0.0633832
3.85958 0.0593895
3.86483 0.0666644
3.86958 0.0653586
3.86971 0.065487
3.87291 0.0646603
3.87709 0.064798
3.88093 0.0646132
3.88138 0.0650611
3.88581 0.0654526
3.88927 0.0648827
3.89324 0.0648204
3.89715 0.0646954
3.90362 0.0671353
3.90375 0.0672637
3.90747 0.0649333
3.91145 0.0648739
3.916 0.0653939
3.91991 0.0652718
3.9244 0.065726
3.92453 0.0658544
3.92853 0.0658257
3.93167 0.0649333
3.93553 0.0647515
3.94197 0.0671627
3.94578 0.0649266
3.9497 0.0648075
3.95413 0.0652019
3.95875 0.0657875
3.95971 0.0595203
3.96272 0.0645498
3.96695 0.0647502
3.97067 0.0644341
3.97446 0.0641866
3.97831 0.0640018
3.98196 0.063623
3.986 0.0636294
3.99209 0.0656841
3.99574 0.0632855
3.99959 0.0630978
4.00369 0.063164
4.0078 0.0632416
4.01267 0.064081
4.01626 0.0636395
4.02024 0.0635802
4.02424 0.0635514
4.03097 0.0662481
4.0311 0.0663765
4.03501 0.0642401
4.03899 0.0641808
4.04348 0.0646379
4.04739 0.0645188
4.05233 0.065421
4.05714 0.0661976
4.05938 0.0591976
4.06028 0.0641298
4.06416 0.0639732
4.06859 0.0643677
4.07192 0.0636693
4.07578 0.0634875
4.08162 0.0652943
4.08553 0.0631584
4.09008 0.0636724
4.09316 0.0627173
4.09328 0.0628457
4.09652 0.0620501
4.10088 0.0623759
4.10101 0.0625043
4.10473 0.0621911
4.108 0.0614301
4.11224 0.0616305
4.11884 0.0642017
4.12384 0.0631498
4.12823 0.0635068
4.1325 0.0637383
4.13641 0.0636162
4.14045 0.0636226
4.14458 0.0637227
4.14856 0.0636663
4.15228 0.0633532
4.15754 0.0645778
4.15863 0.0584389
4.16145 0.0632774
4.1619 0.0637252
4.16555 0.0633494
4.17164 0.065407
4.17517 0.062886
4.1753 0.0630144
4.17973 0.0634059
4.18319 0.0628389
4.18781 0.0634186
4.19108 0.0626546
4.19569 0.0632343
4.19825 0.0617656
4.20248 0.0619596
4.20325 0.062727
4.20876 0.0642084
4.21325 0.0626458
4.21703 0.0623949
4.22216 0.0634881
4.22668 0.063973
4.23046 0.0637225
4.23476 0.0639886
4.23855 0.0637382
4.24271 0.0638729
4.24945 0.066572
4.25317 0.0642415
4.25624 0.0632864
4.25939 0.0591989
4.26266 0.066502
4.26682 0.0646199
4.27099 0.0647517
4.275 0.0647259
4.27885 0.0645412
4.28231 0.0639712
4.28724 0.0648734
4.29071 0.0643005
4.29423 0.0637903
4.29436 0.0639187
4.30057 0.0661018
4.30474 0.0642169
4.30884 0.0642859
4.31327 0.0646774
4.31791 0.0652912
4.32176 0.0651035
4.32189 0.0652319
4.32644 0.0657518
4.3299 0.0651789
4.33343 0.0646746
4.34042 0.0676339
4.34812 0.0652476
4.35749 0.0665471
4.36173 0.0655721
4.36564 0.0654501
4.36993 0.0657132
4.37365 0.0654
4.37757 0.0652809
4.38142 0.0650961
4.38565 0.0652965
4.39168 0.0672885
4.39546 0.0650184
4.39963 0.0651531
4.40443 0.0659239
4.40796 0.0654197
4.412 0.0654231
4.41616 0.0655578
4.41959 0.0649533
4.42434 0.0656673
4.43826 0.0654694
4.44224 0.065413
4.44596 0.0650999
4.45006 0.0651719
4.45443 0.0655036
4.45918 0.0662175
4.4636 0.0654307
4.46777 0.0655654
4.4679 0.0656938
4.47162 0.0653777
4.47174 0.0655061
4.47553 0.0652586
4.48182 0.0675132
4.48701 0.0666525
4.48983 0.0654435
4.49438 0.0659605
4.49791 0.0654533
4.50252 0.0660359
4.50659 0.0660699
4.50967 0.0651148
4.51412 0.0655345
4.52038 0.0677545
4.52448 0.0658039
4.52903 0.0663238
4.5325 0.0657568
4.53654 0.0657661
4.54052 0.0657097
4.54449 0.0656533
4.54822 0.0653431
4.55188 0.0649672
4.55758 0.0666426
4.56009 0.0598993
4.56099 0.0648316
4.56528 0.0650947
4.57163 0.0674091
4.57567 0.0654016
4.57971 0.065408
4.58376 0.0654173
4.58824 0.0658686
4.59183 0.0654241
4.59561 0.0651707
4.59881 0.0643411
4.60426 0.0657509
4.61009 0.0675547
4.61426 0.0656727
4.61824 0.0656163
4.62311 0.0664557
4.62683 0.0661425
4.63459 0.0658357
4.63844 0.065648
4.63857 0.0657764
4.6421 0.0652721
4.64845 0.0675924
4.65236 0.0654565
4.655 0.0640535
4.66128 0.0663082
4.66545 0.0652675
4.66949 0.0652738
4.67783 0.0655462
4.68162 0.0652987
4.68592 0.0655648
4.69034 0.0659504
4.69393 0.0655059
4.69957 0.0671157
4.6997 0.0672441
4.70393 0.0654218
4.7081 0.0655566
4.71265 0.0660735
4.71643 0.065826
4.72047 0.0658324
4.72477 0.0660985
4.72868 0.0659735
4.73215 0.0654065
4.73837 0.0675954
4.75037 0.0654752
4.75441 0.0654845
4.75935 0.0663925
4.76359 0.0654174
4.76782 0.0656178
4.77243 0.0661975
4.77558 0.0653081
4.77936 0.0650606
4.7836 0.065261
4.78373 0.0653894
4.78982 0.06745
4.79495 0.0665294
4.79784 0.0653832
4.80233 0.0658374
4.80245 0.0659658
4.80617 0.0656526
4.8106 0.0660441
4.81471 0.0661162
4.81804 0.0654178
4.82215 0.0654928
4.82869 0.0680012
4.83228 0.0655429
4.84037 0.0655615
4.84467 0.0658276
4.85282 0.0659118
4.85738 0.0664346
4.85988 0.0596913
4.86103 0.0648804
4.86527 0.0650808
4.86931 0.06509
4.86944 0.0652184
4.87342 0.065162
4.8797 0.0674167
4.88375 0.0654092
4.88792 0.0655439
4.8917 0.0652935
4.89561 0.0651685
4.8999 0.0654316
4.90003 0.06556
4.90388 0.0653723
4.90728 0.0647397
4.91164 0.0650655
4.91818 0.067574
4.91831 0.0677024
4.92665 0.0659604
4.93063 0.0659041
4.93435 0.0655909
4.93845 0.0656629
4.94612 0.0652617
4.95003 0.0651426
4.95498 0.0660506
4.95915 0.0641715
4.96312 0.0649536
4.96967 0.067462
4.97358 0.0653232
4.97762 0.0653325
4.98179 0.0654702
4.98583 0.0654795
4.98987 0.0654858
4.99385 0.0654265
4.99737 0.0649193
5.00116 0.0646718
5.0079 0.06738
5.01611 0.0655044
5.02028 0.065642
5.02471 0.0660365
5.02882 0.0661085
5.0326 0.065861
5.03645 0.0656791
5.04011 0.0653003
5.05031 0.0654191
5.05897 0.0660139
5.05993 0.0597467
5.06314 0.0649703
5.06359 0.0654182
5.06776 0.0655559
5.07155 0.0653084
5.07585 0.0655744
5.0795 0.0651985
5.08361 0.0652735
5.08714 0.0647692
5.08727 0.0648976
5.0917 0.065292
5.09786 0.0674183
5.10196 0.0654735
5.10601 0.0654828
5.10992 0.0653608
5.11005 0.0654892
5.11428 0.0656861
5.11812 0.0655013
5.12236 0.0657047
5.12672 0.0660335
5.13 0.0652724
5.13609 0.067333
5.14822 0.0653411
5.15239 0.0654788
5.15765 0.0667063
5.1615 0.0653461
5.16541 0.0652241
5.16945 0.0652333
5.17337 0.0651142
5.17741 0.0651235
5.18158 0.0652612
5.18806 0.067704
5.19171 0.0653084
5.19569 0.0652491
5.19998 0.0655122
5.20011 0.0656406
5.2039 0.0653902
5.20813 0.0655906
5.21217 0.0655969
5.21602 0.0654121
5.22 0.0653558
5.22686 0.0681896
5.2309 0.0661763
5.23411 0.0653525
5.23828 0.0654872
5.24245 0.0656249
5.24611 0.065249
5.25028 0.0653867
5.25426 0.0653332
5.25939 0.0664353
5.2635 0.0653289
5.26735 0.0651442
5.27171 0.06547
5.27768 0.0674051
5.28172 0.0653976
5.28583 0.0654726
5.29019 0.0657984
5.29417 0.065745
5.29801 0.0655573
5.30212 0.0656293
5.30565 0.065125
5.30988 0.0653254
5.31643 0.0678368
5.32031 0.0656664
5.32473 0.0660608
5.32868 0.0659699
5.3323 0.0655595
5.33628 0.065506
5.34064 0.0658348
5.34411 0.0652649
5.34783 0.0649546
5.35437 0.0674631
5.35713 0.0641717
5.35989 0.059702
5.36079 0.0646342
5.36791 0.0677249
5.37169 0.0654577
5.3758 0.0655326
5.37978 0.0654762
5.38382 0.0654855
5.38761 0.065238
5.39229 0.0658863
5.39518 0.0647401
5.3996 0.0651316
5.4098 0.0652416
5.41441 0.0658242
5.41807 0.0654483
5.42224 0.065586
5.42712 0.0664283
5.43122 0.0664974
5.43135 0.0666258
5.43398 0.0652223
5.43834 0.0655481
5.44405 0.0672265
5.44819 0.0653157
5.45249 0.0655818
5.45756 0.0666182
5.46141 0.065258
5.46571 0.0655241
5.46956 0.0653393
5.4736 0.0653456
5.47732 0.0650354
5.48181 0.0654926
5.4856 0.0652451
5.49028 0.0658904
5.49611 0.0676884
5.49983 0.0653555
5.50393 0.0654246
5.50804 0.0654966
5.51188 0.0653118
5.51631 0.0657063
5.52045 0.0658094
5.52417 0.0654962
5.52847 0.0657593
5.53414 0.0674031
5.55011 0.065223
5.55429 0.0653607
5.55929 0.0663344
5.56038 0.0601956
5.5632 0.065034
5.56708 0.0648803
5.57157 0.0653346
5.57497 0.0647019
5.57895 0.0646455
5.58562 0.0672853
5.59011 0.0657198
5.59351 0.0650872
5.59755 0.0650906
5.60108 0.0645863
5.6055 0.0649749
5.60947 0.0649156
5.61306 0.064474
5.61752 0.0648996
5.62458 0.0679245
5.62881 0.0661052
5.63584 0.0650651
5.63988 0.0650685
5.64385 0.0650121
5.6477 0.0648303
5.65213 0.0652188
5.65226 0.0653472
5.65642 0.065482
5.65893 0.0587387
5.65995 0.0637993
5.66386 0.0636773
5.66765 0.0634298
5.67374 0.0654874
5.67695 0.0626469
5.68061 0.062268
5.68433 0.0619578
5.68901 0.0626002
5.69176 0.0613227
5.69189 0.0614511
5.69548 0.0610066
5.69926 0.0607561
5.69971 0.061204
5.70247 0.0599265
5.70907 0.0625006
5.7092 0.062629
5.71279 0.0601707
5.71722 0.0605652
5.72139 0.0606999
5.72569 0.060963
5.7303 0.0615456
5.73396 0.0611668
5.73767 0.0608507
5.74133 0.0604719
5.74768 0.0627893
5.75005 0.0591127
5.75416 0.0591847
5.75538 0.055191
5.76045 0.0622748
5.76404 0.0598194
5.76795 0.0596974
5.77161 0.0593215
5.77533 0.0590083
5.77924 0.0588863
5.78284 0.0584477
5.78713 0.0587049
5.78995 0.057493
5.79649 0.0600015
5.79662 0.0601299
5.80021 0.0576711
5.80412 0.0575461
5.80835 0.0577465
5.81284 0.0582037
5.81727 0.0585952
5.82195 0.05924
5.82547 0.0587328
5.82907 0.0582913
5.8356 0.0607968
5.83958 0.0587207
5.84381 0.0589211
5.84773 0.058802
5.85273 0.0597698
5.85369 0.0535026
5.85664 0.0584694
5.86062 0.0584125
5.86447 0.0582277
5.86812 0.0578518
5.87184 0.0575387
5.87512 0.0567776
5.87896 0.0565928
5.88519 0.0587818
5.88897 0.0565117
5.8891 0.0566401
5.89234 0.0558474
5.8965 0.0559792
5.90035 0.0557944
5.90471 0.0561232
5.90901 0.0563893
5.91267 0.0560104
5.9128 0.0561388
5.91674 0.0560479
5.9236 0.0588729
5.92767 0.0568965
5.93196 0.0571538
5.93555 0.0567122
5.93959 0.0567157
5.94414 0.0572326
5.94427 0.057361
5.94889 0.0579466
5.95145 0.051266
5.95235 0.0561983
5.9562 0.0560135
5.96037 0.0561512
5.9605 0.0562796
5.9639 0.0556469
5.96801 0.0557184
5.9741 0.057779
5.97859 0.0562194
5.98263 0.0562257
5.98641 0.0559753
5.9901 0.0556276
5.99516 0.0566581
5.99824 0.055703
6.00253 0.0559602
6.00658 0.0559754
6.01293 0.0582893
6.01748 0.0567924
6.02184 0.0571212
6.02614 0.0573873
6.03006 0.0572652
6.0339 0.0570775
6.0382 0.0573377
6.04185 0.0569589
6.04198 0.0570873
6.04531 0.0563889
6.05045 0.0574881
6.05154 0.0513492
6.0541 0.0559309
6.05802 0.0558118
6.06411 0.0578753
6.06803 0.0557394
6.07226 0.0559398
6.07681 0.0564597
6.08034 0.0559554
6.08432 0.055899
6.0881 0.0556486
6.09247 0.0559774
6.09631 0.0557926
6.10292 0.0583668
6.10677 0.0561652
6.11101 0.0563656
6.11572 0.0570421
6.12039 0.0576874
6.12366 0.0569234
6.12796 0.0571866
6.13149 0.0566794
6.13527 0.056426
6.14168 0.0588031
6.14534 0.0564105
6.14835 0.0553897
6.15104 0.0508543
6.15412 0.0579663
6.15803 0.0558304
6.16207 0.0558367
6.1622 0.0559651
6.16612 0.055846
6.17016 0.0558523
6.17439 0.0560527
6.17837 0.0559964
6.18215 0.0557425
6.18657 0.0561311
6.19298 0.0585082
6.19689 0.0563665
6.2008 0.0562415
6.20093 0.0563699
6.20471 0.0561189
6.20855 0.0559312
6.21295 0.0562911
6.21759 0.0569019
6.21772 0.0570303
6.22214 0.0574159
6.22509 0.0563324
6.23131 0.0585155
6.23541 0.0565678
6.23907 0.0561919
6.24349 0.0565805
6.24785 0.0569093
6.25099 0.050808
6.25202 0.0558686
6.25606 0.055875
6.26007 0.0558497
6.26405 0.0557933
6.26796 0.0556742
6.272 0.0556805
6.27611 0.0557525
6.28277 0.0583835
6.28738 0.0569435
6.29071 0.0562423
6.29084 0.0563707
6.29469 0.056183
6.29847 0.0559325
6.3027 0.056127
6.30668 0.0560707
6.31068 0.0560419
6.31466 0.0559826
6.32183 0.0591272
6.3226 0.0598946
6.32555 0.0567972
6.3294 0.0566095
6.33318 0.0563591
6.33677 0.0559146
6.34075 0.0558582
6.34473 0.0558018
6.34979 0.0568353
6.35088 0.0506965
6.35421 0.0560445
6.35794 0.0557313
6.36217 0.0559317
6.36615 0.0558753
6.37205 0.0577419
6.37615 0.0557971
6.38089 0.0565052
6.38102 0.0566336
6.38455 0.0561264
6.38826 0.0558073
6.3925 0.0560077
6.39679 0.0562679
6.4007 0.0561429
6.40083 0.0562713
6.40442 0.0558298
6.41154 0.0589145
6.41615 0.0574775
6.42096 0.0582483
6.42172 0.0590157
6.4248 0.0580576
6.42871 0.0579356
6.43262 0.0578106
6.43275 0.057939
6.43711 0.0582678
6.44096 0.058083
6.44544 0.0585343
6.45019 0.0592483
6.45301 0.0528245
6.45404 0.0578851
6.45788 0.0576974
6.46455 0.0603343
6.46802 0.0577505
6.47187 0.0575658
6.47559 0.0572526
6.47966 0.0572901
6.48364 0.0572307
6.48774 0.0572969
6.49107 0.0565985
6.49479 0.0562824
6.50152 0.0589762
6.50536 0.0567746
6.50953 0.0569094
6.51421 0.0575547
6.51883 0.0581374
6.52369 0.0589704
6.52876 0.0600009
6.5326 0.0598132
6.53639 0.0595628
6.5437 0.0628416
6.54928 0.0623689
6.55139 0.0604523
6.55819 0.0580057
6.55909 0.0641163
6.56364 0.0634579
6.56942 0.065196
6.57314 0.0648828
6.57756 0.0652773
6.58154 0.0652209
6.58616 0.0658035
6.59045 0.0660637
6.59423 0.0658104
6.59436 0.0659388
6.59974 0.0672888
6.60372 0.0652098
6.60814 0.0656013
6.61218 0.0656076
6.61625 0.0656451
6.62049 0.0658455
6.62478 0.0661086
6.62914 0.0664345
6.62927 0.0665628
6.63196 0.0652226
6.63841 0.0676367
6.64226 0.0654352
6.65034 0.0654508
6.65438 0.0654601
6.65958 0.0666248
6.66067 0.060486
6.66382 0.0656469
6.66395 0.0657753
6.66779 0.0655905
6.66792 0.0657189
6.67209 0.0658507
6.67587 0.0656032
6.67972 0.0654184
6.68351 0.0651709
6.68986 0.0674853
6.69396 0.0655377
6.69787 0.0654156
6.70261 0.0661237
6.70595 0.0654283
6.71005 0.0654974
6.71492 0.0663338
6.71807 0.0654444
6.72271 0.0660581
6.72938 0.0686921
6.73278 0.0660426
6.7365 0.0657295
6.74061 0.0658015
6.74478 0.0659391
6.75255 0.0656382
6.7578 0.0668628
6.75979 0.0596059
6.76095 0.064795
6.76537 0.0651865
6.76999 0.0657691
6.77332 0.0650708
6.77974 0.0674538
6.78378 0.0654463
6.78782 0.0654497
6.79193 0.0655217
6.79577 0.065334
6.79994 0.0654658
6.80404 0.065532
6.80785 0.0653126
6.8117 0.0651249
6.81811 0.067505
6.82241 0.0657514
6.8268 0.0661142
6.83097 0.0662489
6.83482 0.0660642
6.83893 0.0661362
6.84284 0.0660171
6.85 0.0651053
6.85937 0.064391
6.86058 0.0603973
6.86328 0.0651073
6.86956 0.0673561
6.87354 0.0652829
6.87787 0.0655801
6.88191 0.0655894
6.88589 0.065533
6.88986 0.0654737
6.8937 0.065283
6.89755 0.0650953
6.90146 0.0649733
6.90781 0.0672877
6.91204 0.0654684
6.91608 0.0654748
6.92057 0.0659319
6.92487 0.0661951
6.92936 0.0666493
6.93257 0.0658255
6.93629 0.0655124
6.94033 0.0655187
6.94617 0.0673254
6.95047 0.0655747
6.95913 0.0661696
6.96009 0.0599024
6.96343 0.0652573
6.96772 0.0655204
6.97183 0.0655895
6.97587 0.0655988
6.97933 0.0650288
6.97946 0.0651572
6.98389 0.0655517
6.98793 0.0655551
6.99164 0.065239
6.99754 0.0671055
7.00241 0.0659252
7.00621 0.0656836
7.01011 0.0655587
7.01467 0.0660786
7.01839 0.0657654
7.0223 0.0656463
7.02698 0.0662946
7.03077 0.0660471
7.03751 0.0687496
7.04463 0.06579
7.04842 0.0655425
7.05259 0.0656801
7.05759 0.0666509
7.06164 0.0654818
7.06176 0.0656102
7.06574 0.0655533
7.06991 0.065688
7.07401 0.06576
7.07774 0.0654498
7.08178 0.0654586
7.08781 0.0674564
7.09192 0.0655117
7.09583 0.0653896
7.09981 0.0653332
7.10423 0.0657277
7.10834 0.0657968
7.11231 0.0657404
7.1161 0.0654899
7.12052 0.0658815
7.12681 0.068139
7.13079 0.0660629
7.13438 0.0656243
7.13836 0.0655679
7.1424 0.0655743
7.14593 0.06507
7.15023 0.0653361
7.15934 0.0663818
7.16351 0.0653411
7.16762 0.0654131
7.1721 0.0658673
7.17788 0.0676054
7.18173 0.0654068
7.18609 0.0657356
7.18994 0.0655479
7.19404 0.0656229
7.19808 0.0656292
7.20219 0.0657012
7.20572 0.0651969
7.20995 0.0653944
7.21008 0.0655228
7.22041 0.065767
7.22477 0.0660958
7.22874 0.0660365
7.23221 0.0654665
7.24036 0.0655478
7.24427 0.0654287
7.2479 0.0650212
7.25457 0.067661
7.25746 0.064498
7.26009 0.0598999
7.26111 0.0649605
7.26753 0.0673436
7.27176 0.0655272
7.276 0.0657305
7.27985 0.0655457
7.28376 0.0654266
7.28832 0.0659436
7.29184 0.0654393
7.29556 0.0651262
7.30018 0.0657088
7.30582 0.0673185
7.31012 0.0655678
7.31468 0.0660877
7.31833 0.0657089
7.32231 0.0656555
7.32706 0.0663694
7.33428 0.0655204
7.34428 0.0674589
7.34826 0.0653887
7.3575 0.0665598
7.36161 0.0654564
7.36559 0.0654
7.36963 0.0654093
7.37367 0.0654157
7.37739 0.0651054
7.38201 0.065691
7.38599 0.0656375
7.38952 0.0651303
7.39567 0.0672507
7.39965 0.0651776
7.40401 0.0655063
7.40818 0.0656411
7.41614 0.0655313
7.42076 0.0661168
7.42454 0.0658693
7.42839 0.0656846
7.43442 0.0676824
7.43833 0.0655436
7.44218 0.0653588
7.45001 0.0651177
7.45437 0.0654494
7.45944 0.0664858
7.46053 0.060347
7.46349 0.0653167
7.46759 0.0653887
7.47176 0.0655235
7.47574 0.0654671
7.4792 0.0648971
7.48562 0.0672802
7.48991 0.0655265
7.49389 0.0654701
7.49787 0.0654108
7.50223 0.0657396
7.50236 0.065868
7.50588 0.0653608
7.50992 0.0653671
7.5139 0.0653107
7.51826 0.0656395
7.52462 0.0679598
7.52866 0.0659494
7.53209 0.0653449
7.54017 0.0653605
7.54434 0.0654982
7.5523 0.0653884
7.5573 0.0663591
7.56019 0.060001
7.56109 0.0649332
7.56539 0.0651993
7.56956 0.065337
7.57559 0.0673319
7.57976 0.0654528
7.58406 0.0657189
7.58784 0.0654684
7.59175 0.0653464
7.59553 0.065093
7.59566 0.0652214
7.59986 0.0653902
7.60396 0.0654592
7.60775 0.0652117
7.61432 0.0677513
7.6183 0.0656811
7.62697 0.066276
7.63107 0.066348
7.6346 0.0658437
7.6389 0.0661068
7.6423 0.0654742
7.64583 0.0649699
7.65257 0.0676753
7.6552 0.0642556
7.65533 0.064384
7.65924 0.0642648
7.66508 0.0669071
7.66989 0.065667
7.6738 0.0655449
7.6781 0.065811
7.68195 0.0656292
7.68599 0.0656384
7.69022 0.0658359
7.69741 0.0649499
7.70382 0.067327
7.70792 0.0653823
7.71215 0.0655797
7.71613 0.0655233
7.72056 0.0659178
7.72479 0.0661182
7.72896 0.0662529
7.73242 0.065683
7.73602 0.0652444
7.74237 0.0675583
7.74599 0.0651311
7.75022 0.0653314
7.75427 0.0653407
7.75908 0.0661204
7.7603 0.0601099
7.76351 0.0653364
7.76774 0.0655368
7.77178 0.0655432
7.77569 0.0654241
7.77967 0.0653677
7.78397 0.0656337
7.78756 0.0651922
7.79391 0.0675096
7.79783 0.0653707
7.80225 0.0657623
7.80604 0.0655148
7.81001 0.0654584
7.8145 0.0659156
7.81835 0.0657279
7.8222 0.065546
7.82656 0.0658748
7.83208 0.0673562
7.83606 0.065286
7.83978 0.0649699
7.84407 0.065233
7.84741 0.0645376
7.85126 0.0643499
7.85588 0.0649354
7.85812 0.0579354
7.85902 0.0628676
7.86248 0.0622977
7.86589 0.061665
7.86896 0.0607099
7.87224 0.0599488
7.8773 0.0609823
7.88083 0.0584583
7.88442 0.0580168
7.88852 0.05808
7.8907 0.0562261
7.89429 0.0557846
7.8983 0.0557593
7.90246 0.0558911
7.90676 0.0561572
7.91286 0.0582177
7.91722 0.0565268
7.92068 0.0559569
7.92466 0.0559005
7.92863 0.0558441
7.9328 0.0559789
7.93659 0.0557284
7.94056 0.0556691
7.9446 0.0556784
7.94993 0.0569686
7.95089 0.0507014
7.95384 0.0556682
7.95788 0.0556775
7.96404 0.055787
7.96796 0.0556679
7.97206 0.0557399
7.97629 0.0559403
7.98014 0.0557555
7.98437 0.055953
7.98867 0.0562132
7.9922 0.0557089
7.9963 0.0557779
8.00229 0.0577383
8.00242 0.0578667
8.0065 0.0558964
8.01073 0.0560938
8.01477 0.0561002
8.01932 0.0566171
8.02253 0.0557934
8.02657 0.0557997
8.03049 0.0556777
8.03465 0.0558124
8.04074 0.05787
8.04511 0.0561821
8.04799 0.0550358
8.05088 0.0506945
8.05428 0.0581259
8.058 0.0557989
8.06192 0.0556798
8.06603 0.0557548
8.07 0.0556984
8.07411 0.0557733
8.07841 0.0560365
8.082 0.0555949
8.08617 0.0557326
8.09258 0.0581127
8.0965 0.0559739
8.10054 0.0559797
8.10445 0.0558606
8.10846 0.0558382
8.11275 0.0560984
8.11699 0.0562959
8.12064 0.0559141
8.12448 0.0557264
8.13073 0.057943
8.13509 0.0562521
8.13881 0.055936
8.14278 0.0558767
8.14791 0.0569729
8.15099 0.0508059
8.15202 0.0558665
8.156 0.0558102
8.16004 0.0558194
8.16017 0.0559478
8.16395 0.0557003
8.168 0.0557096
8.17204 0.0557189
8.17621 0.0558536
8.18268 0.0562767
8.18608 0.0556411
8.19069 0.0562208
8.1946 0.0560988
8.19473 0.0562272
8.19845 0.0559135
8.20255 0.0559791
8.20685 0.0562452
8.21076 0.0561231
8.2148 0.0561295
8.22179 0.0590859
8.22564 0.0568843
8.22917 0.0563771
8.2293 0.0565055
8.23308 0.0562551
8.23673 0.0558762
8.24128 0.0563932
8.245 0.05608
8.24988 0.0569194
8.25084 0.0506522
8.25398 0.0558131
8.2579 0.055694
8.26213 0.0558944
8.2681 0.0578295
8.27221 0.0558847
8.27644 0.0560851
8.28041 0.0560258
8.28439 0.0559694
8.28875 0.0562924
8.29241 0.0559165
8.29644 0.0559199
8.30048 0.0559262
8.3044 0.0558071
8.31081 0.0581901
8.31505 0.0563738
8.31989 0.0571786
8.32335 0.0566087
8.32701 0.0562328
8.33092 0.0561078
8.33104 0.0562362
8.33502 0.0561798
8.3388 0.0559294
8.34278 0.0558701
8.34848 0.057542
8.35105 0.0508615
8.35208 0.0559221
8.35798 0.0577916
8.36221 0.0559752
8.36234 0.0561036
8.36606 0.0557934
8.37017 0.0558654
8.37408 0.0557433
8.37838 0.0560065
8.38248 0.0560755
8.38614 0.0556967
8.39053 0.0560537
8.3945 0.0559973
8.40066 0.0561009
8.40476 0.0561729
8.40887 0.0562449
8.41284 0.0561856
8.4179 0.0572132
8.42194 0.0572195
8.42634 0.0575794
8.43037 0.0575828
8.43364 0.0568188
8.4396 0.0587441
8.44399 0.0570814
8.44412 0.0572098
8.44848 0.0575385
8.45124 0.0510491
8.45245 0.0563009
8.45649 0.0563072
8.46054 0.0563165
8.46419 0.0559406
8.46824 0.0559499
8.47215 0.0558278
8.47651 0.0561537
8.48023 0.0558435
8.48638 0.0579609
8.49119 0.0567149
8.49542 0.0569095
8.49856 0.0560171
8.50272 0.0561489
8.50695 0.0563463
8.51163 0.0569946
8.51548 0.0568069
8.52022 0.057518
8.52375 0.0570078
8.5301 0.0593222
8.53022 0.0594506
8.53407 0.0572462
8.53843 0.057572
8.54228 0.0573843
8.54625 0.0573279
8.55125 0.0582957
8.55196 0.0517717
8.55561 0.0574432
8.55953 0.0573241
8.56341 0.0571704
8.56726 0.0569856
8.57059 0.0562873
8.57669 0.0583479
8.58085 0.0564659
8.58464 0.0562154
8.58854 0.0560875
8.58899 0.0565354
8.59271 0.0562223
8.59688 0.0563541
8.60142 0.0568681
8.60502 0.0564265
8.60889 0.0562699
8.61364 0.056981
8.621 0.0582969
8.62479 0.0580465
8.62864 0.0578617
8.63299 0.0581876
8.63723 0.058385
8.64146 0.0585854
8.64588 0.058974
8.65076 0.0598164
8.65319 0.0530074
8.65422 0.058068
8.65813 0.057946
8.66198 0.0577642
8.66763 0.0593739
8.67148 0.0571724
8.6752 0.0568592
8.67937 0.0569939
8.68295 0.0565495
8.68776 0.0573173
8.69045 0.0559771
8.69487 0.0563656
8.6984 0.0558584
8.70481 0.0582326
8.70923 0.0566074
8.71314 0.0564853
8.71769 0.0569994
8.71782 0.0571278
8.72262 0.0578986
8.72275 0.058027
8.72846 0.0596994
8.73275 0.0599626
8.73695 0.0601284
8.74099 0.0601348
8.74625 0.0613564
8.75189 0.0629691
8.75626 0.0612811
8.75767 0.0574786
8.76299 0.0648191
8.76787 0.0636447
8.77286 0.0646096
8.77716 0.0648756
8.78178 0.0654612
8.78704 0.0666828
8.79005 0.065665
8.79403 0.0656057
8.798 0.0655493
8.80384 0.0673502
8.80801 0.0654681
8.81192 0.0653461
8.81609 0.0654808
8.82051 0.0658723
8.82468 0.06601
8.82898 0.0662731
8.83655 0.0657781
8.84053 0.0657217
8.84624 0.0653833
8.85057 0.0656805
8.85461 0.0656898
8.8593 0.0663376
8.86051 0.0603271
8.86404 0.0658702
8.86783 0.0656227
8.87161 0.0653723
8.87174 0.0655007
8.87578 0.0655099
8.87591 0.0656383
8.87989 0.065582
8.88412 0.0657853
8.8879 0.0655319
8.89797 0.0655164
8.9024 0.0659079
8.90592 0.0654007
8.91003 0.0654698
8.91445 0.0658584
8.91458 0.0659868
8.91823 0.0656074
8.9231 0.0664468
8.92669 0.0660048
8.93644 0.0656697
8.94042 0.0656134
8.94465 0.0658132
8.94851 0.0656314
8.95274 0.0658347
8.95794 0.0669995
8.96173 0.0655737
8.96557 0.065386
8.96968 0.065458
8.97385 0.0655956
8.97805 0.0657644
8.98396 0.0676339
8.98799 0.0656205
8.99197 0.0655641
8.99588 0.0654392
8.99966 0.0651887
8.99979 0.0653171
9.00453 0.0660284
9.008 0.0654585
9.01204 0.0654648
9.01621 0.0655995
9.02673 0.0660378
9.0307 0.0659785
9.03448 0.0657275
9.03461 0.0658559
9.03885 0.0660563
9.04283 0.0660029
9.04642 0.0655643
9.05069 0.0657987
9.05448 0.0655512
9.05935 0.0663936
9.06044 0.0602547
9.06416 0.0659919
9.06788 0.0656787
9.07379 0.0675482
9.07777 0.065478
9.08194 0.0656156
9.08636 0.0660072
9.09002 0.0656313
9.094 0.0655749
9.09811 0.0656498
9.10214 0.0656562
9.10625 0.0657282
9.11208 0.067529
9.11616 0.0655497
9.12039 0.0657501
9.12462 0.0659505
9.12918 0.0664704
9.13277 0.0660318
9.13681 0.0660411
9.14079 0.0659847
9.14866 0.0657805
9.15475 0.0658244
9.15751 0.0645468
9.16039 0.0602054
9.16315 0.0669979
9.16777 0.0655637
9.17181 0.0655701
9.17595 0.0656761
9.17986 0.0655541
9.18396 0.0656261
9.18819 0.0658206
9.19185 0.0654447
9.19602 0.0655795
9.20217 0.0676999
9.20583 0.0653043
9.20999 0.065439
9.21455 0.065956
9.21846 0.0658339
9.22275 0.066097
9.22705 0.0663631
9.23122 0.0664978
9.23468 0.0659279
9.24072 0.0679258
9.2445 0.0656615
9.24848 0.065608
9.25285 0.0659398
9.25798 0.0670389
9.2617 0.0655503
9.26568 0.0654939
9.27011 0.0658854
9.2737 0.0654439
9.27787 0.0655816
9.28204 0.0657192
9.28608 0.0657256
9.29198 0.0675892
9.29589 0.0654504
9.2998 0.0653283
9.30435 0.0658423
9.30833 0.065786
9.31224 0.0656639
9.31609 0.0654791
9.32025 0.0656139
9.32468 0.0660054
9.33096 0.0682571
9.33456 0.0658017
9.33841 0.0656169
9.34206 0.0652381
9.34591 0.0650533
9.35021 0.0653194
9.35926 0.0663024
9.36016 0.0599695
9.36349 0.0653244
9.36773 0.0655248
9.37221 0.0659761
9.37594 0.0656659
9.38191 0.067601
9.38607 0.065719
9.39069 0.0662987
9.39389 0.0654719
9.398 0.065541
9.40229 0.0658041
9.4062 0.0656792
9.40992 0.065366
9.41447 0.065883
9.42095 0.0683253
9.42467 0.0659983
9.42992 0.067217
9.43217 0.0654288
9.4364 0.0656292
9.44012 0.065316
9.44461 0.0657732
9.44847 0.0655914
9.45225 0.0653409
9.45751 0.0665685
9.46162 0.065465
9.4656 0.0654087
9.47163 0.0674065
9.47573 0.0654617
9.47971 0.0654054
9.48388 0.065543
9.48843 0.06606
9.49177 0.0653617
9.49555 0.0651112
9.50042 0.0659507
9.50382 0.065315
9.51017 0.0676324
9.5146 0.0660072
9.51832 0.065694
9.5223 0.0656406
9.52685 0.0661634
9.53102 0.0662981
9.53449 0.0657311
9.53859 0.0658031
9.54835 0.0674908
9.55262 0.0657084
9.55525 0.0643054
9.56147 0.0664973
9.56552 0.0653282
9.56962 0.0654003
9.57366 0.0654066
9.57796 0.0656727
9.58175 0.0654252
9.58617 0.0658196
9.58996 0.0655692
9.59387 0.0654471
9.5999 0.0674421
9.60003 0.0675704
9.60387 0.065366
9.60811 0.0655664
9.61208 0.065507
9.61612 0.0655134
9.62061 0.0659706
9.62459 0.0659142
9.62863 0.0659205
9.63203 0.0652849
9.63825 0.0674739
9.64216 0.065338
9.64595 0.0650905
9.65044 0.0655477
9.65435 0.0654286
9.6591 0.0661426
9.66032 0.0601321
9.66327 0.0651019
9.66738 0.0651739
9.6718 0.0655654
9.67578 0.0655119
9.67989 0.0655839
9.684 0.0656589
9.69003 0.0676538
9.69401 0.0655836
9.69817 0.0657183
9.70231 0.0658214
9.70603 0.0655083
9.7102 0.065643
9.71482 0.0662286
9.71834 0.0657214
9.72232 0.0656679
9.7288 0.0681137
9.73265 0.0659121
9.73663 0.0658587
9.74029 0.0654799
9.74465 0.0658087
9.7485 0.0656268
9.75274 0.0658302
9.75781 0.0668666
9.76166 0.0655063
9.7657 0.0655156
9.76975 0.0655249
9.77404 0.065788
9.77982 0.0675291
9.78399 0.06565
9.78854 0.066167
9.79175 0.0653403
9.79584 0.0654064
9.79995 0.0654784
9.80418 0.0656788
9.80829 0.0657508
9.81233 0.0657572
9.81842 0.0678177
9.82221 0.0655535
9.82683 0.066139
9.83048 0.0657602
9.83414 0.0653814
9.83824 0.0654534
9.84627 0.0654092
9.85031 0.0654185
9.85506 0.0661354
9.85962 0.0646415
9.86045 0.0602626
9.86347 0.0652951
9.86975 0.0675468
9.86988 0.0676752
9.8736 0.0653453
9.87777 0.0654829
9.88175 0.0654295
9.88579 0.0654388
9.89009 0.0657019
9.89394 0.0655171
9.89785 0.0653951
9.90221 0.0657239
9.90799 0.067465
9.91202 0.0654516
9.91619 0.0655863
9.92024 0.0655956
9.9246 0.0659244
9.92864 0.0659307
9.93219 0.0654546
9.9363 0.0655296
9.94586 0.0670168
9.95029 0.0653945
9.95452 0.0655948
9.9592 0.0662461
9.96029 0.0601073
9.9635 0.0653338
9.96768 0.0654714
9.97172 0.0654778
9.97184 0.0656062
9.97557 0.065296
9.97967 0.065368
9.98417 0.0658281
9.98801 0.0656433
9.99186 0.0654585
9.99783 0.0673907

