% time_sec delay_sec
1.16592 0.0657456
1.16592 0.0657456
1.26607 0.0658906
1.36592 0.0657444
1.46508 0.368917
1.46594 0.0657642
1.56592 0.065746
1.66595 0.0657723
1.76594 0.065766
1.7677 0.368862
1.86594 0.0657665
1.96645 0.2656
1.96731 0.0671099
1.97041 0.0722343
1.97444 0.0722229
2.06668 0.160432
2.07478 0.0725708
2.07883 0.0725801
2.08325 0.0729716
2.08706 0.0727483
2.09104 0.0726919
2.09521 0.0728267
2.09899 0.0725792
2.10554 0.0730738
2.1092 0.0726979
2.11349 0.0729611
2.11708 0.0725195
2.12209 0.0734873
2.12631 0.0736789
2.12939 0.0727209
2.13343 0.0727301
2.13727 0.0725424
2.1433 0.0745373
2.14741 0.0725955
2.15126 0.0724108
2.15537 0.0724857
2.15922 0.0723009
2.16506 0.0741047
2.16858 0.0683885
2.16961 0.0734463
2.17006 0.0738942
2.17307 0.0728763
2.17712 0.0728856
2.18096 0.0727008
2.18481 0.0725161
2.19141 0.0750843
2.19564 0.0732621
2.19943 0.0730117
2.2041 0.0736541
2.2075 0.0730214
2.21154 0.0730278
2.21564 0.0730968
2.21943 0.0728493
2.22392 0.0733065
2.22879 0.0741459
2.23412 0.0754391
2.23874 0.074005
2.24285 0.0740799
2.2474 0.0746027
2.25177 0.0749345
2.25639 0.07552
2.26017 0.0752725
2.26441 0.0754729
2.26999 0.07702
2.27069 0.070496
2.27403 0.0758479
2.2782 0.0759856
2.28461 0.0783686
2.28911 0.0768091
2.29359 0.0772604
2.29846 0.0780968
2.30237 0.0779748
2.30673 0.0782977
2.31102 0.0785608
2.31519 0.0786926
2.3193 0.0787646
2.31942 0.078893
2.32347 0.0789023
2.33039 0.0797757
2.33443 0.079785
2.33912 0.0804333
2.34367 0.0809532
2.34816 0.0814133
2.35252 0.0817421
2.35682 0.0820082
2.36048 0.0816323
2.36061 0.0817607
2.36472 0.0818327
2.37075 0.0838305
2.38422 0.0820099
2.3925 0.0822166
2.39262 0.082345
2.39641 0.0820946
2.40423 0.0818505
2.40904 0.0826242
2.41192 0.0814751
2.4184 0.0839203
2.43123 0.0826302
2.43476 0.0821259
2.44271 0.0820131
2.44669 0.0819597
2.45067 0.0819063
2.45478 0.0819812
2.46056 0.0837223
2.46473 0.0818432
2.46871 0.0817897
2.47807 0.0778774
2.48237 0.082177
2.49052 0.0822553
2.4943 0.0820049
2.49828 0.0819456
2.50206 0.0816951
2.50847 0.0840723
2.52072 0.0822083
2.52867 0.0820926
2.53239 0.0817794
2.53637 0.081726
2.54087 0.0821832
2.55023 0.0814659
2.55447 0.0816692
2.55896 0.0821264
2.56313 0.0822641
2.56685 0.0819509
2.57089 0.0819602
2.57609 0.0831221
2.57975 0.0815678
2.58405 0.0818339
2.58789 0.0816462
2.58802 0.0817746
2.592 0.0817182
2.5986 0.0842894
2.60258 0.0822162
2.60669 0.0822882
2.61868 0.0821848
2.62657 0.0820093
2.63093 0.0823351
2.63106 0.0824635
2.63712 0.0844925
2.64091 0.0822282
2.64495 0.0822375
2.64887 0.0821184
2.65682 0.0820056
2.66061 0.0817581
2.66478 0.0818958
2.66863 0.0817139
2.67427 0.0833237
2.67755 0.0773507
2.67812 0.0819606
2.68159 0.0813936
2.68833 0.0840961
2.6966 0.0822831
2.70057 0.0822267
2.7084 0.0819827
2.72007 0.0815567
2.73464 0.0820043
2.73874 0.0820763
2.74272 0.0820199
2.74689 0.0821576
2.75068 0.0819101
2.75459 0.081791
2.75889 0.082057
2.7628 0.0819379
2.76852 0.0815995
2.77166 0.0807101
2.77775 0.0775587
2.77814 0.0831558
2.78244 0.0822435
2.79039 0.0821278
2.79828 0.0819494
2.80232 0.0819528
2.8061 0.0817023
2.80995 0.0815176
2.82454 0.0819962
2.82814 0.0815547
2.83275 0.0821373
2.83667 0.0820182
2.84103 0.082347
2.84873 0.0819833
2.85508 0.0843007
2.85521 0.0844291
2.85848 0.0816512
2.8631 0.0822368
2.86721 0.0823088
2.87067 0.0817389
2.87683 0.0766335
2.88427 0.0820604
2.8885 0.0822579
2.89236 0.0820761
2.89665 0.0823362
2.90037 0.0820231
2.90653 0.0841493
2.91474 0.0822736
2.9234 0.0828685
2.92642 0.0818507
2.93077 0.0821765
2.93456 0.081929
2.94476 0.0840645
2.94836 0.0816092
2.95695 0.0821383
2.96074 0.0818908
2.96478 0.0819001
2.96876 0.0818467
2.97428 0.083328
2.97742 0.0772267
2.97813 0.0819649
2.9823 0.0821026
2.98608 0.0818551
2.99051 0.0822466
3.00097 0.0826192
3.00456 0.0821832
3.01277 0.0823272
3.01659 0.0821108
3.02076 0.0822485
3.02833 0.0817476
3.03891 0.0822475
3.04267 0.0819684
3.04671 0.0819777
3.05062 0.0818586
3.05492 0.0821247
3.05897 0.0821339
3.06282 0.0819492
3.06699 0.0820868
3.0709 0.0819677
3.07571 0.0807306
3.09047 0.0822106
3.09452 0.0822199
3.09862 0.0822948
3.10273 0.0823698
3.10646 0.0820595
3.11075 0.0823227
3.11409 0.0816243
3.11813 0.0816336
3.12442 0.0838882
3.12846 0.0818778
3.12859 0.0820062
3.13263 0.0820155
3.13654 0.0818964
3.1409 0.0822222
3.14873 0.0819835
3.15265 0.0818644
3.15669 0.0818737
3.16291 0.0840626
3.1667 0.0817984
3.17074 0.0818077
3.1803 0.0821229
3.18422 0.0820038
3.18864 0.0823953
3.19249 0.0822134
3.19628 0.081963
3.20038 0.082035
3.20051 0.0821634
3.20397 0.0815935
3.2084 0.081985
3.21462 0.0841739
3.21866 0.0821665
3.22659 0.0820221
3.23474 0.0821034
3.23858 0.0819186
3.24276 0.0820563
3.24654 0.0818088
3.25309 0.0843202
3.25321 0.0844486
3.25649 0.0816707
3.26066 0.0818084
3.26496 0.0820745
3.26855 0.0816359
3.27432 0.083374
3.27811 0.0779146
3.28228 0.0820858
3.28632 0.0820951
3.29062 0.0823553
3.29075 0.0824837
3.29427 0.0819735
3.2976 0.0812722
3.30446 0.0841002
3.31267 0.0822245
3.3246 0.0820549
3.32826 0.0816761
3.32839 0.0818044
3.3323 0.0816824
3.3366 0.0819485
3.34263 0.0839434
3.34638 0.0816446
3.35055 0.0817822
3.35478 0.0819826
3.35895 0.0821203
3.3628 0.081935
3.36691 0.082007
3.3705 0.0815655
3.37602 0.0830498
3.37659 0.0763974
3.38365 0.0814391
3.38833 0.0820845
3.40664 0.0822441
3.41081 0.0823788
3.41453 0.0820657
3.41857 0.082075
3.42236 0.0818275
3.42653 0.0819622
3.43242 0.0838258
3.43743 0.0827768
3.44063 0.0819501
3.44846 0.0817089
3.45327 0.0824827
3.45686 0.0820411
3.46071 0.0818564
3.46083 0.0819848
3.46462 0.0817373
3.47091 0.083989
3.47681 0.0766101
3.4779 0.0817334
3.48412 0.0839253
3.49636 0.0820472
3.50033 0.0819879
3.50046 0.0821163
3.50835 0.0819349
3.51188 0.0814277
3.51611 0.0816281
3.52348 0.0849696
3.52361 0.085098
3.52663 0.0820634
3.53067 0.0820698
3.53464 0.0820104
3.54279 0.0820888
3.54714 0.0824117
3.55093 0.0821613
3.5549 0.0821049
3.56081 0.0839744
3.56453 0.0816444
3.56844 0.0815253
3.57787 0.0776757
3.583 0.0828054
3.58313 0.0829338
3.59845 0.0821168
3.60293 0.0825681
3.60595 0.0815502
3.61281 0.0843812
3.61704 0.0825619
3.62095 0.0824398
3.62108 0.0825682
3.62448 0.0819326
3.62826 0.0816822
3.63243 0.0818169
3.6365 0.0818544
3.64048 0.081798
3.64452 0.0818043
3.65061 0.0838649
3.65408 0.0812782
3.65825 0.0814129
3.66229 0.0814222
3.6662 0.0813002
3.67011 0.0811811
3.67563 0.0826624
3.67633 0.0761384
3.67961 0.0814277
3.68352 0.0813056
3.68743 0.0811806
3.69063 0.0803539
3.69448 0.0801691
3.7023 0.0839527
3.70493 0.0805329
3.70916 0.0807299
3.71294 0.0804795
3.71621 0.0797155
3.72032 0.0797845
3.72044 0.0799129
3.72358 0.0790176
3.72819 0.0795944
3.73249 0.0798545
3.73768 0.0810164
3.74095 0.0782356
3.74442 0.0776686
3.7489 0.0781199
3.75217 0.0773559
3.75513 0.0762754
3.75904 0.0761533
3.76215 0.0752293
3.76677 0.0758149
3.76965 0.0694538
3.77016 0.0740009
3.77305 0.0728547
3.77671 0.0724788
3.78306 0.0747962
3.78793 0.0736159
3.78806 0.0737443
3.79171 0.0733625
3.79556 0.0731748
3.80023 0.0738172
3.80356 0.073116
3.8076 0.0731223
3.81139 0.0728719
3.81491 0.0723646
3.82132 0.0747418
3.82587 0.073242
3.82933 0.0726691
3.83357 0.0728695
3.83729 0.0725564
3.84149 0.0727222
3.84553 0.0727315
3.84957 0.0727378
3.85329 0.0724247
3.85926 0.0743569
3.86201 0.0710625
3.8665 0.0715197
3.86868 0.0684875
3.87279 0.0746069
3.87696 0.0727278
3.88138 0.0731193
3.88581 0.0735108
3.88914 0.0728125
3.89324 0.0728786
3.89741 0.0730104
3.90119 0.07276
3.90507 0.0726034
3.91132 0.0748205
3.9151 0.0725533
3.91953 0.0729448
3.92338 0.0727601
3.92719 0.0725402
3.93167 0.0729915
3.93527 0.0725529
3.93982 0.0730728
3.94338 0.0725967
3.94957 0.074754
3.95374 0.0728749
3.95759 0.0726902
3.96131 0.072377
3.96683 0.0738584
3.9674 0.067206
3.9708 0.0726207
3.97497 0.0727584
3.97888 0.0726363
3.98286 0.0725799
3.98728 0.0729685
3.98741 0.0730969
3.99132 0.0729719
3.99491 0.0725274
3.99504 0.0726558
4.0017 0.0752868
4.00536 0.0728969
4.00927 0.0727748
4.01318 0.0726528
4.01716 0.0725964
4.0212 0.0725998
4.02133 0.0727282
4.0254 0.0727651
4.02918 0.0725118
4.03309 0.0723892
4.03912 0.0743841
4.04335 0.0725677
4.04726 0.0724486
4.05188 0.0730313
4.05554 0.0726524
4.05951 0.0725961
4.05964 0.0727244
4.0648 0.0738517
4.07693 0.0727012
4.08085 0.0725821
4.0847 0.0724003
4.09098 0.0746461
4.09546 0.0730836
4.09928 0.0728672
4.10332 0.0728706
4.10723 0.0727515
4.11121 0.0726951
4.11525 0.0727014
4.1191 0.0725167
4.1232 0.0725828
4.12919 0.0745432
4.13327 0.0725668
4.13743 0.0727015
4.14122 0.0724511
4.14535 0.0725513
4.14946 0.0726233
4.15362 0.072758
4.15754 0.072636
4.16145 0.0725139
4.16671 0.0737414
4.16754 0.0673458
4.17068 0.0725037
4.17505 0.0728325
4.18101 0.0747647
4.18563 0.0733335
4.18922 0.072889
4.19428 0.0739166
4.19716 0.0727675
4.2012 0.0727704
4.20537 0.0729022
4.20915 0.0726517
4.21338 0.0728492
4.21915 0.0745839
4.22332 0.0727018
4.22719 0.0725447
4.23136 0.0726795
4.2356 0.0728799
4.23938 0.0726294
4.24355 0.0727642
4.24733 0.0725161
4.25131 0.0724568
4.25144 0.0725852
4.2574 0.0745139
4.26137 0.0724408
4.26464 0.0716739
4.26753 0.0673325
4.27086 0.0746983
4.27513 0.0729125
4.2791 0.0728561
4.28321 0.0729281
4.28763 0.0733167
4.29109 0.0727438
4.29506 0.0726816
4.29519 0.07281
4.29904 0.0726223
4.30384 0.0733931
4.30923 0.0747461
4.31314 0.0726072
4.31715 0.072582
4.32163 0.0730333
4.32541 0.0727828
4.32926 0.0725951
4.33356 0.0728612
4.33728 0.072548
4.34151 0.0727484
4.34748 0.0746806
4.35139 0.0725447
4.35544 0.072554
4.35929 0.0723693
4.365 0.0740447
4.36512 0.0741731
4.36897 0.0687764
4.36968 0.0735146
4.37301 0.0728163
4.37705 0.0728255
4.3809 0.0726408
4.38539 0.073098
4.38898 0.0726535
4.3936 0.0732332
4.3995 0.0750997
4.40417 0.0737253
4.40719 0.0727075
4.41129 0.0727766
4.41527 0.0727173
4.41905 0.0724668
4.42331 0.0726983
4.4272 0.0725476
4.4313 0.0726167
4.43736 0.0746456
4.44134 0.0725725
4.44544 0.0726445
4.44968 0.0728449
4.45366 0.0727914
4.45764 0.0727351
4.46149 0.0725532
4.46694 0.0739689
4.46764 0.0674449
4.47085 0.0726685
4.47482 0.0726121
4.4788 0.0725557
4.48278 0.0724994
4.48919 0.0748765
4.49368 0.073314
4.49733 0.0729352
4.5015 0.0730699
4.50544 0.0729755
4.50916 0.0726594
4.5131 0.0725685
4.51711 0.0725432
4.52306 0.0744666
4.52749 0.074861
4.53173 0.0730447
4.53551 0.0727972
4.53988 0.0731259
4.54385 0.0730696
4.54398 0.073198
4.54745 0.0726309
4.55136 0.0725118
4.5554 0.0725211
4.55938 0.0724647
4.56477 0.0738177
4.56862 0.068421
4.56932 0.0731592
4.57272 0.0725236
4.57933 0.0750978
4.58311 0.0728335
4.58798 0.07367
4.5917 0.0733539
4.59561 0.0732289
4.59574 0.0733573
4.59907 0.072656
4.60426 0.0738091
4.60759 0.0731108
4.61202 0.0735023
4.61824 0.0756912
4.62311 0.0745139
4.62683 0.0742007
4.63138 0.0747177
4.63588 0.0751778
4.63985 0.0751185
4.64377 0.0749994
4.64845 0.0756506
4.65224 0.0754031
4.65788 0.0770158
4.6618 0.0748799
4.66481 0.0738621
4.67155 0.0713498
4.67193 0.0769469
4.67559 0.0753926
4.6795 0.0752735
4.68348 0.0752171
4.68874 0.0764417
4.69149 0.0751641
4.69598 0.0756154
4.69957 0.0751739
4.70393 0.0754968
4.71066 0.0781964
4.71483 0.0763144
4.71893 0.0763834
4.72323 0.0766495
4.72842 0.0778084
4.7324 0.077755
4.73709 0.0784033
4.74132 0.0786037
4.74549 0.0787413
4.75236 0.0815723
4.7564 0.0795648
4.76025 0.0793829
4.76474 0.0798401
4.76962 0.0806825
4.77436 0.0813935
4.77519 0.0749979
4.77872 0.0805439
4.78289 0.0806816
4.78751 0.0812642
4.79111 0.0808256
4.79578 0.081471
4.79957 0.0812235
4.8183 0.0817999
4.82664 0.0820752
4.83498 0.0823476
4.83883 0.0821628
4.84891 0.0821562
4.85295 0.0821654
4.85661 0.0817895
4.86065 0.0817988
4.86463 0.0817424
4.86873 0.0818174
4.87431 0.0833644
4.87791 0.077711
4.87829 0.0821297
4.88233 0.0821389
4.88625 0.0820198
4.89054 0.08228
4.89638 0.0840809
4.92055 0.0820389
4.92819 0.0816067
4.94262 0.0819258
4.94663 0.0819006
4.95055 0.0817815
4.9544 0.0815996
4.95863 0.0818
4.96287 0.0820004
4.96697 0.0820724
4.97197 0.0830402
4.9721 0.0831686
4.97576 0.080776
4.97659 0.0763971
4.97961 0.0814296
4.99058 0.0823157
4.99423 0.0819369
4.9984 0.0820717
5.00251 0.0821437
5.00643 0.0820303
5.01438 0.0819146
5.01836 0.0818582
5.02458 0.0840501
5.02856 0.081977
5.0326 0.0819863
5.03645 0.0818044
5.04473 0.0820112
5.04884 0.0820861
5.05275 0.0819641
5.0564 0.0815882
5.06314 0.0842907
5.06699 0.0820892
5.07065 0.0817133
5.07636 0.0833916
5.08438 0.0821691
5.08849 0.0822411
5.09247 0.0821877
5.09632 0.0820029
5.10042 0.0820749
5.10446 0.0820842
5.10883 0.082413
5.11479 0.0843417
5.11851 0.0820118
5.12262 0.0820867
5.12672 0.0821587
5.13128 0.0826786
5.13468 0.082046
5.13865 0.0819896
5.14308 0.0823811
5.14321 0.0825095
5.1468 0.0820709
5.15309 0.0843255
5.15675 0.0819328
5.15688 0.0820612
5.16099 0.0821362
5.1649 0.0820141
5.16862 0.0817039
5.17433 0.0833793
5.17799 0.0777915
5.18242 0.0822195
5.1862 0.081972
5.19056 0.0822949
5.19415 0.0818534
5.19806 0.0817313
5.21262 0.0821701
5.2164 0.0819226
5.22077 0.0822514
5.22878 0.0822013
5.2327 0.0820822
5.23706 0.082411
5.24258 0.0838953
5.24675 0.0820162
5.25066 0.0818971
5.25464 0.0818437
5.25888 0.082047
5.26311 0.0822474
5.26696 0.0820626
5.27068 0.0817495
5.27607 0.0831054
5.27678 0.0765814
5.28031 0.0821274
5.28416 0.0819456
5.28839 0.082143
5.29493 0.0846544
5.29506 0.0847828
5.3025 0.0821397
5.31084 0.0824121
5.31489 0.0824214
5.32249 0.0819575
5.3265 0.0819322
5.33256 0.0839583
5.33654 0.0818881
5.34051 0.0818317
5.34462 0.0819037
5.34873 0.0819786
5.35322 0.0824329
5.35649 0.0816718
5.36092 0.0820663
5.36464 0.081756
5.37112 0.0842018
5.37426 0.0812956
5.37702 0.0768258
5.37811 0.0819492
5.38434 0.0841411
5.38863 0.0823875
5.39242 0.08214
5.40044 0.0820899
5.40435 0.081965
5.41217 0.0817209
5.41634 0.0818585
5.43135 0.082751
5.44277 0.0820678
5.44678 0.0820455
5.45063 0.0818636
5.45499 0.0821924
5.46064 0.0838081
5.46481 0.081929
5.4686 0.0816815
5.47796 0.0777661
5.47835 0.0821849
5.48207 0.0818746
5.48637 0.0821407
5.49041 0.0821441
5.49054 0.0822725
5.49438 0.0820848
5.49515 0.0828522
5.49816 0.0818314
5.50233 0.0819632
5.50605 0.08165
5.52071 0.0821914
5.52443 0.0818783
5.53222 0.0816025
5.53697 0.0823165
5.54075 0.0820661
5.54088 0.0821945
5.54453 0.0818186
5.55088 0.0841354
5.55467 0.0818712
5.55878 0.0819461
5.56308 0.0822092
5.56696 0.0820556
5.57112 0.0821903
5.57613 0.083161
5.57696 0.0767654
5.58011 0.0819263
5.58402 0.0818072
5.58825 0.0820046
5.60338 0.0850335
5.60351 0.0851619
5.60684 0.0824468
5.61069 0.0822591
5.6146 0.08214
5.61848 0.0819863
5.62644 0.0818765
5.62657 0.0820049
5.63093 0.0823307
5.63481 0.08218
5.64084 0.084172
5.64097 0.0843004
5.64475 0.0820361
5.64905 0.0823021
5.65315 0.0823712
5.65668 0.081864
5.66059 0.0817449
5.66476 0.0818796
5.66893 0.0820173
5.674 0.0830478
5.67798 0.0777795
5.67823 0.0820699
5.68176 0.0815656
5.68651 0.0822795
5.71267 0.0822179
5.71279 0.0823463
5.71645 0.0819704
5.74287 0.0821714
5.74704 0.0823061
5.75044 0.0816734
5.75454 0.0817455
5.75903 0.0821997
5.76263 0.0817611
5.7693 0.084398
5.77161 0.0806587
5.77559 0.0806023
5.77764 0.0774417
5.79052 0.0822617
5.79431 0.0820142
5.80309 0.0827281
5.80636 0.081967
5.81073 0.0822958
5.81438 0.0819199
5.82169 0.0851923
5.82483 0.0822832
5.82829 0.0817133
5.8324 0.0817823
5.83682 0.0821738
5.83695 0.0823022
5.84086 0.0821802
5.84542 0.0827001
5.84971 0.0829632
5.8592 0.0843877
5.86312 0.0822518
5.86697 0.082067
5.87088 0.0819479
5.87653 0.0835606
5.8771 0.0769082
5.88025 0.0820691
5.88897 0.0827208
5.89246 0.0821849
5.89637 0.0820599
5.90048 0.0821319
5.90433 0.0819471
5.91074 0.0843302
5.91087 0.0844585
5.91542 0.0829587
5.91892 0.0824199
5.92677 0.0822069
5.9317 0.0831061
5.93478 0.082151
5.94286 0.0821608
5.94863 0.0838989
5.95274 0.0819542
5.95684 0.0820262
5.96089 0.0820354
5.9648 0.0819163
5.9689 0.0819878
5.97423 0.0832781
5.97833 0.0781382
5.97859 0.0824285
5.98199 0.0817929
5.98629 0.082056
5.99023 0.0819651
5.99472 0.0824193
6.001 0.0846651
6.00112 0.0847935
6.00446 0.0820843
6.00831 0.0818995
6.02435 0.0817989
6.02858 0.0819993
6.03275 0.0821311
6.03845 0.0838036
6.04236 0.0816648
6.0464 0.0816711
6.04653 0.0817995
6.05032 0.081552
6.05455 0.0817495
6.05814 0.0813108
6.06219 0.0813201
6.06572 0.0808158
6.0695 0.0805684
6.07438 0.0814107
6.08188 0.0796717
6.08772 0.0814725
6.0915 0.0792083
6.09554 0.0792146
6.09984 0.0794777
6.10305 0.078654
6.1069 0.0784692
6.11113 0.0786696
6.11507 0.0785757
6.11867 0.0781342
6.12392 0.0793558
6.12841 0.0777933
6.1327 0.0780535
6.1361 0.0774179
6.14046 0.0777437
6.14354 0.0767886
6.14758 0.0767949
6.1513 0.0764818
6.1547 0.0758462
6.16021 0.0773305
6.16374 0.0748094
6.16669 0.0737259
6.1692 0.0689994
6.17215 0.075983
6.1758 0.0735903
6.17952 0.0732742
6.18337 0.073086
6.18759 0.0732805
6.19112 0.0727733
6.19509 0.072714
6.19907 0.0726547
6.20304 0.0725919
6.20945 0.074972
6.2132 0.0726731
6.21772 0.0731556
6.22227 0.0736696
6.22586 0.073228
6.23003 0.0733598
6.23445 0.0737484
6.23765 0.0729217
6.2415 0.0727369
6.24734 0.0745378
6.25138 0.0725303
6.25542 0.0725366
6.25937 0.0724486
6.26501 0.0740584
6.26899 0.0687901
6.26969 0.0735283
6.26982 0.0736567
6.27328 0.0730868
6.27758 0.0733499
6.27771 0.0734783
6.28117 0.0729054
6.2813 0.0730338
6.28546 0.0731656
6.28899 0.0726554
6.29328 0.0729156
6.29975 0.0753555
6.30379 0.0733422
6.30732 0.0728379
6.31151 0.0730003
6.3153 0.0727498
6.31991 0.0733295
6.32363 0.0730134
6.32831 0.0736617
6.33177 0.0730888
6.3319 0.0732172
6.33741 0.0746986
6.34139 0.0726254
6.34569 0.0728886
6.34954 0.0727038
6.35383 0.0729629
6.35768 0.0727782
6.36146 0.0725307
6.36692 0.0739493
6.36762 0.0674253
6.37083 0.0726489
6.37493 0.0727209
6.37891 0.0726616
6.38288 0.0726023
6.38955 0.0752333
6.39327 0.0729033
6.39718 0.0727784
6.40134 0.0729102
6.4057 0.0732389
6.40936 0.0728601
6.4134 0.0728665
6.41769 0.0731237
6.42319 0.0745963
6.42332 0.0747247
6.42749 0.0748594
6.43153 0.072846
6.43551 0.0727897
6.43955 0.072796
6.44371 0.0729307
6.44769 0.0728714
6.44782 0.0729998
6.45141 0.0725583
6.45583 0.0729498
6.45955 0.0726366
6.46481 0.0738612
6.46494 0.0739896
6.4686 0.0684018
6.4693 0.07314
6.47283 0.0726357
6.4794 0.0751753
6.48338 0.0730992
6.48761 0.0732938
6.49133 0.0729806
6.49549 0.0731124
6.4994 0.0729874
6.49953 0.0731158
6.50331 0.0728624
6.50729 0.072806
6.51133 0.0728124
6.51146 0.0729408
6.51761 0.0750612
6.52228 0.0736863
6.52587 0.0732418
6.53004 0.0733765
6.53466 0.0739562
6.53478 0.0740846
6.53838 0.0736431
6.54197 0.0732015
6.54658 0.0737842
6.54979 0.0729574
6.55537 0.0745045
6.55948 0.0725597
6.56217 0.0712194
6.56897 0.0687728
6.5698 0.0748177
6.57314 0.072941
6.57718 0.0729503
6.58116 0.0728939
6.58513 0.0728376
6.5893 0.0729694
6.5941 0.0737402
6.59705 0.0726567
6.60224 0.0738097
6.60776 0.0752911
6.60788 0.0754195
6.61192 0.073409
6.61545 0.0729018
6.61946 0.0728766
6.62401 0.0733965
6.62876 0.0741075
6.62888 0.0742359
6.63251 0.0738254
6.63687 0.0741542
6.64027 0.0735215
6.64636 0.0755821
6.65009 0.0732522
6.65361 0.0727479
6.65766 0.0727572
6.6617 0.0727665
6.66683 0.0738656
6.66767 0.06747
6.67081 0.0726279
6.67536 0.0731478
6.67889 0.0726435
6.67902 0.0727719
6.683 0.0727156
6.68767 0.0733609
6.69095 0.0725999
6.69723 0.0748486
6.70133 0.0729009
6.70582 0.0733581
6.70954 0.073042
6.70967 0.0731704
6.71364 0.0731111
6.71762 0.0730547
6.72271 0.0741163
6.72675 0.0741227
6.73015 0.0734871
6.73625 0.0755477
6.74035 0.0736029
6.74465 0.073869
6.7485 0.0736871
6.75203 0.0731828
6.7562 0.0733176
6.75633 0.073446
6.75992 0.0730044
6.76005 0.0731328
6.76486 0.0739095
6.76499 0.0740379
6.76858 0.0683844
6.76973 0.0735705
6.77294 0.0727438
6.77685 0.0726247
6.78064 0.0723772
6.78756 0.0752679
6.79141 0.0730664
6.79526 0.0728787
6.79936 0.0729477
6.80378 0.0733334
6.80391 0.0734618
6.80772 0.0732424
6.8117 0.0731831
6.81535 0.0728043
6.8192 0.0726195
6.82549 0.0748742
6.82956 0.0728948
6.83418 0.0734804
6.83745 0.0727194
6.84124 0.0724719
6.84554 0.0727379
6.84948 0.0726499
6.85359 0.0727249
6.85757 0.0726685
6.8577 0.0727969
6.86232 0.0733824
6.86668 0.0716915
6.86751 0.0673127
6.87059 0.0724079
6.8771 0.0748847
6.88114 0.0728772
6.8855 0.073206
6.88922 0.0728899
6.89345 0.0730845
6.8971 0.0727056
6.90146 0.0730315
6.90518 0.0727183
6.90935 0.0728501
6.91531 0.0747794
6.91929 0.0727062
6.92384 0.0732261
6.92808 0.0734265
6.93257 0.0738837
6.93654 0.0738273
6.94071 0.0739621
6.94514 0.0743565
6.94873 0.0739179
6.95464 0.0757874
6.95836 0.0734574
6.9624 0.0734667
6.96772 0.074757
6.9683 0.0681046
6.9717 0.0735193
6.97561 0.0734002
6.97933 0.073087
6.98338 0.0730963
6.9878 0.0734849
6.99152 0.0731688
6.99164 0.0732972
6.99543 0.0730467
6.99934 0.0729247
7.00659 0.0761438
7.01069 0.0741932
7.01512 0.0745847
7.01903 0.0744656
7.02365 0.0750511
7.02814 0.0755083
7.03231 0.075646
7.03764 0.0769362
7.04059 0.0758557
7.04726 0.0784955
7.0513 0.076488
7.05535 0.0764973
7.05978 0.0768917
7.06401 0.0770921
7.06978 0.0788297
7.07376 0.0735614
7.07401 0.0778518
7.07774 0.0775415
7.08178 0.0775503
7.08582 0.0775596
7.08987 0.0775689
7.09378 0.0774468
7.1007 0.0803405
7.10462 0.0782046
7.10898 0.0785304
7.11347 0.0789847
7.11744 0.0789283
7.12181 0.0792571
7.12566 0.0790752
7.1304 0.0797863
7.13438 0.0797328
7.14144 0.0827549
7.14554 0.0808101
7.14997 0.0812046
7.1544 0.081599
7.1587 0.0818651
7.16287 0.0820027
7.16697 0.0820747
7.17108 0.0821468
7.17582 0.0828578
7.17679 0.0765906
7.18006 0.0818798
7.18397 0.0817607
7.18852 0.0822777
7.19462 0.0843412
7.21476 0.0822964
7.22252 0.0819925
7.2265 0.0819361
7.23259 0.0839937
7.23766 0.0830104
7.24504 0.0823243
7.24867 0.0819168
7.2529 0.0821172
7.25694 0.0821265
7.26086 0.0820074
7.26477 0.0818883
7.27106 0.0841429
7.27709 0.0768953
7.27831 0.0821471
7.28441 0.0842106
7.28857 0.0823257
7.29242 0.0821409
7.30057 0.0822192
7.30454 0.0821599
7.31647 0.0819908
7.3227 0.0841827
7.32661 0.0820468
7.33117 0.0825667
7.33492 0.0822876
7.34698 0.0822468
7.35096 0.0821904
7.35481 0.0820057
7.36058 0.0837497
7.36495 0.0820617
7.3688 0.0818799
7.37431 0.0833612
7.37803 0.0778362
7.37842 0.0822549
7.38227 0.082073
7.38638 0.082148
7.39035 0.0820887
7.39048 0.0822171
7.3949 0.0826056
7.39837 0.0820357
7.40247 0.0821077
7.40658 0.0821797
7.4128 0.0843687
7.41293 0.0844971
7.41678 0.0822985
7.42839 0.0818098
7.43275 0.0821386
7.43756 0.0829153
7.44071 0.0820258
7.44475 0.0820322
7.45091 0.0841584
7.45502 0.0822166
7.45893 0.0820975
7.46336 0.082492
7.46695 0.0820504
7.47118 0.0822508
7.47612 0.0831559
7.47696 0.0767603
7.47997 0.0817927
7.48414 0.0819304
7.4885 0.0822563
7.49229 0.0820088
7.49658 0.0822689
7.50261 0.0842668
7.50672 0.0823191
7.51063 0.0821971
7.51878 0.0822784
7.52263 0.0820965
7.5266 0.0820401
7.531 0.0823971
7.53478 0.0821496
7.54068 0.0840161
7.54498 0.0822654
7.54883 0.0820836
7.55692 0.0820992
7.56083 0.0819801
7.565 0.0821178
7.56885 0.0819359
7.5743 0.0833516
7.57847 0.0823109
7.58226 0.0820634
7.58617 0.0819443
7.5929 0.084641
7.59643 0.082117
7.60474 0.0823549
7.60865 0.0822357
7.62087 0.0823574
7.63473 0.0820974
7.64281 0.082113
7.64698 0.0822507
7.6552 0.0823976
7.65898 0.0821501
7.66283 0.0819653
7.66976 0.084859
7.67162 0.0806689
7.67585 0.0808693
7.68234 0.0841564
7.68702 0.0827879
7.69022 0.0819612
7.69837 0.0820366
7.70664 0.0822404
7.71023 0.0817988
7.71453 0.082062
7.72845 0.0818646
7.72857 0.081993
7.73268 0.082065
7.73762 0.0829701
7.74888 0.0821269
7.75298 0.0821989
7.75895 0.084134
7.76312 0.0822549
7.77108 0.0821421
7.77595 0.0829845
7.77666 0.0764605
7.7884 0.0821505
7.79641 0.0821005
7.80431 0.081925
7.81098 0.0845619
7.81489 0.082426
7.82259 0.0820565
7.82656 0.0820001
7.83086 0.0822632
7.83478 0.0821441
7.83882 0.0821504
7.84254 0.0818373
7.84876 0.0840262
7.85293 0.0821442
7.85678 0.0819594
7.86094 0.0820942
7.86107 0.0822226
7.86505 0.0821691
7.87429 0.0833373
7.8782 0.0780034
7.87846 0.0822937
7.88199 0.0817894
7.89057 0.0823068
7.89416 0.0818653
7.90099 0.0846587
7.90439 0.0820093
7.91273 0.0822817
7.91286 0.0824101
7.92466 0.0821096
7.92825 0.0816681
7.93229 0.0816744
7.94268 0.0819784
7.94281 0.0821068
7.94691 0.0821788
7.95493 0.0821288
7.95904 0.0822037
7.96314 0.0822757
7.9668 0.0818998
7.9711 0.0821659
7.97617 0.0831994
7.98027 0.082093
7.98412 0.0819053
7.9904 0.0821373
7.99514 0.0828483
7.99887 0.0825352
8.00255 0.0821874
8.00637 0.0819771
8.01073 0.0823029
8.01477 0.0823093
8.01843 0.0819305
8.02266 0.0821309
8.03266 0.0820497
8.03677 0.0821217
8.04511 0.0823912
8.04524 0.0825196
8.04902 0.0822721
8.05672 0.0819025
8.0607 0.0818491
8.06712 0.0842321
8.07116 0.0822246
8.0745 0.0815292
8.07726 0.0770595
8.0804 0.0842341
8.08425 0.0820326
8.08854 0.0822957
8.09258 0.082305
8.10041 0.0820604
8.10833 0.081919
8.11218 0.0817312
8.11897 0.0844906
8.12237 0.0818383
8.12637 0.0818095
8.13073 0.0821354
8.13465 0.0820133
8.13855 0.0818884
8.14355 0.0828532
8.14663 0.0818981
8.15677 0.083968
8.16081 0.0819605
8.16511 0.0822265
8.17403 0.0830752
8.17826 0.0780637
8.17864 0.0824824
8.18255 0.0823575
8.18653 0.0822981
8.19056 0.0823016
8.19473 0.0824363
8.19832 0.0819942
8.20255 0.0821882
8.20845 0.0820409
8.21275 0.082304
8.22077 0.0822511
8.23257 0.0819506
8.23661 0.0819569
8.24116 0.0824739
8.24667 0.0839553
8.25494 0.0821453
8.25892 0.0820918
8.2629 0.0820354
8.26701 0.0821104
8.27124 0.0823108
8.27618 0.0832158
8.27702 0.0768202
8.27997 0.081787
8.28413 0.0819218
8.28862 0.0823731
8.30664 0.0822448
8.31492 0.0824545
8.31886 0.0823636
8.31931 0.0828115
8.32264 0.0821131
8.32675 0.0821851
8.33662 0.0839923
8.34521 0.0824989
8.34919 0.082439
8.35342 0.0826394
8.35721 0.0823919
8.36099 0.0821444
8.36478 0.081897
8.36882 0.0819062
8.3769 0.076707
8.37838 0.0822156
8.38459 0.0843987
8.39232 0.0820435
8.40066 0.08231
8.40438 0.0819968
8.40823 0.0818121
8.41694 0.0824608
8.4204 0.081888
8.42634 0.0817718
8.43076 0.0821603
8.43467 0.0820343
8.4387 0.0820377
8.44316 0.0824574
8.44636 0.0816307
8.45015 0.0813803
8.45399 0.0811925
8.45739 0.0805599
8.46291 0.0820442
8.46683 0.0799083
8.47176 0.0808134
8.47548 0.0752854
8.47587 0.0797041
8.47895 0.0787519
8.48292 0.0786926
8.48747 0.0792066
8.49119 0.0788905
8.4942 0.0778697
8.4983 0.0779359
8.50189 0.0774914
8.50772 0.0792923
8.51189 0.0774102
8.51561 0.0770941
8.51997 0.07742
8.52362 0.0770382
8.52779 0.077173
8.53266 0.0780094
8.53567 0.0769916
8.53959 0.0768695
8.54343 0.0766818
8.54901 0.0782259
8.55273 0.075896
8.55626 0.0753888
8.55991 0.0750129
8.56366 0.0747308
8.56854 0.0755732
8.56925 0.0690492
8.5722 0.074016
8.57572 0.0735117
8.57925 0.0730045
8.5831 0.0728197
8.58803 0.073716
8.59322 0.0748778
8.59726 0.0728645
8.60181 0.0733785
8.60582 0.0733532
8.60953 0.0730371
8.61377 0.0732346
8.61767 0.0731067
8.6178 0.0732351
8.62197 0.0733669
8.62607 0.0734389
8.63017 0.073508
8.63562 0.0729069
8.63941 0.0726565
8.64402 0.0732391
8.64415 0.0733675
8.64774 0.0729259
8.65146 0.0726128
8.65557 0.0726848
8.65942 0.0725
8.66493 0.0739814
8.6691 0.0689071
8.66968 0.073517
8.67295 0.0727559
8.67693 0.0726995
8.68321 0.0749483
8.68814 0.0738278
8.6916 0.0732578
8.69583 0.0734524
8.69981 0.073393
8.70365 0.0732024
8.70378 0.0733308
8.70763 0.073146
8.71154 0.073024
8.71589 0.0733469
8.72153 0.0749508
8.72557 0.0729403
8.72948 0.0728183
8.73352 0.0728246
8.73747 0.0727337
8.74138 0.0726117
8.74612 0.0733197
8.74952 0.0726871
8.75375 0.0728875
8.75779 0.0728938
8.76209 0.0731569
8.76671 0.0717257
8.76921 0.069013
8.77299 0.0748129
8.77312 0.0749413
8.77716 0.0729338
8.78127 0.0730058
8.78582 0.0735257
8.78954 0.0732096
8.79326 0.0728935
8.79339 0.0730219
8.79736 0.0729655
8.80172 0.0732914
8.80538 0.0729155
8.81166 0.0751643
8.81545 0.0728971
8.81961 0.0730318
8.82391 0.0732979
8.82847 0.0738178
8.82859 0.0739462
8.83193 0.0732508
8.83565 0.0729376
8.8395 0.0727528
8.84367 0.0728905
8.8474 0.0725803
8.85372 0.0728492
8.85763 0.0727267
8.86154 0.0726076
8.86712 0.0741546
8.8677 0.0675022
8.87103 0.0728542
8.8752 0.0729919
8.87937 0.0731266
8.88335 0.0730731
8.88765 0.0733333
8.88777 0.0734617
8.89105 0.0727007
8.89528 0.0728981
8.90131 0.074893
8.90554 0.0730737
8.90938 0.072886
8.91406 0.0735314
8.91746 0.0728953
8.92169 0.0730957
8.92586 0.0732299
8.92958 0.0729138
8.93349 0.0727947
8.93939 0.0746612
8.94363 0.0728443
8.94761 0.0727909
8.95146 0.072609
8.95544 0.0725556
8.95948 0.0725649
8.96506 0.074109
8.96929 0.0690975
8.96955 0.0733878
8.97295 0.0727551
8.97715 0.0729239
8.98087 0.0726107
8.98498 0.0726857
8.99133 0.0749971
8.99543 0.0730495
8.99966 0.0732469
9.00441 0.0739582
9.00761 0.0731315
9.01165 0.0731378
9.01582 0.0732726
9.01935 0.0727654
9.02352 0.072903
9.02967 0.0750263
9.03378 0.0730811
9.03391 0.0732095
9.0375 0.0727679
9.04141 0.0726488
9.04552 0.0727237
9.04953 0.0727014
9.05371 0.0728391
9.05781 0.0729111
9.0616 0.0726636
9.06705 0.0740822
9.06775 0.0675582
9.07083 0.0726534
9.07494 0.0727284
9.08117 0.0749203
9.08521 0.0729128
9.08963 0.0733043
9.09348 0.0731195
9.09361 0.0732479
9.09733 0.0729377
9.1015 0.0730724
9.1058 0.0733385
9.10939 0.072894
9.11381 0.0732826
9.11936 0.074798
9.12347 0.0728532
9.12725 0.0726057
9.13149 0.0728061
9.1354 0.072687
9.13964 0.0728874
9.14352 0.0727367
9.1475 0.0726832
9.15154 0.0726925
9.15603 0.0731467
9.16155 0.0726143
9.16475 0.0717846
9.16751 0.0673149
9.17097 0.074812
9.17518 0.072964
9.17947 0.0732271
9.18371 0.0734275
9.18762 0.0733025
9.19134 0.0729894
9.1955 0.0731241
9.19922 0.072811
9.20332 0.0728771
9.20948 0.0750004
9.21326 0.0727332
9.21762 0.073059
9.22147 0.0728743
9.22545 0.0728179
9.22981 0.0731437
9.23372 0.0730246
9.23744 0.0727115
9.24168 0.0729119
9.24733 0.0745275
9.25144 0.0725857
9.25548 0.072595
9.25939 0.0724758
9.26504 0.0740885
9.26517 0.0742169
9.26959 0.0693965
9.26998 0.0738152
9.27331 0.0731169
9.27748 0.0732546
9.28114 0.0728787
9.28512 0.0728223
9.28903 0.0726973
9.29383 0.0734711
9.29942 0.0750181
9.30422 0.0737721
9.30435 0.0739005
9.3082 0.0737158
9.31166 0.0731458
9.31583 0.0732806
9.31987 0.0732869
9.32455 0.0739352
9.32866 0.0740072
9.33302 0.074336
9.33975 0.0770385
9.34367 0.0748997
9.34822 0.0754226
9.35214 0.0753034
9.35631 0.0754411
9.36054 0.0756415
9.36067 0.0757699
9.36484 0.0759076
9.37048 0.0775173
9.37119 0.0709933
9.3744 0.0762169
9.37895 0.0767398
9.38293 0.0766834
9.3871 0.0768181
9.38723 0.0769465
9.39364 0.0793237
9.39812 0.0777611
9.40242 0.0780243
9.40672 0.0782844
9.41127 0.0788043
9.41537 0.0788734
9.42005 0.0795212
9.42403 0.0794648
9.4298 0.0811971
9.43512 0.0824903
9.43935 0.080671
9.44423 0.0815133
9.44859 0.081845
9.45289 0.0821082
9.45687 0.0820518
9.46072 0.0818699
9.4647 0.0818136
9.46893 0.0820169
9.47445 0.0834983
9.47843 0.07823
9.47868 0.0825203
9.48234 0.0821444
9.49241 0.0821289
9.49658 0.0822636
9.51659 0.0821042
9.5205 0.0819851
9.5266 0.0840486
9.53487 0.0822416
9.53885 0.0821852
9.54296 0.0822572
9.54668 0.081947
9.55079 0.0820219
9.55512 0.0823191
9.55878 0.0819432
9.565 0.0841351
9.56904 0.0821276
9.57187 0.0809157
9.57828 0.0780839
9.57854 0.0835526
9.58226 0.082064
9.58707 0.0828407
9.59464 0.0823427
9.59855 0.0822207
9.6024 0.082033
9.60637 0.0819766
9.61073 0.0823025
9.62074 0.0822242
9.62087 0.0823526
9.62446 0.0819111
9.6285 0.0819174
9.63241 0.0817954
9.63626 0.0816135
9.64062 0.0819394
9.64909 0.0823431
9.65512 0.084341
9.6591 0.0822678
9.66327 0.0824055
9.66712 0.0822207
9.6711 0.0821643
9.67655 0.0835859
9.67713 0.0769335
9.6804 0.0822228
9.68861 0.0823668
9.69246 0.082185
9.69625 0.0819345
9.70045 0.0821033
9.70667 0.0842923
9.71078 0.0823446
9.71822 0.0817182
9.72271 0.0821784
9.72662 0.0820563
9.73484 0.0822033
9.73875 0.0820812
9.74491 0.0842075
9.74901 0.0822656
9.75299 0.0822122
9.75704 0.0822215
9.76089 0.0820396
9.76493 0.0820489
9.76904 0.0821239
9.7743 0.0833485
9.77815 0.0779518
9.7784 0.0822421
9.78213 0.0819319
9.7861 0.0818755
9.79059 0.0823268
9.79636 0.084062
9.80078 0.0824367
9.8047 0.0823176
9.80887 0.0824524
9.81656 0.0820828
9.82439 0.0818417
9.8283 0.0817196
9.82843 0.081848
9.83863 0.0819638
9.84287 0.0821672
9.84678 0.0820481
9.85082 0.0820573
9.8548 0.0820039
9.8591 0.08227
9.86282 0.0819568
9.86706 0.0821572
9.87174 0.0828055
9.87187 0.0829339
9.87591 0.0809264
9.87687 0.0766759
9.88021 0.0820309
9.8872 0.0849902
9.89035 0.082084
9.89875 0.0824191
9.90651 0.0821152
9.91081 0.0823754
9.91427 0.0818055
9.91844 0.0819402
9.92864 0.082056
9.93245 0.0818367
9.9363 0.0816548
9.94066 0.0819807
9.94503 0.0823095
9.94881 0.0820615
9.95676 0.0819487
9.96312 0.084269
9.96716 0.0822615
9.97101 0.0820767
9.97659 0.0836267
9.9773 0.0771027
9.98044 0.0822636
9.98891 0.0826644

