% time_sec delay_sec
1.12528 0.0251171
1.12528 0.0251171
1.22535 0.025183
1.32528 0.025116
1.42349 0.327337
1.42528 0.0251172
1.52527 0.0251096
1.62527 0.0251043
1.72526 0.0250963
1.72615 0.327326
1.82527 0.0251052
1.92489 0.224053
1.92666 0.0264728
1.92885 0.0306845
1.93292 0.0307166
2.02487 0.118637
2.02664 0.0264576
2.02926 0.0310945
2.03372 0.031517
2.03715 0.0309142
2.0413 0.0310376
2.0454 0.0310976
2.04933 0.0309977
2.05307 0.0307043
2.05723 0.0308305
2.0637 0.031251
2.06777 0.0312835
2.07181 0.0312888
2.07581 0.0312585
2.07998 0.0313962
2.08408 0.0314652
2.08815 0.0314987
2.09168 0.0309944
2.09611 0.0313859
2.10387 0.0351156
2.10868 0.0338785
2.11452 0.0356793
2.11785 0.0349839
2.12554 0.0386362
2.12964 0.0387052
2.13445 0.03427
2.13503 0.0388799
2.13914 0.0389519
2.14382 0.0396002
2.14921 0.0409561
2.15293 0.0406458
2.15896 0.0426437
2.16332 0.0409557
2.16724 0.0408366
2.17096 0.0405205
2.175 0.0405298
2.17904 0.0405361
2.18308 0.0405454
2.18776 0.0411908
2.19116 0.0405552
2.19468 0.040045
2.20128 0.0426133
2.20513 0.0404088
2.20943 0.0406719
2.21423 0.0414457
2.2177 0.0408787
2.22636 0.0414735
2.23534 0.042385
2.23688 0.036694
2.23912 0.0409562
2.24336 0.0411595
2.24946 0.043223
2.25305 0.0407676
2.25703 0.0407112
2.26069 0.0403354
2.26479 0.0404074
2.26922 0.0407989
2.27287 0.04042
2.27724 0.0407518
2.28089 0.0403759
2.285 0.0404479
2.29526 0.0406206
2.29538 0.040749
2.29897 0.0403045
2.3034 0.0406931
2.30711 0.040377
2.31115 0.0403833
2.31532 0.0405151
2.31942 0.0405871
2.3236 0.0407248
2.33276 0.03981
2.33693 0.0367496
2.33886 0.042709
2.34264 0.0404418
2.34649 0.04026
2.35066 0.0403976
2.35471 0.0404069
2.35862 0.0402878
2.36273 0.0403598
2.36696 0.0405602
2.37062 0.0401843
2.37729 0.0428241
2.38134 0.0408167
2.38499 0.0404408
2.38903 0.0404471
2.39314 0.0405191
2.39718 0.0405255
2.40128 0.0405975
2.40526 0.0405382
2.40929 0.0405416
2.41327 0.0404822
2.41969 0.0428648
2.42405 0.0411768
2.43258 0.0416374
2.43649 0.0363063
2.43662 0.0404683
2.4406 0.0404119
2.44438 0.0401644
2.44939 0.0411381
2.45324 0.0409562
2.45715 0.0408371
2.46068 0.0403328
2.46704 0.0426531
2.47108 0.0406457
2.47519 0.0407177
2.47897 0.0404702
2.48301 0.0404794
2.48751 0.0409366
2.49103 0.0404294
2.49488 0.0402417
2.49853 0.0398629
2.50308 0.0403798
2.50911 0.040358
2.5136 0.0408152
2.51777 0.0409528
2.52194 0.0410871
2.52624 0.0413531
2.53458 0.0416226
2.53669 0.0365109
2.53875 0.0405819
2.54273 0.0405255
2.54645 0.0402124
2.55049 0.0402216
2.55678 0.0424763
2.56101 0.0406628
2.56499 0.0406065
2.56922 0.0408069
2.5732 0.0407505
2.57712 0.0406314
2.58103 0.0405123
2.58501 0.0404559
2.58898 0.0403966
2.58911 0.0405249
2.59501 0.0423915
2.59873 0.0400615
2.60335 0.0406471
2.6072 0.0404623
2.61137 0.0405971
2.61592 0.0411199
2.61958 0.040744
2.62382 0.0409444
2.63279 0.0418558
2.63687 0.0366843
2.637 0.0408463
2.64091 0.0407271
2.64675 0.0425339
2.65047 0.040204
2.6547 0.0404044
2.65862 0.0402852
2.66272 0.0403573
2.66696 0.0405606
2.67081 0.0403758
2.67492 0.0404478
2.67876 0.0402631
2.68512 0.0425834
2.68897 0.0403818
2.69294 0.0403225
2.69685 0.0402005
2.70134 0.0406576
2.70545 0.0407267
2.70923 0.0404763
2.71359 0.0408051
2.71763 0.0408143
2.722 0.0411431
2.72822 0.0413153
2.73714 0.0369551
2.73759 0.0426149
2.73771 0.0427432
2.74047 0.0402903
2.74432 0.0401055
2.74894 0.040694
2.75254 0.0402524
2.75671 0.0403901
2.76094 0.0405934
2.76512 0.0407311
2.76922 0.0408031
2.77525 0.042801
2.77917 0.0406651
2.78308 0.040546
2.78725 0.0406807
2.7909 0.0403019
2.79482 0.0401799
2.79866 0.0399951
2.80289 0.0401896
2.80687 0.0401332
2.81367 0.0428985
2.81758 0.0407626
2.82179 0.0409314
2.82596 0.0410691
2.82981 0.0408843
2.83455 0.0415953
2.83641 0.0362268
2.83846 0.0402978
2.84257 0.0403698
2.84655 0.0403164
2.85085 0.0405825
2.85496 0.0406545
2.85848 0.0401502
2.86484 0.0424676
2.86875 0.0403317
2.87304 0.0405919
2.87317 0.0407203
2.87709 0.0406011
2.88087 0.0403536
2.88517 0.0406197
2.88915 0.0405604
2.89319 0.0405697
2.89691 0.0402536
2.90326 0.0425709
2.9073 0.0405635
2.91127 0.0405041
2.91551 0.0407045
2.91968 0.0408422
2.9243 0.0414278
2.93302 0.0420824
2.93713 0.0369425
2.93738 0.0412328
2.94111 0.0409226
2.94476 0.0405467
2.94919 0.0409412
2.95452 0.0422343
2.95862 0.0402896
2.96292 0.0405556
2.96684 0.0404365
2.97081 0.0403802
2.97505 0.0405806
2.9789 0.0403958
2.98281 0.0402767
2.98705 0.0404771
2.99301 0.0424093
2.99699 0.0403361
3.00135 0.0406649
3.00521 0.0404857
3.00918 0.0404293
3.01354 0.0407581
3.01762 0.0407985
3.02185 0.0409989
3.03526 0.0402869
3.03699 0.0368068
3.03917 0.0410033
3.04478 0.0425843
3.04889 0.0406425
3.05294 0.0406518
3.05653 0.0402102
3.06057 0.0402195
3.0607 0.0403479
3.06487 0.0404856
3.06923 0.0408144
3.07302 0.0405669
3.07674 0.0402566
3.08322 0.0427053
3.0874 0.0408262
3.09099 0.0403847
3.09503 0.040394
3.09901 0.0403405
3.10363 0.040929
3.10748 0.0407472
3.1114 0.0406251
3.1155 0.0406972
3.12185 0.0430175
3.13013 0.0412074
3.13481 0.0418587
3.13642 0.0362334
3.1386 0.0404299
3.14232 0.0401167
3.14642 0.0401882
3.15072 0.0404542
3.15483 0.0405292
3.15862 0.0402817
3.16278 0.0404164
3.1667 0.0402973
3.17292 0.0424863
3.17703 0.0405445
3.18133 0.0408105
3.18499 0.0404346
3.18915 0.0405694
3.19352 0.0409011
3.1973 0.0406507
3.20128 0.0405943
3.20519 0.0404722
3.21135 0.0425955
3.21552 0.0407165
3.21956 0.0407257
3.22357 0.0407005
3.22793 0.0410292
3.22806 0.0411576
3.23268 0.0417432
3.23672 0.0365406
3.23685 0.0407025
3.2373 0.0411504
3.24064 0.040455
3.24436 0.0401418
3.24898 0.0407303
3.25321 0.0409307
3.25662 0.0402981
3.26284 0.04249
3.26688 0.0404825
3.27099 0.0405545
3.27509 0.0406265
3.27901 0.0405074
3.28292 0.0403883
3.28729 0.0407171
3.291 0.040401
3.29472 0.040082
3.30107 0.0423964
3.30934 0.0405834
3.31331 0.040527
3.31748 0.0406613
3.32204 0.0411841
3.32627 0.0413845
3.33461 0.041654
3.33647 0.0362855
3.33865 0.0404819
3.34263 0.0404256
3.34612 0.0398867
3.35267 0.0423981
3.35639 0.0400682
3.36037 0.0400148
3.36453 0.040149
3.3687 0.0402867
3.37294 0.0404841
3.37685 0.040365
3.38025 0.0397323
3.38448 0.0399327
3.39067 0.0420842
3.39478 0.0401395
3.3983 0.0396322
3.4026 0.0398954
3.40273 0.0400238
3.40638 0.0396479
3.41081 0.0400394
3.41094 0.0401678
3.4153 0.0404966
3.41883 0.0399923
3.42338 0.0405122
3.42922 0.042316
3.4323 0.0393412
3.43621 0.0360269
3.43698 0.0408279
3.44192 0.0417329
3.44564 0.039403
3.44993 0.0396661
3.45352 0.0392216
3.45724 0.0389085
3.46096 0.0385953
3.46501 0.0386046
3.46866 0.0382258
3.47238 0.0379126
3.47828 0.0397791
3.48168 0.0371297
3.48572 0.037139
3.48989 0.0372679
3.49258 0.0359276
3.49271 0.036056
3.49649 0.0358026
3.50033 0.0356149
3.50424 0.0354899
3.50758 0.0347916
3.51412 0.0373001
3.51855 0.0356748
3.52336 0.0364515
3.52791 0.0369714
3.53124 0.0310612
3.53169 0.0355426
3.53503 0.0348443
3.53907 0.0348506
3.54362 0.0353705
3.54753 0.0352455
3.55144 0.0351235
3.55529 0.0349387
3.55914 0.0347539
3.5653 0.0368802
3.56928 0.034807
3.573 0.0344939
3.57312 0.0346223
3.5764 0.0338612
3.57999 0.0334197
3.5839 0.0332976
3.58845 0.0338116
3.59121 0.032537
3.59569 0.0329878
3.59614 0.0334357
3.60267 0.0359383
3.60524 0.0324558
3.60973 0.032913
3.61397 0.0331134
3.61826 0.0333736
3.62237 0.0334456
3.62801 0.0350524
3.62974 0.0295555
3.63179 0.0336236
3.63593 0.0337267
3.64009 0.0338614
3.64413 0.0338678
3.64811 0.0338114
3.65395 0.0356152
3.65786 0.0334764
3.6619 0.0334857
3.66582 0.0333636
3.66947 0.0329877
3.67364 0.0331225
3.67377 0.0332509
3.67768 0.0331288
3.6814 0.0328186
3.6857 0.0330788
3.6914 0.0347513
3.69576 0.0330604
3.70019 0.0334519
3.70397 0.0331985
3.70839 0.0335866
3.71282 0.0339781
3.71781 0.0349429
3.72268 0.0357794
3.72806 0.0371265
3.73204 0.0318553
3.73249 0.0363367
3.73595 0.0357668
3.74012 0.0359015
3.74692 0.0386668
3.75102 0.0367191
3.75487 0.0365343
3.75904 0.036669
3.75917 0.0367974
3.76292 0.0365154
3.76689 0.036459
3.77106 0.0365937
3.77485 0.0363462
3.77876 0.0362242
3.77889 0.0363526
3.78518 0.0386072
3.78889 0.0362714
3.78998 0.0373583
3.79389 0.0372333
3.79709 0.0364066
3.80106 0.0363444
3.80523 0.0364762
3.80536 0.0366046
3.80934 0.0365482
3.81401 0.0371935
3.81844 0.037585
3.82485 0.0399622
3.82856 0.0376264
3.83254 0.03757
3.83492 0.0347319
3.83889 0.0407258
3.84322 0.0390032
3.8479 0.0396545
3.85188 0.0395952
3.85586 0.0395388
3.85983 0.0394824
3.86432 0.0399366
3.86945 0.0410328
3.87208 0.0396298
3.87888 0.0423951
3.88247 0.0399368
3.88722 0.0406478
3.89074 0.0401406
3.89087 0.040269
3.89446 0.0398245
3.8985 0.0398279
3.90305 0.0403448
3.90683 0.0400939
3.91106 0.0402914
3.91754 0.0427342
3.92209 0.0412373
3.92603 0.0411459
3.9293 0.0403819
3.93424 0.0412869
3.9361 0.0359184
3.93835 0.0401806
3.94255 0.0403464
3.94643 0.0401927
3.95047 0.040202
3.95451 0.0402113
3.9581 0.0397698
3.96233 0.0399672
3.96862 0.0422189
3.97189 0.0394382
3.9758 0.039319
3.97965 0.0391343
3.98337 0.0388211
3.98741 0.0388245
3.99145 0.0388279
3.99504 0.0383834
3.99888 0.0381957
4.00536 0.0406412
4.00927 0.0385024
4.01363 0.0388283
4.01408 0.0392762
4.01819 0.0393482
4.02261 0.0397368
4.02789 0.040989
4.03149 0.0405475
4.03546 0.0352786
4.03591 0.0397601
4.0395 0.0393185
4.04406 0.0398384
4.04829 0.0400418
4.05259 0.040302
4.05817 0.041849
4.06182 0.0394534
4.06596 0.0395565
4.06968 0.0392433
4.07334 0.0388674
4.07719 0.0386856
4.0811 0.0385665
4.08483 0.0382563
4.08861 0.0380029
4.09444 0.0398038
4.09806 0.0373766
4.10223 0.0375084
4.10268 0.0379563
4.10621 0.037452
4.11012 0.0373329
4.11422 0.0374019
4.11858 0.0377307
4.12307 0.038182
4.12797 0.0390525
4.13288 0.039926
4.1348 0.0346202
4.13679 0.0386256
4.14096 0.0387603
4.1476 0.0413626
4.15112 0.0388387
4.1551 0.0387823
4.15888 0.0385318
4.16292 0.0385382
4.16684 0.0384191
4.17068 0.0382314
4.1746 0.0381123
4.1787 0.0381843
4.18448 0.0399253
4.18832 0.0377179
4.19236 0.0377243
4.19607 0.0374052
4.20005 0.0373459
4.20018 0.0374743
4.20402 0.0372832
4.20812 0.0373522
4.20825 0.0374806
4.2121 0.0372958
4.21626 0.0374271
4.22319 0.0403178
4.22771 0.0387859
4.23098 0.0380219
4.23547 0.0352839
4.23733 0.0411777
4.24092 0.0387193
4.24534 0.0391109
4.24983 0.0395646
4.25387 0.0395704
4.25778 0.0394484
4.26227 0.0399026
4.26618 0.0397806
4.27016 0.0397212
4.27647 0.0420035
4.27981 0.0392884
4.27994 0.0394168
4.28398 0.0394261
4.28789 0.0393011
4.29199 0.0393673
4.29211 0.0394956
4.29589 0.0392423
4.30019 0.0395025
4.30423 0.0395059
4.30833 0.0395749
4.31455 0.041761
4.31932 0.0404863
4.32387 0.0410033
4.33189 0.0409533
4.33664 0.0364553
4.33677 0.0406173
4.34068 0.0404981
4.34434 0.0401193
4.34902 0.0407706
4.35294 0.0406514
4.3571 0.0407862
4.36096 0.0406043
4.36705 0.0426649
4.37083 0.0403977
4.37507 0.0405981
4.37923 0.0407329
4.38309 0.040551
4.38783 0.0412591
4.38796 0.0413875
4.39103 0.0404324
4.39507 0.0404358
4.39879 0.0401226
4.40956 0.0408059
4.40969 0.0409343
4.41321 0.0404271
4.41738 0.0405618
4.42229 0.0414324
4.42241 0.0415608
4.42655 0.0416668
4.43473 0.0417763
4.43672 0.0365362
4.43865 0.0404788
4.44339 0.0411898
4.4466 0.040366
4.45083 0.0405664
4.45712 0.0428211
4.46084 0.0404941
4.46501 0.0406259
4.46886 0.0404411
4.46931 0.040889
4.47277 0.040319
4.47707 0.0405851
4.48105 0.0405287
4.48611 0.0415592
4.48919 0.0406041
4.49534 0.0427245
4.49913 0.0404573
4.50349 0.0407832
4.50723 0.0404976
4.51147 0.0406951
4.51579 0.0409893
4.51961 0.04077
4.52396 0.0410929
4.52409 0.0412213
4.5282 0.0412933
4.53301 0.0420729
4.53712 0.036933
4.53724 0.041095
4.53737 0.0412234
4.54116 0.0409759
4.54668 0.0424602
4.55085 0.0405811
4.55502 0.0407187
4.55848 0.0401488
4.56265 0.0402865
4.56695 0.0405496
4.5708 0.0403619
4.5749 0.0404339
4.57933 0.0408254
4.58574 0.0432055
4.58587 0.0433339
4.58888 0.0402963
4.59356 0.0409388
4.59702 0.0403659
4.60125 0.0405604
4.60958 0.0408269
4.61349 0.0407049
4.61773 0.0409053
4.62452 0.0436676
4.62824 0.0413377
4.63125 0.0403169
4.63703 0.0368461
4.63761 0.0426343
4.64036 0.0401813
4.64454 0.040319
4.64922 0.0409702
4.65288 0.0405943
4.65686 0.0405379
4.66077 0.0404188
4.66494 0.0405565
4.66924 0.0408196
4.67507 0.0426234
4.67886 0.0403592
4.68309 0.0405596
4.68727 0.0406972
4.69111 0.0405066
4.69124 0.040635
4.69483 0.0401905
4.69874 0.0400684
4.70322 0.0405197
4.70733 0.0405888
4.71354 0.0427749
4.71816 0.0413407
4.72188 0.0410305
4.72657 0.0416788
4.72701 0.0421267
4.73009 0.0411716
4.73458 0.0416288
4.7367 0.036517
4.73875 0.0405881
4.7426 0.0404033
4.74677 0.040541
4.75075 0.0404846
4.75505 0.0407506
4.75871 0.0403747
4.76487 0.042501
4.76885 0.0404308
4.77308 0.0406253
4.77705 0.0405689
4.78091 0.0403871
4.78501 0.0404591
4.78905 0.0404654
4.79406 0.0414362
4.79732 0.0406722
4.80342 0.0427298
4.80739 0.0406567
4.81156 0.0407914
4.8158 0.0409918
4.81971 0.0408727
4.82414 0.0412672
4.82831 0.0414019
4.82843 0.0415303
4.83267 0.0417307
4.83652 0.0403705
4.84088 0.0406993
4.84493 0.0407085
4.84942 0.0411687
4.855 0.0427186
4.85853 0.0401976
4.86289 0.0405264
4.86694 0.0405356
4.87085 0.0404165
4.87496 0.0404885
4.87919 0.0406889
4.88298 0.0404414
4.88753 0.0409613
4.89285 0.0422487
4.89663 0.0399814
4.90112 0.0404357
4.90503 0.0403136
4.90939 0.0406395
4.91369 0.0409026
4.9176 0.0407835
4.92184 0.0409834
4.93108 0.0421545
4.93152 0.0426024
4.93499 0.0400187
4.93685 0.0366669
4.9391 0.0409291
4.94455 0.0423477
4.94888 0.0406281
4.95286 0.0405746
4.95677 0.0404555
4.96069 0.0403364
4.96473 0.0403428
4.97306 0.0406122
4.97698 0.0404931
4.9832 0.042685
4.98737 0.040803
4.99096 0.0403615
4.99475 0.040111
4.99892 0.0402458
5.00328 0.0405745
5.00739 0.0406523
5.01111 0.0403362
5.0156 0.0407934
5.02195 0.0431137
5.02644 0.0415541
5.03504 0.0420862
5.0369 0.0367177
5.0385 0.0403379
5.04274 0.0405383
5.04652 0.0402908
5.0507 0.0404285
5.05467 0.0403721
5.05833 0.0399962
5.06276 0.0403877
5.06686 0.0404597
5.07302 0.042586
5.077 0.0405158
5.0813 0.0407818
5.08502 0.0404716
5.08913 0.0405436
5.09324 0.0406185
5.09721 0.0405622
5.10119 0.0405058
5.10523 0.0405151
5.11113 0.0423816
5.11543 0.0406274
5.11966 0.0408278
5.12807 0.0411659
5.1325 0.0415574
5.13667 0.0364832
5.13679 0.0406451
5.14026 0.0400752
5.14424 0.0400188
5.14911 0.0408641
5.15726 0.0409454
5.16304 0.0426864
5.16682 0.0404222
5.17074 0.0403031
5.17497 0.0405035
5.17914 0.0406411
5.18293 0.0403936
5.18748 0.0409135
5.18761 0.0410419
5.19107 0.040469
5.19498 0.040347
5.2012 0.042533
5.20531 0.0405883
5.20992 0.0411709
5.21005 0.0412993
5.21352 0.0407294
5.22192 0.0410674
5.22648 0.0415903
5.22994 0.0410174
5.23449 0.0415402
5.23648 0.0363001
5.23866 0.0404966
5.24283 0.0406343
5.24713 0.0409003
5.25272 0.0424503
5.25683 0.0405085
5.26106 0.0407118
5.26497 0.0405898
5.27273 0.0402829
5.27703 0.040549
5.27716 0.0406774
5.28108 0.0405583
5.28519 0.0406332
5.29121 0.0426281
5.29532 0.0406834
5.29917 0.0404986
5.30327 0.0405706
5.30757 0.0408367
5.31161 0.040843
5.31578 0.0409807
5.31938 0.0405391
5.33025 0.0433443
5.33724 0.0370581
5.33769 0.0415396
5.34289 0.0427044
5.34642 0.0401833
5.35084 0.0405778
5.35488 0.0405841
5.35829 0.0399515
5.36259 0.0402175
5.36714 0.0407404
5.37099 0.0405556
5.3749 0.0404365
5.38119 0.0426911
5.38498 0.0404268
5.38928 0.04069
5.39306 0.0404425
5.39319 0.0405709
5.3971 0.0404488
5.40134 0.0406492
5.40499 0.0402675
5.40916 0.0404022
5.41339 0.0405996
5.41961 0.0427916
5.42372 0.0408468
5.42808 0.0411756
5.4327 0.0417577
5.43648 0.0362983
5.43693 0.0407797
5.44026 0.0400814
5.44431 0.0400907
5.44909 0.0408387
5.45287 0.0405912
5.45679 0.0404721
5.4609 0.040547
5.4652 0.0408131
5.47097 0.0425542
5.47476 0.0402869
5.47925 0.0407441
5.48323 0.0406907
5.48733 0.0407627
5.49105 0.0404466
5.49585 0.0412174
5.49867 0.0400055
5.50297 0.0402657
5.50951 0.0427742
5.51349 0.040701
5.51766 0.0408387
5.5216 0.0407507
5.53453 0.0415741
5.53639 0.0362056
5.53831 0.0401453
5.54242 0.0402173
5.54672 0.0404834
5.55063 0.0403608
5.55467 0.0403701
5.56077 0.0424336
5.56455 0.0401664
5.56862 0.0402068
5.57305 0.0405954
5.57709 0.0406047
5.58088 0.0403572
5.58498 0.0404292
5.58896 0.0403699
5.59274 0.0401194
5.59287 0.0402478
5.59832 0.0416635
5.60351 0.0408057
5.60697 0.0402357
5.61082 0.040048
5.61095 0.0401764
5.61515 0.0403452
5.61951 0.040674
5.62368 0.0408116
5.62856 0.041651
5.63234 0.0414035
5.63642 0.036232
5.63686 0.0407135
5.64013 0.0399495
5.64411 0.0398931
5.65027 0.0420193
5.65386 0.0395581
5.65399 0.0396865
5.65771 0.0393733
5.66162 0.0392513
5.66528 0.0388754
5.66881 0.0383711
5.67304 0.0385685
5.67317 0.0386969
5.67631 0.0378075
5.67984 0.0373003
5.68536 0.0387875
5.69016 0.0375386
5.69298 0.0363267
5.69689 0.0362047
5.70112 0.0363992
5.70465 0.035892
5.70837 0.0355818
5.71222 0.035397
5.71671 0.0358542
5.72389 0.0390017
5.72581 0.0348772
5.73056 0.0355882
5.73248 0.0322992
5.73595 0.0377796
5.73973 0.0355095
5.74435 0.036095
5.74832 0.0360387
5.75179 0.0354687
5.75563 0.0352839
5.7598 0.0354187
5.76365 0.0352368
5.76718 0.0347296
5.77328 0.0367902
5.77655 0.0340124
5.78052 0.033956
5.78469 0.0340907
5.78822 0.0335806
5.79181 0.033139
5.79591 0.033211
5.79957 0.0328317
5.80348 0.0327067
5.80989 0.0350897
5.814 0.033145
5.81874 0.033856
5.82348 0.0345636
5.82804 0.0350835
5.82977 0.0295866
5.83214 0.0339742
5.83612 0.0339178
5.84009 0.0338585
5.84433 0.0340589
5.84856 0.0342593
5.84869 0.0343877
5.85221 0.0338805
5.856 0.03363
5.86203 0.0356274
5.86549 0.0330406
5.86947 0.0329843
5.87326 0.0327368
5.87678 0.0322325
5.88063 0.0320477
5.88454 0.0319257
5.88467 0.0320541
5.88839 0.031738
5.89182 0.0311364
5.89791 0.033194
5.90176 0.0309925
5.90625 0.0314497
5.91062 0.0317785
5.91074 0.0319069
5.91529 0.0324238
5.92013 0.0332287
5.92414 0.0332034
5.92799 0.0278067
5.92844 0.0322882
5.93241 0.0322259
5.936 0.0317844
5.94055 0.0323013
5.9444 0.0321136
5.94453 0.032242
5.95023 0.0339174
5.95383 0.0314591
5.95787 0.0314684
5.96166 0.0312209
5.96544 0.0309734
5.96948 0.0309792
5.97359 0.0310512
5.9777 0.0311262
5.98186 0.031258
5.9875 0.0328677
5.99177 0.0310824
5.99581 0.0310859
5.99593 0.0312142
6.00042 0.0316656
6.00055 0.0317939
6.00434 0.0315493
6.00857 0.0317497
6.0128 0.0319467
6.01697 0.0320814
6.02095 0.032025
6.0264 0.0334466
6.02832 0.0281409
6.03031 0.0321462
6.03442 0.0322153
6.04102 0.0347835
6.04115 0.0349119
6.04429 0.0320028
6.04814 0.031818
6.05179 0.0314421
6.05558 0.0311917
6.05968 0.0312666
6.06347 0.0310191
6.06739 0.0309
6.07162 0.0311004
6.07758 0.0330326
6.0815 0.0308967
6.08567 0.0310315
6.0858 0.0311599
6.08984 0.0311662
6.09452 0.0318145
6.09818 0.0314386
6.10215 0.0313822
6.10626 0.0314542
6.11062 0.031783
6.11674 0.0338718
6.12078 0.0318584
6.12091 0.0319868
6.12418 0.0312228
6.12828 0.0280968
6.1304 0.0342473
6.13386 0.0316576
6.13796 0.0317267
6.14219 0.0319241
6.14591 0.031611
6.14957 0.0312322
6.15373 0.0313669
6.15386 0.0314953
6.15739 0.030991
6.16137 0.0309346
6.16746 0.0329952
6.17131 0.0307937
6.1758 0.0312508
6.17965 0.0310631
6.18394 0.0313228
6.18407 0.0314512
6.18785 0.0311978
6.18798 0.0313262
6.19215 0.031461
6.19606 0.031336
6.20009 0.0313394
6.20599 0.0332054
6.20984 0.0310009
6.215 0.0321253
6.21512 0.0322537
6.22003 0.0331212
6.22381 0.0328679
6.22393 0.0329963
6.22778 0.0275996
6.22887 0.03272
6.23156 0.0313798
6.23541 0.031192
6.24003 0.0317776
6.24375 0.0314615
6.24708 0.0307632
6.25125 0.0309009
6.25741 0.0330242
6.26123 0.030791
6.26539 0.0309257
6.26982 0.0313173
6.27341 0.0308757
6.27784 0.0312672
6.28194 0.0313363
6.28636 0.0317219
6.28649 0.0318503
6.28982 0.0311491
6.29584 0.033141
6.29975 0.0309993
6.30379 0.0310027
6.30802 0.0312031
6.31273 0.031879
6.31658 0.0316943
6.32055 0.031632
6.32581 0.0328566
6.32773 0.0275508
6.32966 0.0314905
6.33408 0.0318791
6.33729 0.0310524
6.34126 0.030996
6.34748 0.033182
6.35127 0.0309178
6.35569 0.0313053
6.35948 0.0310578
6.36364 0.0311925
6.36775 0.0312646
6.37166 0.0311425
6.37564 0.0310861
6.37974 0.0311552
6.37987 0.0312836
6.38583 0.0332099
6.38955 0.030877
6.39448 0.0317792
6.39782 0.0310809
6.40262 0.0318517
6.40698 0.0321805
6.4107 0.0318673
6.41083 0.0319957
6.41577 0.0328949
6.41948 0.0325788
6.42505 0.034117
6.42916 0.0289742
6.42961 0.0334556
6.433 0.03282
6.43967 0.0354569
6.44359 0.0333181
6.44782 0.0335155
6.45154 0.0332024
6.4557 0.0333371
6.45955 0.0331523
6.46366 0.0332243
6.46738 0.0329112
6.47123 0.0327264
6.47723 0.0346897
6.48069 0.032103
6.48473 0.0321064
6.48876 0.0321098
6.49312 0.0324357
6.49703 0.0323107
6.50126 0.0325052
6.50472 0.0319353
6.50902 0.0321984
6.51543 0.0345755
6.52024 0.033332
6.52427 0.0333325
6.53062 0.030435
6.53151 0.0365427
6.53478 0.0346003
6.53947 0.0352486
6.54492 0.0366673
6.54505 0.0367957
6.54941 0.0371215
6.55402 0.0377071
6.55858 0.038227
6.56339 0.0390037
6.56782 0.0393981
6.57455 0.0420977
6.5791 0.0406009
6.57923 0.0407292
6.58315 0.0406101
6.58789 0.0413182
6.59109 0.0404915
6.59526 0.0406233
6.59949 0.0408178
6.60333 0.0406272
6.60776 0.0410187
6.61359 0.0428196
6.61785 0.0410343
6.62241 0.0415542
6.63004 0.041119
6.63443 0.0414789
6.63674 0.0365583
6.6388 0.0406293
6.64264 0.0404445
6.64675 0.0405165
6.65086 0.0405886
6.6549 0.0405978
6.65881 0.0404787
6.66516 0.0427961
6.66888 0.0404662
6.67299 0.0405352
6.67703 0.0405445
6.68088 0.0403597
6.68537 0.0408169
6.68934 0.0407576
6.69357 0.0409551
6.69723 0.0405762
6.70338 0.0426966
6.70723 0.0404951
6.71159 0.0408209
6.71569 0.04089
6.71967 0.0408336
6.72913 0.0422211
6.73317 0.0422304
6.73721 0.0370248
6.73766 0.0415063
6.74112 0.0409392
6.74504 0.0408201
6.7494 0.0411519
6.75492 0.0426362
6.75832 0.0399838
6.76717 0.0407698
6.77063 0.0401969
6.77499 0.0405257
6.77923 0.0407261
6.78301 0.0404786
6.78769 0.0411239
6.79398 0.0433727
6.79686 0.0402097
6.79699 0.0403381
6.8018 0.0411089
6.80506 0.0403449
6.80913 0.0403794
6.80926 0.0405078
6.81433 0.0415383
6.81785 0.0410341
6.82241 0.041554
6.82616 0.0412748
6.83546 0.0404919
6.8372 0.0370118
6.83957 0.0414023
6.8449 0.0426955
6.84871 0.0404624
6.85282 0.0405373
6.86084 0.0404902
6.86501 0.040622
6.8693 0.0408851
6.8729 0.0404436
6.87723 0.0407407
6.88307 0.0425475
6.88768 0.0411104
6.89114 0.0405405
6.89479 0.0401587
6.89877 0.0400994
6.90339 0.040682
6.9073 0.04056
6.9114 0.040629
6.9157 0.0408922
6.92237 0.043529
6.92615 0.0412648
6.93025 0.0413338
6.93526 0.0423046
6.93699 0.0368077
6.93853 0.0403652
6.94277 0.0405656
6.94668 0.0404464
6.95072 0.0404557
6.95489 0.0405934
6.95861 0.0402802
6.96279 0.0404179
6.96708 0.040681
6.97285 0.0424192
6.97664 0.0401549
6.98139 0.0408689
6.98505 0.040493
6.98972 0.0411354
6.99325 0.0406282
6.99716 0.0405061
6.99729 0.0406345
7.00171 0.0410231
7.00569 0.0409727
7.01146 0.0427079
7.01569 0.0408886
7.01967 0.0408351
7.02403 0.0411639
7.02827 0.0413643
7.03282 0.0418871
7.03706 0.0368756
7.03764 0.0414855
7.04084 0.0406617
7.04476 0.0405426
7.04919 0.040937
7.0531 0.0408179
7.05708 0.0407615
7.06273 0.0423742
7.06702 0.040623
7.07094 0.0405009
7.07504 0.040573
7.07908 0.0405817
7.08332 0.0407851
7.08743 0.0408571
7.0914 0.0408007
7.0957 0.0410638
7.10122 0.0425481
7.10526 0.0405406
7.10962 0.0408665
7.11359 0.0408071
7.11757 0.0407508
7.12219 0.0413363
7.12643 0.0415397
7.1304 0.0414804
7.13489 0.0419405
7.13695 0.0367631
7.13887 0.0407057
7.14291 0.0407121
7.14683 0.040593
7.15273 0.0424624
7.15671 0.0403922
7.16101 0.0406583
7.16499 0.0406019
7.1689 0.0404828
7.17307 0.0406146
7.17717 0.0406866
7.18109 0.0405675
7.18532 0.0407679
7.19122 0.0426344
7.19513 0.0404985
7.19924 0.0405705
7.20322 0.0405142
7.20732 0.0405862
7.21155 0.0407836
7.21592 0.0411124
7.21976 0.0409276
7.224 0.041128
7.23003 0.043123
7.23272 0.0397659
7.23689 0.0367084
7.23779 0.0416378
7.24279 0.0426114
7.24635 0.0401215
7.25091 0.0406443
7.25508 0.040782
7.25848 0.0401493
7.26304 0.0406722
7.26715 0.0407442
7.27093 0.0404967
7.27523 0.0407628
7.28101 0.0425038
7.28479 0.0402396
7.28947 0.0408849
7.29306 0.0404434
7.29691 0.0402586
7.30121 0.0405217
7.30518 0.0404624
7.30942 0.0406657
7.31391 0.04112
7.31962 0.0427954
7.32379 0.0409163
7.32828 0.0413735
7.33274 0.041799
7.33639 0.0362112
7.33684 0.0406927
7.33697 0.0408211
7.34043 0.0402511
7.34454 0.0403231
7.34878 0.0405265
7.35282 0.0405328
7.35673 0.0404137
7.36097 0.040617
7.3652 0.0408174
7.37079 0.0423674
7.3747 0.0402286
7.37932 0.0408142
7.38317 0.0406323
7.3874 0.0408327
7.38753 0.0409611
7.39125 0.0406479
7.39529 0.0406514
7.39901 0.0403382
7.40337 0.040667
7.40946 0.0427276
7.41331 0.040526
7.41768 0.0408577
7.42166 0.0408014
7.42608 0.0411958
7.43051 0.0415873
7.43481 0.0418534
7.43667 0.0364849
7.43859 0.0404246
7.44334 0.0411356
7.4468 0.0405686
7.45078 0.0405122
7.45502 0.0407156
7.46079 0.0424566
7.46458 0.0401924
7.46888 0.0404584
7.47311 0.0406559
7.47708 0.0405995
7.48126 0.0407372
7.48498 0.040424
7.48914 0.0405588
7.49364 0.0410159
7.49376 0.0411443
7.49902 0.0423689
7.50364 0.0409348
7.50723 0.0404932
7.51101 0.0402428
7.51557 0.0407656
7.52006 0.0412228
7.5326 0.041661
7.53677 0.0365868
7.53735 0.0411966
7.54068 0.0404983
7.54472 0.0405076
7.55069 0.0424427
7.55448 0.0401784
7.55846 0.0401221
7.56288 0.0405165
7.56693 0.0405258
7.5709 0.0404694
7.57494 0.0404758
7.57912 0.0406134
7.58329 0.0407511
7.58906 0.0424892
7.59348 0.0408611
7.59682 0.0401627
7.60108 0.0403942
7.61003 0.041274
7.61381 0.0410236
7.61779 0.0409701
7.62209 0.0412362
7.62838 0.0434879
7.63165 0.0407101
7.63768 0.037496
7.64082 0.0426569
7.64416 0.0399418
7.64917 0.0409155
7.65308 0.0407964
7.65674 0.0404205
7.66091 0.0405581
7.66482 0.0404361
7.66899 0.0405738
7.67341 0.0409623
7.679 0.0425123
7.68285 0.0403137
7.68753 0.040962
7.69112 0.0405204
7.69523 0.0405895
7.69927 0.0405959
7.7033 0.0405993
7.70728 0.0405429
7.71158 0.040806
7.71754 0.0427382
7.72171 0.0408591
7.72646 0.0415731
7.73435 0.0413946
7.73685 0.0366681
7.73852 0.040351
7.74262 0.0404225
7.74637 0.0401404
7.75074 0.0404692
7.75478 0.0404785
7.75857 0.040231
7.76299 0.0406255
7.7689 0.0424949
7.77268 0.0402277
7.77717 0.0406849
7.78121 0.0406942
7.785 0.0404467
7.78936 0.0407725
7.7934 0.0407818
7.79706 0.040403
7.80167 0.0409886
7.80732 0.0426012
7.8111 0.040334
7.81617 0.0413675
7.81951 0.0406692
7.82368 0.0408068
7.82823 0.0413267
7.82836 0.0414551
7.83246 0.0415271
7.83638 0.0361961
7.83683 0.0406776
7.83728 0.0411255
7.84016 0.0399792
7.8442 0.0399856
7.84837 0.0401233
7.8519 0.039616
7.8569 0.0405868
7.85998 0.0376149
7.86377 0.0373674
7.8671 0.0366691
7.87031 0.0358423
7.87365 0.035144
7.87679 0.0342546
7.88032 0.0337473
7.88365 0.033049
7.88935 0.0347156
7.88948 0.034844
7.89173 0.0310391
7.89554 0.0308197
7.90016 0.0314024
7.90388 0.0310892
7.9083 0.0314837
7.91273 0.0318752
7.91683 0.0319442
7.92004 0.0311175
7.92517 0.0322166
7.92716 0.0269766
7.92902 0.0308535
7.93332 0.0311166
7.93921 0.0309635
7.93934 0.0310918
7.94332 0.0310355
7.94717 0.0308507
7.95127 0.0309227
7.95519 0.0308007
7.95987 0.0314519
7.96327 0.0308192
7.96744 0.0309569
7.97168 0.0311573
7.97764 0.0330895
7.98155 0.0309507
7.98559 0.030957
7.98976 0.0310888
7.99393 0.0312265
7.99406 0.0313549
7.9979 0.0311672
8.00217 0.0313957
8.00599 0.0311854
8.01016 0.0313201
8.01586 0.0329926
8.01997 0.0310449
8.0235 0.0305406
8.02715 0.0269667
8.02901 0.0328604
8.03318 0.0309784
8.03722 0.0309847
8.03735 0.0311131
8.04126 0.030991
8.04524 0.0309347
8.04941 0.0310723
8.0537 0.0313355
8.05736 0.0309596
8.06134 0.0309061
8.06737 0.032904
8.07142 0.0308965
8.0754 0.030843
8.07944 0.0308494
8.08373 0.0311125
8.08386 0.0312409
8.08771 0.0310561
8.09207 0.0313849
8.09598 0.0312629
8.09989 0.0311403
8.10599 0.0332038
8.11 0.0311618
8.1141 0.0312309
8.11897 0.0320673
8.12339 0.0324559
8.12695 0.0267674
8.12753 0.0313772
8.13099 0.0308073
8.13509 0.0308763
8.1399 0.0316501
8.14368 0.0313967
8.14381 0.0315251
8.14727 0.0309552
8.15125 0.0308988
8.15728 0.0308799
8.1612 0.0307608
8.16537 0.0308984
8.1696 0.0310988
8.17345 0.0309141
8.17839 0.0318191
8.18242 0.0318225
8.18255 0.0319509
8.18595 0.0313153
8.18986 0.0311903
8.19582 0.0331191
8.20024 0.0314904
8.20371 0.0309204
8.20807 0.0312492
8.2123 0.0314496
8.21705 0.0321606
8.22128 0.0323581
8.22603 0.0330721
8.22756 0.0273811
8.22955 0.0313865
8.23359 0.0313928
8.23801 0.0317814
8.24334 0.0330687
8.24718 0.0308672
8.25122 0.0308735
8.25533 0.0309455
8.25918 0.0307637
8.26329 0.0308357
8.26759 0.0311018
8.27182 0.0313022
8.27567 0.0311174
8.27984 0.0312521
8.28548 0.0328619
8.28958 0.0309112
8.28971 0.0310396
8.29407 0.0313684
8.2976 0.0308612
8.30221 0.0314438
8.30639 0.0315815
8.31011 0.0312713
8.31466 0.0317912
8.31886 0.031957
8.32361 0.032668
8.32765 0.0274625
8.3279 0.0317528
8.33316 0.0329774
8.3372 0.030967
8.3413 0.031036
8.34521 0.030914
8.34932 0.0309825
8.35355 0.0311829
8.35747 0.0310638
8.36151 0.0310731
8.36555 0.0310824
8.36966 0.0311544
8.37549 0.0309414
8.37941 0.0308194
8.38357 0.0309512
8.3877 0.0310514
8.39194 0.0312518
8.39623 0.031512
8.39636 0.0316403
8.40053 0.0317751
8.40438 0.0315903
8.40848 0.0316623
8.4156 0.0347412
8.41925 0.0323456
8.42438 0.0334418
8.42826 0.0280762
8.42871 0.0325577
8.43204 0.0318564
8.43595 0.0317304
8.43608 0.0318588
8.44059 0.0323441
8.44437 0.0320908
8.44809 0.0317776
8.45194 0.0315899
8.45598 0.0315962
8.46144 0.0330178
8.46528 0.0308163
8.46958 0.0310823
8.47356 0.031023
8.47754 0.0309666
8.48241 0.031806
8.48587 0.0312332
8.49029 0.0316217
8.4942 0.0314968
8.49843 0.0316913
8.50381 0.0330413
8.50811 0.0312877
8.51317 0.0323182
8.51676 0.0318766
8.52285 0.0339284
8.52657 0.0336153
8.52849 0.0283095
8.53022 0.0320581
8.53035 0.0321865
8.53446 0.0322555
8.53881 0.0325814
8.53894 0.0327098
8.54279 0.0325221
8.54709 0.0327852
8.55222 0.0338814
8.55651 0.0321277
8.56033 0.0319113
8.56418 0.0317266
8.56816 0.0316702
8.57207 0.0315481
8.57617 0.0316202
8.58002 0.0314354
8.58425 0.0316328
8.58841 0.0317617
8.59412 0.0314174
8.59809 0.0313581
8.60239 0.0316154
8.60684 0.032038
8.61088 0.0320443
8.61626 0.0333914
8.6203 0.0333948
8.62043 0.0335232
8.6253 0.0343626
8.62947 0.0292855
8.62992 0.0337669
8.63434 0.0341555
8.63761 0.0333944
8.64415 0.0359
8.64787 0.03357
8.65146 0.0331285
8.65544 0.0330721
8.65942 0.0330157
8.66384 0.0334072
8.66711 0.0326462
8.67083 0.032333
8.67468 0.0321482
8.67988 0.0333101
8.68379 0.0311683
8.68455 0.0319357
8.68827 0.0316167
8.6916 0.0309184
8.69583 0.0311129
8.70115 0.0323973
8.70416 0.0313765
8.70853 0.0317053
8.71301 0.0321595
8.71756 0.0326736
8.72346 0.0345342
8.72871 0.033742
8.73032 0.0301335
8.73468 0.0365097
8.73932 0.0351067
8.74471 0.0364596
8.74862 0.0363376
8.75311 0.0367948
8.75792 0.0375715
8.76273 0.0383481
8.76748 0.0390621
8.77203 0.0395791
8.77845 0.0419621
8.78287 0.0403368
8.78774 0.0411733
8.79101 0.0404123
8.79505 0.0404186
8.79961 0.0409385
8.80333 0.0406224
8.80762 0.0408855
8.81153 0.0407635
8.81596 0.041155
8.8261 0.0412081
8.83014 0.0412144
8.83501 0.0420568
8.83739 0.0372019
8.83886 0.0406937
8.84297 0.0407686
8.84675 0.0405211
8.85083 0.0405615
8.85513 0.0408275
8.85878 0.0404482
8.86302 0.0406486
8.86879 0.0423867
8.87238 0.0399284
8.87655 0.0400661
8.88104 0.0405233
8.88502 0.0404698
8.88932 0.04073
8.89348 0.0408648
8.8974 0.0407427
8.90156 0.0408774
8.9074 0.0426754
8.91131 0.0405366
8.91945 0.0406115
8.92375 0.0408746
8.93272 0.0417855
8.93689 0.0367083
8.93702 0.0408702
8.94081 0.0406227
8.94504 0.0408226
8.94928 0.041026
8.95884 0.0425225
8.96301 0.0406404
8.96711 0.0407124
8.97083 0.0403993
8.97491 0.0404397
8.97946 0.0409596
8.98318 0.0406493
8.98774 0.0411663
8.99146 0.0408532
8.99697 0.0423316
9.00171 0.0410229
9.00505 0.0403278
9.00922 0.0404625
9.01313 0.0403405
9.01832 0.0414994
9.01845 0.0416278
9.02191 0.0410608
9.02634 0.0414552
9.03045 0.0415243
9.03525 0.0423005
9.03712 0.036932
9.03923 0.0410657
9.04347 0.041269
9.04915 0.0429158
9.05255 0.0402663
9.05672 0.040404
9.0607 0.0403476
9.065 0.0406108
9.06955 0.0411307
9.06968 0.041259
9.07302 0.0405637
9.07712 0.0406386
9.08129 0.0407763
9.08719 0.0426428
9.09111 0.0405069
9.09502 0.0403878
9.09983 0.0411645
9.10349 0.0407886
9.1076 0.0408606
9.11131 0.0405445
9.11144 0.0406729
9.11577 0.0409671
9.11988 0.0410391
9.12411 0.0412395
9.13046 0.0415401
9.13361 0.0406507
9.13765 0.0374648
9.13912 0.0429734
9.14288 0.0406775
9.14647 0.0402389
9.15103 0.0407617
9.15488 0.040577
9.15853 0.0401981
9.16289 0.0405269
9.16719 0.04079
9.17123 0.0407964
9.17704 0.0425686
9.18089 0.040367
9.18473 0.0401823
9.18922 0.0406336
9.19364 0.0410251
9.19768 0.0410314
9.20121 0.0405242
9.20518 0.0404649
9.20961 0.0408564
9.2157 0.0429141
9.21948 0.0406469
9.22404 0.0411668
9.22833 0.0414299
9.23289 0.0419527
9.23693 0.0367472
9.23706 0.0409091
9.24097 0.04079
9.24476 0.0405425
9.24925 0.0410026
9.25349 0.0412059
9.25734 0.0410212
9.26119 0.0408393
9.26722 0.0428372
9.27075 0.0403132
9.27473 0.0402568
9.27909 0.0405856
9.28294 0.0404038
9.28813 0.0415597
9.29134 0.040733
9.29538 0.0407394
9.29929 0.0406173
9.30538 0.042672
9.30929 0.0405332
9.3132 0.0404112
9.31737 0.0405489
9.32154 0.0406836
9.32648 0.0415887
9.33058 0.0416577
9.33494 0.0419895
9.33687 0.0366837
9.33879 0.0406263
9.34283 0.0406327
9.34668 0.0404479
9.34681 0.0405763
9.35098 0.040714
9.35669 0.0423923
9.36054 0.0401908
9.36484 0.0404568
9.36882 0.0404004
9.3726 0.0401471
9.37696 0.0404788
9.38139 0.0408732
9.38517 0.0406228
9.39043 0.0418445
9.39473 0.0421076
9.39877 0.0400972
9.40389 0.0411904
9.40697 0.0402353
9.41101 0.0402416
9.41601 0.0412095
9.41992 0.0410869
9.42005 0.0412153
9.42403 0.0411589
9.42903 0.0421238
9.43307 0.0421301
9.43698 0.0367962
9.43743 0.0412776
9.43756 0.041406
9.44089 0.0407106
9.44654 0.0423233
9.45052 0.0402501
9.45449 0.0401937
9.45841 0.0400746
9.46271 0.0403407
9.46701 0.0406068
9.47092 0.0404876
9.47522 0.0407508
9.47932 0.0408228
9.48516 0.0426295
9.48894 0.0403594
9.49286 0.0402373
9.49658 0.0399242
9.50094 0.04025
9.50536 0.0406415
9.50979 0.0410331
9.50991 0.0411614
9.51383 0.0410394
9.51774 0.0409203
9.5239 0.0430465
9.52826 0.0413586
9.53128 0.0403407
9.53712 0.0369356
9.53757 0.0425954
9.54033 0.0401424
9.5445 0.04028
9.54886 0.0406118
9.553 0.0407178
9.55704 0.0407271
9.56109 0.0407364
9.56526 0.040874
9.56949 0.0410744
9.57494 0.0424931
9.57866 0.0401631
9.5829 0.0403665
9.58733 0.040758
9.59118 0.0405732
9.5956 0.0409647
9.59919 0.0405232
9.60349 0.0407834
9.60772 0.0409838
9.61343 0.0426563
9.61759 0.0407742
9.62151 0.0406551
9.62613 0.0412407
9.63023 0.0413098
9.63434 0.0413818
9.63684 0.0366552
9.6385 0.0403381
9.64255 0.0403474
9.64646 0.0402283
9.65095 0.0406855
9.65474 0.040438
9.65872 0.0403816
9.66462 0.0422511
9.6684 0.0399868
9.67244 0.0399931
9.67726 0.0407728
9.68104 0.0405253
9.68515 0.0406002
9.68951 0.0409261
9.69349 0.0408726
9.69753 0.040879
9.7034 0.0427139
9.70706 0.0403212
9.71129 0.0405187
9.7161 0.0412954
9.7195 0.0406627
9.72412 0.0412483
9.72842 0.0415143
9.73317 0.0422283
9.73695 0.0367689
9.73753 0.0413787
9.74106 0.0408744
9.74491 0.0406896
9.74927 0.0410214
9.75492 0.042637
9.75858 0.0402443
9.76288 0.0405104
9.76724 0.0408421
9.77077 0.0403378
9.77494 0.0404726
9.7793 0.0408014
9.78322 0.0406823
9.78751 0.0409454
9.78764 0.0410738
9.7936 0.0430001
9.79662 0.0399626
9.80091 0.0402257
9.80534 0.0406201
9.80938 0.0406265
9.81393 0.0411464
9.81772 0.0408989
9.82644 0.0415565
9.83504 0.0400659
9.8369 0.0367142
9.83901 0.040848
9.84473 0.0425263
9.84864 0.0403904
9.85262 0.040337
9.85666 0.0403463
9.86071 0.0403555
9.86494 0.0405559
9.86898 0.0405652
9.87321 0.0407627
9.87334 0.0408911
9.87739 0.0409004
9.88303 0.042516
9.8872 0.0406339
9.89099 0.0403864
9.89497 0.0403301
9.89901 0.0403364
9.9035 0.0407936
9.9076 0.0408656
9.91164 0.040869
9.91606 0.0412605
9.92152 0.0426821
9.92601 0.0411225
9.92995 0.0410316
9.93451 0.0415515
9.93701 0.0368249
9.93829 0.0401227
9.94252 0.0403231
9.94611 0.039881
9.95054 0.0402754
9.9549 0.0406042
9.95869 0.0403567
9.96312 0.0407512
9.96716 0.0407605
9.97274 0.0423075
9.97647 0.0399805
9.98096 0.0404377
9.98506 0.0405126
9.98917 0.0405817
9.9893 0.0407101
9.99328 0.0406566
9.99719 0.0405346

