% time_sec delay_sec
1.19488 0.0947776
1.19488 0.0947776
1.29483 0.0947275
1.39499 0.0948924
1.49466 0.398572
1.4951 0.0950064
1.59498 0.0948798
1.695 0.0949061
1.7959 0.0958028
1.79765 0.398885
1.89499 0.0948918
1.99598 0.295217
1.99677 0.0966559
2.00077 0.102666
2.00418 0.102045
2.09623 0.190065
2.10425 0.102119
2.10843 0.102257
2.11298 0.102776
2.11631 0.102078
2.12029 0.102025
2.12593 0.103623
2.12887 0.102536
2.13516 0.102771
2.13529 0.1029
2.13849 0.102073
2.14266 0.102208
2.14638 0.101897
2.15049 0.101969
2.1546 0.102044
2.15858 0.101988
2.16262 0.101997
2.16672 0.102069
2.17346 0.104769
2.17724 0.102505
2.18122 0.102448
2.18539 0.102583
2.18879 0.101947
2.19455 0.10368
2.19776 0.097638
2.19853 0.102442
2.20224 0.102126
2.20635 0.102195
2.21077 0.102586
2.21449 0.10227
2.22174 0.105489
2.22572 0.103416
2.23001 0.103676
2.23361 0.103238
2.2379 0.103501
2.2422 0.103767
2.24715 0.104675
2.251 0.104493
2.25517 0.104631
2.25979 0.105216
2.26691 0.108304
2.27082 0.106165
2.27467 0.10598
2.27833 0.105605
2.27846 0.105733
2.28282 0.106062
2.28718 0.106391
2.28731 0.106519
2.29115 0.106331
2.29128 0.10646
2.29564 0.106785
2.30135 0.108458
2.30327 0.103149
2.30634 0.108241
2.30981 0.107672
2.31712 0.110947
2.3209 0.10868
2.32546 0.109203
2.32962 0.109334
2.33469 0.110371
2.33873 0.110377
2.34354 0.111154
2.34739 0.110972
2.35182 0.111366
2.35618 0.111695
2.3626 0.112061
2.3667 0.112133
2.37036 0.111758
2.3746 0.111958
2.37851 0.111839
2.38217 0.111463
2.38628 0.111538
2.39032 0.111544
2.39512 0.112318
2.40064 0.113802
2.40372 0.110827
2.4068 0.106677
2.4107 0.114619
2.41404 0.111904
2.41789 0.111719
2.41802 0.111847
2.42232 0.112113
2.42597 0.111738
2.43001 0.111744
2.43386 0.111556
2.43803 0.111691
2.4422 0.111829
2.44862 0.114215
2.45234 0.111888
2.45638 0.111897
2.45651 0.112025
2.46043 0.111906
2.46421 0.111659
2.46871 0.112119
2.473 0.112382
2.47313 0.11251
2.47596 0.111301
2.47987 0.111182
2.48417 0.111448
2.49078 0.114019
2.49475 0.111943
2.49905 0.112206
2.50764 0.107518
2.52047 0.11228
2.5238 0.111582
2.52829 0.112036
2.53175 0.111466
2.53875 0.114429
2.54247 0.112099
2.54619 0.111786
2.54998 0.111538
2.55447 0.111998
2.55845 0.111942
2.56236 0.111823
2.56659 0.112023
2.57012 0.111519
2.57416 0.111525
2.58052 0.111829
2.58462 0.111901
2.58475 0.112029
2.58841 0.11165
2.59289 0.112105
2.59693 0.112111
2.60059 0.111735
2.60656 0.113667
2.61073 0.112624
2.61413 0.111991
2.61791 0.111743
2.62208 0.111881
2.62863 0.11439
2.62875 0.114518
2.63241 0.112122
2.63642 0.1121
2.64027 0.111915
2.64444 0.112053
2.64816 0.111743
2.65207 0.111621
2.65605 0.111564
2.66035 0.11183
2.66683 0.114279
2.67068 0.112077
2.67466 0.112021
2.67838 0.111708
2.68229 0.111589
2.68659 0.111855
2.69063 0.111861
2.69455 0.111739
2.69852 0.111683
2.70416 0.11329
2.70737 0.107251
2.70763 0.111541
2.7116 0.111485
2.71847 0.114316
2.72187 0.111666
2.72617 0.111932
2.73002 0.111748
2.73412 0.11182
2.73848 0.112148
2.74208 0.111707
2.74599 0.111588
2.74991 0.111469
2.75671 0.114237
2.76056 0.112038
2.76435 0.111791
2.76852 0.111928
2.77307 0.112448
2.7732 0.112577
2.77615 0.111496
2.78032 0.111634
2.7843 0.111577
2.78821 0.111455
2.79283 0.112038
2.79924 0.112401
2.80116 0.110291
2.80783 0.107713
2.80822 0.11331
2.81604 0.11189
2.81999 0.111802
2.82429 0.112068
2.82775 0.111498
2.8325 0.112209
2.83654 0.112219
2.84007 0.111714
2.8402 0.111843
2.84681 0.11442
2.85034 0.111899
2.85438 0.111908
2.85797 0.111467
2.86182 0.111285
2.86734 0.112766
2.87016 0.111554
2.8742 0.111561
2.87805 0.111376
2.87818 0.111504
2.88479 0.114081
2.88889 0.112134
2.89306 0.112271
2.89678 0.111955
2.90063 0.11177
2.90666 0.113768
2.91063 0.112531
2.91076 0.112659
2.9141 0.111961
2.9184 0.112227
2.92199 0.111788
2.92545 0.111218
2.92988 0.11161
2.93649 0.114184
2.94021 0.111854
2.94425 0.111863
2.94772 0.111296
2.95259 0.112139
2.95631 0.111825
2.96036 0.111835
2.96414 0.111587
2.96799 0.111405
2.97466 0.114042
2.97838 0.111712
2.98256 0.11185
2.9866 0.111859
2.99089 0.112122
2.99481 0.112003
2.99866 0.111818
3.0079 0.10778
3.00841 0.112327
3.01582 0.111669
3.01999 0.111807
3.02609 0.113868
3.03013 0.111857
3.03423 0.111928
3.03795 0.111615
3.04228 0.111912
3.04632 0.111921
3.04998 0.111546
3.05383 0.111364
3.05807 0.111564
3.06487 0.114332
3.06853 0.11194
3.07302 0.112397
3.07636 0.111701
3.0804 0.111711
3.08438 0.111657
3.08823 0.111473
3.09246 0.111673
3.09631 0.111491
3.10055 0.111694
3.10543 0.110523
3.11653 0.114393
3.1198 0.111615
3.12365 0.11143
3.12731 0.111054
3.13173 0.111446
3.13693 0.112611
3.14007 0.111718
3.14392 0.111533
3.14771 0.111285
3.15483 0.114376
3.15836 0.111855
3.16253 0.11199
3.16644 0.111871
3.17048 0.11188
3.17472 0.11208
3.17825 0.111576
3.18184 0.111137
3.18627 0.111532
3.19301 0.114234
3.20064 0.111782
3.20635 0.113458
3.21828 0.11211
3.2221 0.111894
3.22672 0.112479
3.22999 0.111718
3.23409 0.11179
3.23781 0.111477
3.24462 0.114245
3.24821 0.11179
3.25283 0.112376
3.25597 0.111486
3.2604 0.111881
3.26444 0.11189
3.26791 0.111323
3.27202 0.111395
3.27587 0.11121
3.28267 0.113978
3.28703 0.11229
3.29087 0.112103
3.29472 0.111912
3.2985 0.111662
3.30421 0.113334
3.30767 0.107552
3.30838 0.11229
3.31594 0.111789
3.31986 0.11167
3.32383 0.111613
3.328 0.111748
3.33461 0.114322
3.34211 0.111742
3.34586 0.11146
3.35003 0.111598
3.35427 0.111798
3.35818 0.111679
3.3621 0.11156
3.36652 0.111951
3.37306 0.114459
3.37672 0.112067
3.38051 0.111819
3.38448 0.111763
3.38872 0.11196
3.3924 0.111612
3.39253 0.111741
3.39657 0.111747
3.3967 0.111876
3.40055 0.111691
3.40677 0.11388
3.41023 0.112132
3.41389 0.111753
3.4178 0.111634
3.42428 0.114079
3.42832 0.112069
3.43217 0.111881
3.43698 0.112658
3.44012 0.111765
3.44429 0.111903
3.44775 0.111333
3.45205 0.111593
3.45602 0.111537
3.46269 0.114174
3.46654 0.111972
3.47065 0.112044
3.47456 0.111922
3.47841 0.111738
3.48207 0.111362
3.4872 0.112458
3.48733 0.112586
3.49059 0.111819
3.49072 0.111948
3.49406 0.111249
3.50085 0.114009
3.50399 0.111097
3.50655 0.106433
3.50719 0.111108
3.51451 0.114387
3.51855 0.112377
3.51867 0.112505
3.52214 0.111938
3.52611 0.111879
3.53054 0.11227
3.53451 0.112211
3.53817 0.111832
3.54202 0.111647
3.54644 0.112036
3.55292 0.114479
3.55606 0.111573
3.56029 0.111773
3.56382 0.111269
3.56806 0.111469
3.57312 0.112503
3.57601 0.111356
3.57986 0.111172
3.58403 0.111306
3.59069 0.113937
3.59556 0.112757
3.59883 0.111993
3.60434 0.113471
3.60794 0.107817
3.60819 0.112108
3.61211 0.111989
3.62083 0.11264
3.62422 0.112005
3.62788 0.111626
3.63179 0.111504
3.63551 0.111191
3.64292 0.114563
3.64336 0.115011
3.646 0.111592
3.64984 0.111407
3.65382 0.11135
3.65773 0.111228
3.66152 0.110981
3.66569 0.111116
3.66947 0.110868
3.67364 0.111003
3.67999 0.11332
3.68365 0.110925
3.68768 0.110928
3.69128 0.110486
3.69506 0.110236
3.69897 0.110114
3.7041 0.111207
3.70551 0.105388
3.70839 0.110289
3.71173 0.10959
3.71557 0.109402
3.71923 0.109024
3.72307 0.108833
3.72986 0.111589
3.73339 0.109065
3.73691 0.108558
3.74025 0.10786
3.74378 0.107356
3.7482 0.107744
3.74833 0.107873
3.75102 0.106532
3.75448 0.105962
3.75763 0.105073
3.76394 0.107356
3.76702 0.104384
3.77042 0.103748
3.77356 0.102859
3.77722 0.102483
3.78113 0.102361
3.78473 0.101922
3.78998 0.103138
3.79478 0.103912
3.7978 0.0976791
3.79818 0.102098
3.8026 0.102483
3.80606 0.101911
3.81273 0.104547
3.81658 0.102346
3.82107 0.102797
3.82485 0.102547
3.82882 0.102485
3.83267 0.1023
3.83639 0.101987
3.84037 0.10193
3.8445 0.102033
3.85111 0.104605
3.85483 0.102275
3.85887 0.102284
3.86297 0.102353
3.86702 0.102362
3.87118 0.102494
3.8749 0.102181
3.87888 0.102124
3.88299 0.102196
3.88972 0.104896
3.89286 0.101984
3.89613 0.10122
3.89798 0.0978654
3.90292 0.104818
3.90632 0.102165
3.91061 0.102428
3.91446 0.10224
3.91824 0.10199
3.9226 0.102319
3.9268 0.102484
3.93084 0.102487
3.93437 0.101983
3.94078 0.104363
3.9446 0.102127
3.94861 0.102105
3.95271 0.102177
3.95721 0.102634
3.96221 0.103602
3.96477 0.102133
3.9692 0.102525
3.97292 0.102211
3.97914 0.1044
3.98324 0.102456
3.98728 0.102459
3.99132 0.102462
3.99632 0.103427
3.99721 0.0970945
4.00068 0.102575
4.0042 0.102065
4.0085 0.102333
4.01209 0.101892
4.01639 0.102155
4.02049 0.102224
4.02437 0.102067
4.0311 0.104764
4.03437 0.101985
4.03873 0.102311
4.04258 0.102126
4.04649 0.102007
4.05188 0.10336
4.05457 0.10202
4.05868 0.102092
4.06269 0.102064
4.06929 0.104638
4.07295 0.102245
4.07719 0.102449
4.08097 0.102201
4.0854 0.102596
4.08995 0.10311
4.09521 0.104334
4.10621 0.102053
4.1107 0.10251
4.11461 0.102388
4.12217 0.105918
4.12448 0.102179
4.12836 0.102022
4.13237 0.101997
4.13654 0.102132
4.1407 0.102266
4.14445 0.101981
4.14856 0.102054
4.14869 0.102182
4.15266 0.102126
4.15914 0.104568
4.16292 0.102301
4.16697 0.10231
4.17094 0.102251
4.17517 0.102451
4.1796 0.102843
4.18294 0.102148
4.18768 0.102856
4.19108 0.10222
4.1912 0.102348
4.19652 0.103633
4.19787 0.0977508
4.20075 0.102652
4.20415 0.102013
4.21075 0.104584
4.21453 0.102314
4.21864 0.102383
4.22242 0.102132
4.22732 0.103002
4.23059 0.102238
4.23463 0.102247
4.23855 0.102125
4.24271 0.10226
4.24932 0.104831
4.25278 0.102244
4.25714 0.102569
4.26099 0.102385
4.26515 0.102516
4.26951 0.102842
4.27272 0.102016
4.27699 0.102246
4.28141 0.102638
4.2875 0.104696
4.29186 0.103002
4.29423 0.101339
4.29737 0.0972486
4.30083 0.104746
4.30461 0.102476
4.30846 0.102288
4.31218 0.101975
4.3165 0.102269
4.32137 0.103105
4.32477 0.10247
4.32875 0.102411
4.33266 0.102291
4.33901 0.104609
4.34248 0.102022
4.34658 0.102094
4.35062 0.102103
4.3546 0.10205
4.35877 0.102185
4.36282 0.102194
4.36679 0.102138
4.37058 0.101887
4.37757 0.104846
4.38129 0.102517
4.38539 0.102589
4.38552 0.102717
4.38937 0.102529
4.39507 0.104199
4.39789 0.0977749
4.39866 0.102579
4.40366 0.103541
4.40629 0.102138
4.41116 0.102977
4.41437 0.102147
4.41853 0.102282
4.42241 0.102129
4.42905 0.104734
4.43261 0.102244
4.43685 0.102444
4.44051 0.102068
4.44467 0.102203
4.44884 0.102341
4.45263 0.102093
4.45712 0.10255
4.46059 0.101983
4.46732 0.104683
4.47162 0.102926
4.47527 0.102551
4.4754 0.102679
4.47963 0.102879
4.48316 0.102375
4.48752 0.102698
4.48765 0.102826
4.49105 0.102194
4.49624 0.103353
4.49765 0.0975333
4.50073 0.102629
4.50413 0.101993
4.50864 0.102475
4.51211 0.101905
4.51897 0.104729
4.52358 0.103292
4.52698 0.10266
4.5307 0.102346
4.53487 0.102484
4.53872 0.102299
4.54302 0.102565
4.54668 0.10219
4.55072 0.102199
4.55758 0.10503
4.56099 0.10238
4.56502 0.102387
4.56977 0.103098
4.5731 0.102399
4.57715 0.102409
4.581 0.102224
4.58529 0.102487
4.58574 0.102935
4.58927 0.102428
4.59535 0.104479
4.59804 0.0979243
4.59843 0.102343
4.60323 0.103114
4.60958 0.105428
4.61311 0.102904
4.61747 0.103233
4.62177 0.103499
4.62606 0.103759
4.631 0.104661
4.63511 0.104736
4.63895 0.104549
4.643 0.104558
4.65012 0.107649
4.65352 0.104999
4.65724 0.104686
4.66154 0.104952
4.66558 0.104961
4.66949 0.104839
4.67341 0.104717
4.67771 0.104983
4.68136 0.104607
4.68874 0.107949
4.6922 0.105359
4.6947 0.103825
4.70079 0.100671
4.70117 0.106268
4.70495 0.104836
4.7097 0.105547
4.71393 0.105745
4.71842 0.106199
4.72246 0.106208
4.72817 0.107881
4.73189 0.10757
4.73612 0.107771
4.74344 0.11105
4.74703 0.108594
4.75139 0.108923
4.75588 0.10938
4.75935 0.108813
4.76448 0.109912
4.76834 0.10973
4.77282 0.110182
4.77295 0.11031
4.77641 0.10974
4.7836 0.112894
4.78777 0.111012
4.79162 0.11083
4.79604 0.111218
4.80015 0.11129
4.80534 0.112452
4.80688 0.106761
4.80977 0.111665
4.81368 0.111543
4.81817 0.112
4.82189 0.11169
4.82581 0.111571
4.83023 0.111963
4.83678 0.114474
4.84037 0.112016
4.84415 0.111768
4.84788 0.111458
4.85218 0.111724
4.85609 0.111605
4.86014 0.111614
4.86398 0.111429
4.86809 0.111504
4.87457 0.11395
4.87842 0.111749
4.88246 0.111758
4.88259 0.111886
4.88727 0.112535
4.89067 0.111899
4.89445 0.111649
4.89875 0.111912
4.90388 0.113005
4.9076 0.10748
4.9083 0.112218
4.91202 0.111905
4.91593 0.111783
4.91978 0.111598
4.92588 0.113661
4.92999 0.111716
4.93409 0.111788
4.9382 0.11186
4.94198 0.111613
4.94586 0.111459
4.94978 0.11134
4.9535 0.11103
4.95799 0.111487
4.9646 0.114061
4.96826 0.111669
4.97262 0.111994
4.97627 0.111618
4.98025 0.111562
4.98468 0.111957
4.98833 0.111578
4.99321 0.112417
4.99635 0.111528
5.00167 0.112818
5.00585 0.110945
5.00726 0.107142
5.01014 0.112043
5.01573 0.11359
5.0199 0.111711
5.02381 0.111592
5.02779 0.111536
5.03209 0.111802
5.03703 0.11271
5.04024 0.111883
5.04408 0.111698
5.04806 0.111645
5.05442 0.113962
5.05807 0.111569
5.06263 0.112089
5.0666 0.112033
5.07 0.1114
5.07418 0.111538
5.07835 0.111676
5.08194 0.111237
5.08644 0.111697
5.09285 0.11408
5.09657 0.11175
5.10068 0.111822
5.10613 0.113244
5.11363 0.111498
5.11774 0.11157
5.12172 0.111517
5.12589 0.111655
5.13 0.111727
5.13391 0.111605
5.13801 0.111677
5.14462 0.114251
5.14809 0.111667
5.15213 0.111676
5.15604 0.111557
5.16022 0.111695
5.164 0.111444
5.16811 0.111519
5.17215 0.111529
5.176 0.111344
5.18254 0.113855
5.18646 0.111719
5.19069 0.111914
5.19473 0.11192
5.19857 0.111735
5.20377 0.112894
5.2071 0.106984
5.20774 0.11166
5.21191 0.111794
5.21576 0.11161
5.22 0.11181
5.22391 0.111691
5.2284 0.112145
5.22853 0.112274
5.23437 0.11408
5.23828 0.111941
5.24219 0.111822
5.24611 0.111703
5.25002 0.111584
5.25387 0.111402
5.25811 0.111606
5.26183 0.111295
5.26658 0.112006
5.27273 0.11413
5.27646 0.111803
5.28056 0.111875
5.2848 0.112078
5.28865 0.11189
5.2925 0.111709
5.29654 0.111715
5.30051 0.111658
5.30616 0.113271
5.31014 0.112036
5.31412 0.11198
5.32384 0.113633
5.32803 0.111782
5.33191 0.111629
5.33615 0.111832
5.33974 0.11139
5.34411 0.111719
5.3477 0.11128
5.35283 0.112377
5.35597 0.111487
5.36246 0.113936
5.3665 0.111928
5.37035 0.111744
5.37452 0.111881
5.37837 0.111697
5.38228 0.111577
5.38626 0.111524
5.3903 0.11153
5.39422 0.111411
5.40069 0.113854
5.40422 0.111327
5.40762 0.111533
5.41416 0.114038
5.41807 0.111903
5.42173 0.111527
5.42577 0.111536
5.43001 0.111736
5.43449 0.11219
5.43834 0.112002
5.44187 0.111498
5.44588 0.111476
5.45249 0.114053
5.45602 0.111532
5.46013 0.111607
5.46404 0.111488
5.46796 0.111368
5.47296 0.112336
5.47591 0.111256
5.48002 0.111328
5.484 0.111274
5.49054 0.11378
5.4956 0.112791
5.49867 0.111836
5.50406 0.113186
5.50714 0.107019
5.50739 0.111309
5.51163 0.111509
5.51554 0.11139
5.52032 0.112135
5.52821 0.111957
5.53154 0.111258
5.53167 0.111387
5.53581 0.111493
5.54242 0.114064
5.54595 0.111543
5.55011 0.111677
5.5539 0.11143
5.55801 0.111505
5.56199 0.111448
5.56644 0.111871
5.57003 0.111429
5.57407 0.111436
5.58036 0.11369
5.5846 0.111874
5.58896 0.1122
5.59274 0.111949
5.59671 0.11189
5.60069 0.111834
5.60588 0.112993
5.60999 0.111883
5.61383 0.111699
5.6181 0.11193
5.61823 0.112058
5.62208 0.111877
5.62586 0.111629
5.63234 0.114072
5.63699 0.112672
5.64026 0.111908
5.64411 0.111723
5.6477 0.111284
5.65251 0.112058
5.65578 0.111294
5.65982 0.111304
5.66412 0.111567
5.67047 0.113884
5.67426 0.111617
5.67836 0.111689
5.67849 0.111817
5.68228 0.11157
5.68728 0.112538
5.69067 0.111899
5.69497 0.112159
5.69913 0.112294
5.70465 0.113772
5.71209 0.111971
5.71607 0.111914
5.72178 0.11359
5.72556 0.111322
5.72985 0.111586
5.73383 0.111526
5.7378 0.111467
5.7421 0.11173
5.74582 0.111417
5.74993 0.111489
5.7539 0.111432
5.7607 0.114198
5.76449 0.111933
5.76847 0.111877
5.77302 0.112397
5.77616 0.111508
5.77629 0.111636
5.78001 0.111323
5.78456 0.111843
5.78822 0.111461
5.79207 0.111276
5.79918 0.11436
5.80283 0.111962
5.80624 0.111329
5.80745 0.107336
5.81701 0.11286
5.81983 0.111647
5.82387 0.111651
5.82778 0.111529
5.83214 0.111854
5.83227 0.111983
5.83625 0.111927
5.84009 0.111739
5.8442 0.111811
5.85061 0.114191
5.8542 0.111733
5.85831 0.111801
5.8619 0.111363
5.86645 0.111882
5.87024 0.111635
5.87428 0.111644
5.87832 0.111651
5.88211 0.111403
5.88922 0.114485
5.89285 0.112061
5.8965 0.111679
5.90074 0.111879
5.90561 0.112722
5.91395 0.111816
5.91808 0.111916
5.92218 0.111982
5.92581 0.111574
5.92978 0.111515
5.93395 0.111647
5.94042 0.114087
5.94414 0.111754
5.94773 0.111312
5.94786 0.111441
5.95197 0.111513
5.95582 0.111328
5.9605 0.111979
5.96063 0.112108
5.96416 0.111603
5.96813 0.111546
5.97294 0.112323
5.97872 0.114064
5.98212 0.111412
5.98699 0.112251
5.99061 0.111841
5.99516 0.112358
5.99837 0.111531
6.00369 0.112815
6.00703 0.106911
6.00767 0.111587
6.0121 0.111977
6.01588 0.111727
6.01992 0.111733
6.0237 0.111486
6.02993 0.113675
6.03339 0.111085
6.03807 0.111731
6.04185 0.11148
6.04544 0.111039
6.04942 0.110982
6.05372 0.111245
6.05725 0.110741
6.06084 0.110302
6.06713 0.112557
6.07091 0.110293
6.07463 0.10998
6.07836 0.109667
6.08201 0.109291
6.08567 0.108912
6.08958 0.10879
6.09343 0.108605
6.09715 0.108292
6.1019 0.109006
6.10979 0.107652
6.11584 0.109675
6.11905 0.106832
6.12315 0.106898
6.12732 0.107032
6.13136 0.107039
6.13149 0.107167
6.13527 0.106914
6.13905 0.106663
6.1427 0.106284
6.14706 0.10661
6.15258 0.108095
6.15547 0.104929
6.15938 0.10481
6.16336 0.104753
6.16695 0.104312
6.17029 0.103613
6.17375 0.103043
6.17785 0.103115
6.18131 0.102543
6.18759 0.104788
6.18772 0.104916
6.19112 0.102264
6.19458 0.101691
6.19759 0.0974751
6.2008 0.104712
6.20432 0.102188
6.20855 0.102385
6.21208 0.101881
6.21657 0.102332
6.22092 0.102655
6.22496 0.102658
6.22938 0.103047
6.22951 0.103175
6.23291 0.10254
6.23894 0.104535
6.24291 0.102458
6.24657 0.10208
6.2467 0.102208
6.25068 0.102155
6.25465 0.102095
6.25898 0.102392
6.26257 0.101951
6.26668 0.102023
6.27097 0.102286
6.27784 0.105114
6.2813 0.102524
6.28591 0.103104
6.28969 0.102851
6.29469 0.103816
6.2977 0.0975829
6.29809 0.102002
6.3027 0.102581
6.30655 0.102396
6.31081 0.102625
6.3144 0.10218
6.31844 0.102186
6.32299 0.1027
6.32927 0.104952
6.33267 0.1023
6.33677 0.102369
6.34049 0.102056
6.3446 0.102128
6.34864 0.102134
6.35255 0.102011
6.35742 0.10285
6.36095 0.102346
6.3673 0.104663
6.37121 0.102525
6.37551 0.102788
6.37974 0.102985
6.38314 0.10235
6.38756 0.102735
6.39115 0.102294
6.39596 0.103067
6.39814 0.0980185
6.40083 0.102726
6.40429 0.102156
6.40859 0.102419
6.41231 0.102106
6.41865 0.104414
6.42358 0.103294
6.42679 0.102467
6.43089 0.102533
6.43448 0.102091
6.43833 0.101907
6.44262 0.10217
6.44647 0.101982
6.45077 0.102245
6.45089 0.102374
6.45699 0.104431
6.46097 0.102361
6.46507 0.10243
6.4693 0.102631
6.47309 0.102383
6.47723 0.102486
6.48107 0.102301
6.48607 0.103263
6.4896 0.102756
6.4944 0.10353
6.49786 0.0977451
6.49812 0.102035
6.5028 0.102678
6.50889 0.104738
6.50902 0.104867
6.51223 0.102023
6.51646 0.102221
6.52177 0.103502
6.52491 0.102609
6.52914 0.102807
6.53325 0.102876
6.53729 0.102882
6.54113 0.102697
6.54748 0.105012
6.55127 0.102745
6.55499 0.102431
6.55883 0.102247
6.56294 0.102319
6.56692 0.102262
6.57089 0.102203
6.57551 0.102789
6.57936 0.102604
6.58558 0.104793
6.58943 0.102588
6.59231 0.101439
6.59808 0.0979595
6.59846 0.103557
6.60307 0.102955
6.60667 0.102513
6.60679 0.102642
6.61083 0.102648
6.61442 0.102204
6.61856 0.102307
6.62324 0.102955
6.62337 0.103083
6.62831 0.103989
6.63171 0.103353
6.6379 0.10551
6.64136 0.102924
6.64547 0.102996
6.64925 0.102748
6.65272 0.102178
6.65714 0.102573
6.66106 0.102453
6.66491 0.102269
6.66888 0.102212
6.67549 0.104784
6.67972 0.102967
6.68338 0.102591
6.6878 0.10298
6.69152 0.102667
6.69627 0.103378
6.69819 0.098072
6.70082 0.102716
6.70467 0.102532
6.70928 0.103114
6.70941 0.103243
6.71281 0.102607
6.71685 0.102613
6.72137 0.103102
6.72797 0.10567
6.73137 0.103017
6.7356 0.103218
6.73932 0.102905
6.74375 0.103299
6.7476 0.103117
6.75152 0.102998
6.75518 0.102622
6.75883 0.102244
6.76525 0.104624
6.76973 0.103061
6.7732 0.102491
6.77724 0.1025
6.78141 0.102638
6.7859 0.103092
6.78603 0.103221
6.78949 0.102651
6.79449 0.103616
6.79789 0.0977681
6.79827 0.102187
6.80295 0.102829
6.80721 0.103058
6.81074 0.102551
6.81689 0.104674
6.82074 0.102472
6.82472 0.102416
6.82879 0.102453
6.83264 0.102272
6.83662 0.102215
6.84034 0.101902
6.84451 0.10204
6.84871 0.102209
6.85519 0.104657
6.85532 0.104786
6.85898 0.102393
6.86315 0.102528
6.86706 0.102406
6.8711 0.102412
6.8753 0.102578
6.87909 0.10233
6.88319 0.102405
6.88768 0.102857
6.89185 0.102991
6.89659 0.101683
6.89787 0.0977517
6.9005 0.102399
6.90678 0.104648
6.90691 0.104776
6.91101 0.102828
6.91441 0.102193
6.91852 0.102265
6.9232 0.102913
6.92795 0.103627
6.93167 0.103314
6.93577 0.103386
6.94007 0.103649
6.94642 0.105969
6.94995 0.103448
6.95361 0.103072
6.95784 0.103273
6.96176 0.103154
6.96567 0.103032
6.9658 0.10316
6.96984 0.103166
6.97311 0.102405
6.97715 0.102415
6.9835 0.104732
6.98767 0.102847
6.9878 0.102975
6.99164 0.102788
6.99658 0.103693
6.99838 0.0982586
7.00145 0.103351
7.00531 0.103172
7.00986 0.103689
7.0139 0.103695
7.01852 0.104281
7.02294 0.104675
7.02724 0.104939
7.03141 0.105076
7.03828 0.107907
7.04181 0.105386
7.04662 0.106166
7.05079 0.106303
7.05496 0.106441
7.059 0.10645
7.06362 0.107036
7.06811 0.107493
7.06824 0.107621
7.07183 0.107179
7.07812 0.109434
7.08216 0.107426
7.08621 0.107435
7.09089 0.108084
7.09455 0.107708
7.09942 0.108547
7.11302 0.108866
7.11661 0.108424
7.12078 0.108559
7.12476 0.108505
7.13194 0.111656
7.13586 0.10952
7.14035 0.109977
7.14477 0.110369
7.14888 0.110444
7.15363 0.111158
7.15793 0.111424
7.16178 0.111242
7.16589 0.111314
7.17249 0.113885
7.17262 0.114013
7.17621 0.111555
7.18032 0.111627
7.18468 0.111956
7.18878 0.112025
7.19276 0.111972
7.1968 0.111978
7.20084 0.111987
7.20572 0.11283
7.20995 0.111849
7.21373 0.111598
7.21797 0.111799
7.22349 0.113283
7.22823 0.111977
7.23208 0.111792
7.23619 0.111867
7.23997 0.111617
7.2444 0.112011
7.24764 0.111219
7.2522 0.111741
7.25617 0.111685
7.2563 0.111813
7.26227 0.113749
7.2665 0.111932
7.27067 0.11207
7.27459 0.111951
7.27857 0.111894
7.28235 0.111647
7.2864 0.111656
7.29069 0.111916
7.29082 0.112045
7.29467 0.11186
7.30069 0.113855
7.30416 0.111265
7.30428 0.111394
7.30762 0.111537
7.31378 0.11366
7.31808 0.111906
7.32193 0.111725
7.32597 0.111734
7.33046 0.112191
7.33453 0.112231
7.33838 0.112044
7.34217 0.111796
7.34582 0.11142
7.35211 0.113675
7.35609 0.111602
7.3602 0.111677
7.36417 0.11162
7.36828 0.111695
7.37303 0.112406
7.37624 0.111583
7.38034 0.111655
7.38445 0.111729
7.39061 0.113853
7.3949 0.112096
7.39901 0.112168
7.40388 0.113011
7.40741 0.107291
7.40805 0.111967
7.41627 0.112114
7.42031 0.112123
7.4239 0.111682
7.42801 0.111754
7.43185 0.111569
7.43596 0.111644
7.44205 0.113701
7.4459 0.1115
7.45027 0.111829
7.45412 0.111647
7.45816 0.111656
7.46207 0.111537
7.46657 0.111994
7.4708 0.112195
7.47445 0.111816
7.48036 0.113685
7.48459 0.111869
7.48472 0.111997
7.48902 0.11226
7.49267 0.111884
7.49684 0.112016
7.50088 0.112026
7.50563 0.112737
7.51018 0.112078
7.51416 0.112022
7.51801 0.111837
7.51813 0.111965
7.52199 0.111784
7.52577 0.111536
7.53196 0.113688
7.53607 0.111746
7.54017 0.111815
7.54421 0.111824
7.54768 0.111257
7.5523 0.111843
7.55615 0.111658
7.55627 0.111786
7.56032 0.111795
7.56044 0.111924
7.5641 0.111548
7.57065 0.114059
7.57456 0.111921
7.58239 0.111682
7.5872 0.112459
7.58733 0.112587
7.59085 0.11208
7.59515 0.11234
7.59913 0.112287
7.60737 0.111281
7.61574 0.111584
7.62183 0.113648
7.62581 0.111575
7.63004 0.111775
7.63422 0.111913
7.63819 0.111856
7.64204 0.111672
7.64583 0.111424
7.65013 0.11169
7.65398 0.111508
7.6604 0.113891
7.66418 0.111624
7.66861 0.112019
7.67316 0.112536
7.67637 0.111712
7.68054 0.111849
7.68497 0.112244
7.68907 0.112313
7.69305 0.112257
7.69862 0.113801
7.7024 0.111531
7.70548 0.110578
7.71202 0.113922
7.71574 0.111592
7.71998 0.111796
7.72376 0.111545
7.72806 0.111808
7.73217 0.11188
7.73602 0.111699
7.73999 0.111639
7.74012 0.111768
7.7439 0.111517
7.74403 0.111645
7.74997 0.113546
7.75414 0.111667
7.75844 0.111933
7.76209 0.111557
7.76671 0.112142
7.77056 0.111958
7.77441 0.111773
7.77852 0.111845
7.77864 0.111973
7.78237 0.111663
7.78897 0.114234
7.79263 0.111841
7.79654 0.111719
7.80078 0.11192
7.80591 0.113019
7.81014 0.112041
7.81386 0.111728
7.81835 0.112182
7.82547 0.111239
7.8299 0.111631
7.83388 0.111574
7.83991 0.113569
7.84407 0.111687
7.84793 0.111505
7.85216 0.111703
7.85575 0.111261
7.86024 0.111718
7.86428 0.111728
7.86845 0.111862
7.873 0.112382
7.87846 0.113801
7.87858 0.113929
7.88269 0.111985
7.88762 0.112884
7.8907 0.111926
7.89474 0.111932
7.89487 0.112061
7.89926 0.11242
7.90388 0.113003
7.91273 0.112611
7.91593 0.111781
7.9203 0.11211
7.92382 0.111606
7.93024 0.113986
7.93402 0.111718
7.93838 0.112044
7.94229 0.111922
7.94608 0.111675
7.95018 0.111747
7.95441 0.111944
7.95839 0.111891
7.96212 0.111578
7.9686 0.114026
7.97264 0.112016
7.977 0.112345
7.97713 0.112473
7.98104 0.112351
7.98117 0.112479
7.98495 0.112229
7.98893 0.11217
7.98905 0.112298
7.99271 0.111922
7.99688 0.112054
8.00095 0.112091
8.00528 0.112395
8.00746 0.107346
8.01362 0.111486
8.02009 0.111909
8.02375 0.111533
8.02811 0.111859
8.03228 0.111993
8.036 0.11168
8.04036 0.112006
8.04787 0.111446
8.05217 0.111712
8.05839 0.113901
8.06205 0.111508
8.0666 0.112031
8.07064 0.11204
8.07501 0.112372
8.07866 0.111993
8.08239 0.11168
8.08732 0.112585
8.09053 0.111758
8.09624 0.113434
8.10028 0.111423
8.10394 0.111047
8.1141 0.111966
8.11795 0.111779
8.1216 0.111397
8.12573 0.111497
8.13003 0.11176
8.13356 0.111252
8.13817 0.111832
8.14182 0.111453
8.14836 0.113959
8.15215 0.111695
8.15613 0.111638
8.1603 0.111776
8.16434 0.111785
8.16838 0.111794
8.17217 0.111547
8.17647 0.11181
8.18038 0.111688
8.18729 0.114573
8.19473 0.111927
8.19916 0.112318
8.2073 0.107181
8.20756 0.111471
8.21192 0.1118
8.21596 0.111806
8.22025 0.112066
8.22038 0.112195
8.22384 0.111625
8.22782 0.111569
8.23192 0.111638
8.23827 0.111935
8.24237 0.112004
8.24629 0.111882
8.25013 0.111698
8.25398 0.111513
8.25828 0.111779
8.26213 0.111594
8.2665 0.111926
8.27047 0.111869
8.27631 0.113673
8.28041 0.111725
8.28054 0.111854
8.28484 0.112117
8.28932 0.112568
8.29253 0.111745
8.29683 0.112005
8.30087 0.112011
8.30568 0.112791
8.31396 0.111822
8.31803 0.111859
8.32373 0.113532
8.32803 0.111778
8.33188 0.111591
8.33611 0.111791
8.34002 0.111669
8.34425 0.111866
8.34785 0.111425
8.3522 0.11175
8.35631 0.111822
8.36035 0.111831
8.36677 0.114214
8.37068 0.112079
8.37472 0.112085
8.37863 0.111963
8.38248 0.111775
8.38732 0.11258
8.39065 0.111882
8.3954 0.112593
8.39867 0.111832
8.40335 0.112477
8.40707 0.106952
8.40733 0.111242
8.41547 0.115348
8.4179 0.111734
8.42169 0.111484
8.42582 0.111587
8.43037 0.112104
8.43351 0.111212
8.43793 0.111596
8.442 0.111634
8.4454 0.110998
8.44931 0.110876
8.45495 0.110466
8.45868 0.110156
8.4624 0.109843
8.46618 0.109595
8.46984 0.109219
8.47369 0.109032
8.47741 0.108719
8.4817 0.108982
8.48536 0.1086
8.49074 0.10995
8.49529 0.108447
8.49542 0.108576
8.4992 0.108325
8.50246 0.102346
8.50272 0.106637
8.50682 0.106706
8.51138 0.107226
8.5151 0.10691
8.51824 0.10602
8.52311 0.106854
8.5267 0.106412
8.53087 0.106547
8.53715 0.108796
8.54112 0.106719
8.54458 0.106147
8.54837 0.105896
8.55222 0.105711
8.55517 0.104628
8.55882 0.104252
8.56296 0.104355
8.56674 0.104105
8.57021 0.103535
8.5756 0.104891
8.57951 0.102752
8.584 0.103206
8.58803 0.103207
8.59111 0.102251
8.59662 0.10373
8.59797 0.0978478
8.6013 0.103194
8.6045 0.102367
8.60851 0.102339
8.61268 0.102474
8.61652 0.102283
8.62363 0.105362
8.62729 0.102969
8.63101 0.102653
8.63485 0.102466
8.63498 0.102594
8.63844 0.102024
8.643 0.102544
8.64652 0.102037
8.65063 0.102109
8.65461 0.102052
8.65865 0.102059
8.66493 0.102294
8.66955 0.102879
8.66968 0.103008
8.67321 0.102503
8.67719 0.102447
8.68174 0.102964
8.68616 0.103349
8.68949 0.102648
8.69545 0.104575
8.69737 0.097252
8.6984 0.102313
8.70269 0.10257
8.70641 0.102257
8.70654 0.102385
8.71276 0.104571
8.71654 0.102301
8.72083 0.102558
8.72435 0.102051
8.72871 0.102377
8.73275 0.102383
8.73657 0.102164
8.74035 0.101913
8.74516 0.102687
8.74529 0.102816
8.75106 0.104557
8.75484 0.10229
8.75895 0.102362
8.76299 0.102368
8.76709 0.10244
8.771 0.102315
8.77517 0.102453
8.77934 0.102587
8.77947 0.102716
8.78287 0.102083
8.78787 0.103048
8.79274 0.103887
8.8938 0.0977185
8.89464 0.19973
8.89771 0.0975965
8.89823 0.102144
8.90284 0.102726
8.90701 0.102858
8.90714 0.102986
8.91208 0.103891
8.91644 0.1022
8.92086 0.102592
8.92464 0.102341
8.92894 0.102601
8.93298 0.10261
8.93702 0.102616
8.94055 0.102112
8.94491 0.10244
8.95107 0.10457
8.95454 0.101986
8.95897 0.10238
8.96314 0.102515
8.96647 0.101817
8.97083 0.102145
8.97504 0.102314
8.9792 0.102449
8.98318 0.102396
8.98928 0.104453
8.9921 0.101225
8.99626 0.101356
8.99793 0.0978105
9.00267 0.104569
9.00639 0.102242
9.01024 0.102057
9.01441 0.102189
9.01845 0.102196
9.01858 0.102324
9.02288 0.10259
9.02686 0.102537
9.0307 0.102349
9.03487 0.102483
9.04039 0.103967
9.04462 0.102154
9.04838 0.101875
9.05255 0.102013
9.05672 0.10215
9.06096 0.102351
9.065 0.102357
9.06942 0.102748
9.07289 0.102181
9.07911 0.104373
9.08341 0.102623
9.08719 0.102372
9.09085 0.101996
9.09592 0.103033
9.10401 0.10187
9.10862 0.102453
9.11208 0.101883
9.11654 0.102305
9.12065 0.102377
9.1245 0.102193
9.13059 0.104253
9.1345 0.102117
9.13835 0.101932
9.14249 0.102039
9.14647 0.101985
9.15077 0.102251
9.15475 0.102195
9.15488 0.102323
9.15879 0.102201
9.16289 0.102273
9.16899 0.104331
9.17296 0.102258
9.17691 0.10217
9.18089 0.102113
9.18486 0.102057
9.18909 0.102251
9.19416 0.103285
9.19756 0.0974373
9.19807 0.101984
9.2023 0.102182
9.20672 0.10257
9.21115 0.102962
9.21442 0.102198
9.22051 0.104259
9.22429 0.101991
9.22821 0.101869
9.23251 0.102135
9.23623 0.101822
9.24033 0.101894
9.24463 0.10216
9.24861 0.102107
9.25259 0.102053
9.25875 0.10418
9.26273 0.102109
9.26684 0.102181
9.27062 0.101931
9.2746 0.101875
9.27896 0.102203
9.28294 0.10215
9.28755 0.10273
9.29121 0.102351
9.29615 0.103256
9.29794 0.0978217
9.30166 0.103556
9.3046 0.10247
9.31076 0.104593
9.31089 0.104721
9.31429 0.102069
9.31897 0.102717
9.32365 0.103365
9.32378 0.103494
9.32814 0.103823
9.33199 0.103638
9.33655 0.104161
9.34059 0.104167
9.34527 0.104815
9.3454 0.104944
9.35149 0.107007
9.35522 0.10468
9.35939 0.104818
9.36407 0.105466
9.3683 0.105667
9.37247 0.105798
9.37632 0.105617
9.38036 0.105626
9.38479 0.106017
9.39184 0.109034
9.39197 0.109162
9.39582 0.10696
9.39915 0.106262
9.40274 0.102622
9.4062 0.110117
9.40967 0.10753
9.41422 0.108047
9.41434 0.108175
9.41852 0.108313
9.423 0.108767
9.4289 0.11063
9.4323 0.109995
9.4364 0.110067
9.44134 0.110972
9.44718 0.112778
9.45199 0.111538
9.4561 0.11161
9.45995 0.111429
9.46393 0.111372
9.46804 0.111447
9.47272 0.112095
9.47599 0.111334
9.48715 0.114428
9.49061 0.111839
9.49074 0.111967
9.49472 0.111911
9.49857 0.111726
9.50382 0.112948
9.50671 0.10659
9.50722 0.111137
9.51171 0.111591
9.51537 0.111215
9.51973 0.111544
9.52377 0.111553
9.52801 0.111753
9.53192 0.111634
9.53821 0.113889
9.54193 0.111559
9.54552 0.11112
9.54963 0.111195
9.55377 0.111301
9.55801 0.111502
9.56199 0.111448
9.56603 0.111458
9.57013 0.11153
9.57623 0.11359
9.58021 0.111517
9.58444 0.11172
9.58803 0.111276
9.59207 0.111285
9.59656 0.111739
9.60086 0.112003
9.60554 0.112651
9.60746 0.107345
9.61029 0.112184
9.61343 0.111291
9.61759 0.111426
9.62138 0.111178
9.62799 0.11375
9.62811 0.113878
9.6319 0.111611
9.63575 0.111429
9.63972 0.11137
9.63985 0.111498
9.64389 0.111507
9.64762 0.111197
9.6523 0.111845
9.65621 0.111726
9.66686 0.11431
9.67033 0.111723
9.67424 0.111604
9.6786 0.111933
9.68194 0.111237
9.68605 0.111312
9.69041 0.111638
9.6949 0.112095
9.69882 0.111976
9.70353 0.112656
9.70738 0.107259
9.70776 0.111678
9.7118 0.111684
9.71796 0.113807
9.72553 0.111295
9.72983 0.111561
9.73368 0.111377
9.7381 0.111768
9.74202 0.111649
9.74568 0.111273
9.74966 0.11122
9.7564 0.113925
9.75999 0.11147
9.76403 0.111479
9.76827 0.111682
9.77173 0.111113
9.77597 0.111313
9.78007 0.111385
9.78399 0.111266
9.78867 0.111911
9.79456 0.113775
9.79501 0.114223
9.79841 0.111573
9.80168 0.110809
9.80739 0.107273
9.8079 0.112998
9.81143 0.111313
9.81535 0.111194
9.81958 0.111394
9.82362 0.1114
9.82792 0.111663
9.82804 0.111792
9.83164 0.11135
9.83581 0.111488
9.84004 0.111688
9.84575 0.113367
9.8498 0.111359
9.8539 0.111434
9.8582 0.1117
9.86161 0.111068
9.86629 0.111716
9.87014 0.111531
9.87026 0.111659
9.87398 0.111346
9.87816 0.111484
9.88489 0.114189
9.88868 0.111922
9.89265 0.111866
9.89618 0.111362
9.90074 0.111881
9.90542 0.112533
9.90747 0.107355
9.90984 0.111743
9.91324 0.111107
9.91767 0.111499
9.92165 0.111445
9.92562 0.111389
9.9297 0.111426
9.93579 0.113487
9.93989 0.111539
9.94002 0.111668
9.94387 0.111483
9.94778 0.111363
9.95215 0.111692
9.95587 0.111379
9.96042 0.111902
9.96389 0.111335
9.96832 0.111729
9.97454 0.113918
9.97826 0.111588
9.98224 0.111535
9.98622 0.111481
9.99007 0.111294
9.99462 0.111817
9.99873 0.111889

