% time_sec delay_sec
1.1806 0.0805822
1.1806 0.0805822
1.28058 0.0805632
1.38054 0.0805189
1.4803 0.384291
1.48075 0.0807254
1.58063 0.0806138
1.68054 0.0805156
1.78116 0.08114
1.78347 0.384786
1.88053 0.0805098
1.98175 0.281057
1.98295 0.0829123
1.98584 0.0878127
1.98977 0.0877177
2.08178 0.175686
2.08975 0.0876979
2.09508 0.0889881
2.09938 0.0892542
2.10425 0.0900965
2.10894 0.0907478
2.11477 0.0925486
2.11914 0.0928804
2.12657 0.0942591
2.13118 0.0948417
2.13599 0.0956154
2.14061 0.096201
2.14536 0.096915
2.15062 0.0981425
2.1546 0.098089
2.15768 0.0971339
2.16249 0.0979136
2.16801 0.0993979
2.17198 0.0973218
2.17622 0.0975222
2.18007 0.0973374
2.1843 0.0975378
2.19039 0.0995925
2.19365 0.0976472
2.19378 0.0977756
2.19788 0.0978447
2.20173 0.097657
2.2057 0.0975976
2.20981 0.0976696
2.21577 0.0995989
2.21994 0.0977198
2.22418 0.0979202
2.22924 0.0989507
2.23245 0.098127
2.23656 0.098199
2.24041 0.0980142
2.24477 0.0983459
2.24869 0.0982268
2.25228 0.0977882
2.2578 0.0992725
2.2628 0.0982265
2.26595 0.097337
2.27012 0.0974717
2.27416 0.0974781
2.27871 0.0980009
2.29128 0.0984708
2.29141 0.0985992
2.29289 0.0928455
2.29551 0.0974899
2.2991 0.0970454
2.30506 0.0989717
2.30929 0.0971524
2.31442 0.0982457
2.31756 0.0973562
2.31769 0.0974846
2.32218 0.0979418
2.32655 0.0982706
2.33039 0.0980824
2.33431 0.0979632
2.33822 0.0978412
2.34194 0.097528
2.34765 0.0971896
2.3524 0.0979036
2.36035 0.0977937
2.3642 0.097609
2.36837 0.0977466
2.37614 0.0974428
2.38056 0.0978372
2.38711 0.100349
2.3898 0.0969916
2.39577 0.0997592
2.39917 0.0971098
2.40372 0.0976268
2.40731 0.0971852
2.40744 0.0973136
2.41167 0.0975081
2.41603 0.0978364
2.4243 0.0980461
2.43373 0.0994054
2.43803 0.0976518
2.44194 0.0975327
2.44656 0.0981212
2.4508 0.0983245
2.45491 0.0983994
2.45831 0.0977668
2.46261 0.0980328
2.46614 0.0975285
2.4707 0.0980514
2.4757 0.0990221
2.48013 0.0973998
2.48379 0.0970239
2.48949 0.0986993
2.49327 0.0932341
2.49366 0.0976528
2.49763 0.0975934
2.50123 0.0971519
2.50558 0.0974778
2.5095 0.0973557
2.51412 0.0979413
2.5179 0.0976938
2.5238 0.0995598
2.52855 0.098254
2.53201 0.0976841
2.53625 0.0978874
2.54022 0.0978311
2.54413 0.097709
2.56576 0.0971509
2.57 0.0973513
2.57416 0.0974861
2.57846 0.0977521
2.58206 0.0973135
2.5911 0.0982877
2.59277 0.0927251
2.5954 0.0973724
2.59912 0.0970593
2.6038 0.0977075
2.60771 0.0975884
2.61387 0.0997118
2.61778 0.0975759
2.62208 0.0978419
2.6267 0.0984275
2.63017 0.0978576
2.63421 0.0978639
2.63815 0.0977759
2.64219 0.0977852
2.64624 0.0977945
2.65195 0.0994699
2.65592 0.0973967
2.65977 0.0972149
2.66427 0.0976721
2.66812 0.0974902
2.67184 0.0971771
2.67607 0.0973775
2.68005 0.0973211
2.68409 0.0973304
2.68948 0.0986863
2.6932 0.0971918
2.69762 0.0975833
2.70333 0.0992558
2.70346 0.0993842
2.7075 0.0973738
2.71147 0.0973174
2.71597 0.0977746
2.72007 0.0978466
2.72437 0.0981126
2.72848 0.0981846
2.73245 0.0981283
2.73643 0.0980748
2.74156 0.099171
2.74612 0.0976771
2.75003 0.097558
2.75433 0.097824
2.75786 0.0973198
2.7621 0.0975231
2.7741 0.0974196
2.7843 0.0975384
2.78725 0.0964549
2.79238 0.0923392
2.79353 0.0987036
2.79693 0.0968926
2.80116 0.0970901
2.80552 0.0974159
2.80969 0.0975506
2.81405 0.0978794
2.81771 0.0975035
2.82673 0.0984519
2.8325 0.100187
2.83609 0.0977318
2.83994 0.097547
2.84398 0.0975563
2.85232 0.0978316
2.85617 0.0976468
2.85977 0.0972082
2.86977 0.0991468
2.8699 0.0992752
2.87381 0.0971363
2.87818 0.0974651
2.8819 0.0971549
2.88607 0.0972926
2.8912 0.0983888
2.89293 0.0928919
2.8955 0.0974735
2.89902 0.0969663
2.90364 0.0975519
2.90743 0.0973044
2.91166 0.0975018
2.91589 0.0977022
2.92212 0.0998941
2.9268 0.0985257
2.93077 0.0984664
2.93443 0.0980905
2.93828 0.0979057
2.94239 0.0979806
2.95952 0.0989792
2.96401 0.0974196
2.96799 0.0973662
2.97184 0.0971814
2.97595 0.0972534
2.97992 0.097197
2.9841 0.0973347
2.98936 0.0985622
2.9934 0.0973902
2.99737 0.0973338
3.00161 0.0975342
3.01168 0.099544
3.01582 0.0976303
3.01999 0.097768
3.02416 0.0979027
3.02846 0.0981658
3.03667 0.0983117
3.04033 0.0979329
3.04427 0.0978449
3.05024 0.09978
3.05435 0.0978382
3.05781 0.0972683
3.06185 0.0972776
3.06647 0.0978631
3.07013 0.0974872
3.07443 0.0977533
3.08245 0.0977091
3.08714 0.0983604
3.09124 0.0964156
3.10106 0.0990073
3.10556 0.0974506
3.10979 0.097651
3.11396 0.0977858
3.12301 0.0987658
3.12666 0.0983899
3.13039 0.0980767
3.13969 0.0993106
3.14353 0.0971091
3.14796 0.097503
3.15618 0.09765
3.15964 0.0970829
3.17202 0.0973617
3.17215 0.0974901
3.17767 0.0989773
3.18197 0.0972266
3.18614 0.0973643
3.19134 0.0985261
3.19589 0.0978677
3.20012 0.0980681
3.20346 0.0973697
3.20744 0.0973134
3.21173 0.0975765
3.21578 0.0975858
3.2203 0.098074
3.22447 0.0982117
3.22973 0.0994392
3.23396 0.0976229
3.23807 0.0976949
3.24198 0.0975758
3.24603 0.097585
3.25001 0.0975316
3.2622 0.0976222
3.26765 0.0990437
3.27176 0.097099
3.27587 0.097171
3.27991 0.0971803
3.28395 0.0971896
3.28934 0.0985425
3.29357 0.0975587
3.29703 0.0969858
3.30119 0.0971205
3.30523 0.0971269
3.30959 0.0974527
3.31427 0.0981005
3.31947 0.0992624
3.32383 0.0975744
3.32839 0.0980943
3.33204 0.0977155
3.33217 0.0978439
3.33615 0.0977904
3.33999 0.0976027
3.34391 0.0974807
3.34403 0.097609
3.34792 0.0974583
3.35202 0.0975303
3.35716 0.0986295
3.36171 0.0971355
3.36569 0.0970786
3.36999 0.0973417
3.37396 0.0972854
3.37833 0.0976142
3.38141 0.096662
3.38603 0.0972475
3.39106 0.0982435
3.39227 0.0922331
3.39503 0.0970088
3.39869 0.0966299
3.40286 0.0967647
3.40876 0.0986341
3.41299 0.0968148
3.41742 0.0972093
3.4221 0.0978605
3.42653 0.098252
3.42935 0.0970401
3.43384 0.0974944
3.44115 0.0967367
3.44666 0.098221
3.45153 0.0970407
3.45461 0.0960856
3.45814 0.0955814
3.46244 0.0958445
3.46667 0.0960449
3.47001 0.0953465
3.4736 0.094905
3.47732 0.0945918
3.48322 0.0964613
3.48585 0.0930415
3.48976 0.0897185
3.49059 0.0945851
3.49559 0.0955499
3.49835 0.0922585
3.50283 0.0927099
3.50623 0.0920742
3.51015 0.0919551
3.51438 0.0921526
3.51867 0.0924157
3.5188 0.0925441
3.52348 0.0931924
3.52663 0.092303
3.53253 0.0941666
3.53637 0.091965
3.54099 0.0925477
3.54529 0.0928108
3.54856 0.0920468
3.55247 0.0919247
3.55702 0.0924446
3.56042 0.091812
3.56453 0.091884
3.56953 0.0928547
3.57351 0.0907816
3.57717 0.0904057
3.58166 0.0908629
3.58601 0.0859739
3.58672 0.0907121
3.5896 0.0895629
3.59351 0.0894404
3.59774 0.0896349
3.60293 0.0907909
3.60569 0.0895162
3.60999 0.0897823
3.61474 0.0904963
3.62083 0.092551
3.62474 0.0904122
3.62942 0.0910605
3.63314 0.0907444
3.63721 0.0907818
3.64138 0.0909195
3.64548 0.0909886
3.6492 0.0906754
3.65299 0.0904279
3.65863 0.0920376
3.66299 0.0903497
3.66684 0.0901649
3.67089 0.0901742
3.6748 0.0900521
3.67871 0.0899301
3.68378 0.0909635
3.68499 0.0849531
3.68807 0.0900454
3.69179 0.0897322
3.69589 0.0898013
3.70064 0.0905123
3.7048 0.0906441
3.71025 0.0920593
3.71544 0.0912014
3.72032 0.0920408
3.72461 0.0922981
3.72473 0.0924265
3.7296 0.09326
3.73339 0.0930096
3.73742 0.0930159
3.74172 0.0932791
3.74596 0.0934795
3.75217 0.0956626
3.7523 0.0957909
3.75634 0.0937835
3.75647 0.0939119
3.76013 0.093533
3.76394 0.0933166
3.76798 0.093323
3.77209 0.093395
3.77619 0.093467
3.77992 0.0931538
3.7853 0.0945097
3.78921 0.0891699
3.79011 0.0940992
3.79401 0.0939743
3.79735 0.0932759
3.80299 0.0948798
3.80735 0.0931889
3.81151 0.0933236
3.81594 0.0937151
3.82062 0.0943605
3.82575 0.0954538
3.82921 0.0948809
3.83434 0.09598
3.83825 0.095858
3.8445 0.098078
3.84919 0.0967096
3.85342 0.09691
3.85707 0.0965311
3.8615 0.0969227
3.86535 0.0967379
3.86996 0.0973205
3.87356 0.096879
3.87773 0.0970166
3.88324 0.098498
3.88722 0.0964219
3.89113 0.0962999
3.89241 0.0923689
3.89625 0.0982315
3.90119 0.0971169
3.90536 0.0972482
3.9094 0.0972545
3.91382 0.0976431
3.91799 0.0977778
3.92642 0.0981436
3.93623 0.099888
3.93982 0.0974297
3.94376 0.0973388
3.9481 0.0976359
3.95182 0.0973228
3.95586 0.0973321
3.95984 0.0972757
3.96374 0.0971507
3.96753 0.0969032
3.97279 0.0981278
3.9767 0.0959919
3.98145 0.0967029
3.98562 0.0968377
3.98946 0.09665
3.99106 0.0910218
3.99382 0.0957945
3.99395 0.0959229
3.99747 0.0954127
4.0017 0.0956102
4.00279 0.0966971
4.00549 0.0953654
4.00966 0.0955001
4.01408 0.0958887
4.01908 0.0968565
4.0245 0.0982401
4.02866 0.0963551
4.02879 0.0964835
4.03296 0.0966177
4.037 0.0966241
4.04085 0.0964393
4.0456 0.0971532
4.04925 0.0967774
4.04938 0.0969057
4.05348 0.0969748
4.05752 0.0969812
4.06294 0.0983652
4.06686 0.0962294
4.07064 0.0959789
4.07423 0.0955403
4.07821 0.0954869
4.082 0.0952394
4.0872 0.0964012
4.08796 0.0971686
4.09858 0.0945027
4.10268 0.0945688
4.10659 0.0944497
4.11172 0.0955488
4.11653 0.0943087
4.12204 0.0957842
4.12579 0.0955022
4.1299 0.0955712
4.13436 0.0959968
4.13788 0.0954896
4.14244 0.0960095
4.14702 0.0965605
4.15202 0.0975283
4.15606 0.0955179
4.15619 0.0956463
4.16081 0.0962289
4.16388 0.0952738
4.1678 0.0951547
4.17177 0.0950953
4.1762 0.0954898
4.17998 0.0952394
4.18384 0.0950575
4.18858 0.0957656
4.19024 0.0902031
4.19294 0.0949131
4.19652 0.0944657
4.19665 0.0945941
4.20248 0.0963915
4.20665 0.0945065
4.20678 0.0946349
4.21075 0.0945785
4.21466 0.0944535
4.21915 0.0949073
4.22389 0.0956178
4.22784 0.0955268
4.23265 0.0963035
4.23656 0.0961815
4.24271 0.0983048
4.24682 0.0963595
4.25131 0.0968137
4.25496 0.0964344
4.25509 0.0965628
4.25951 0.0969543
4.26368 0.0970861
4.26721 0.0965818
4.27157 0.0969047
4.27169 0.0970331
4.27538 0.0966878
4.28058 0.0978497
4.28699 0.0982101
4.28866 0.0958456
4.29173 0.0916895
4.29378 0.0977743
4.29423 0.0982222
4.29788 0.0958237
4.30333 0.0972364
4.30346 0.0973648
4.30679 0.0966665
4.31064 0.0964788
4.31493 0.0967419
4.31945 0.0972273
4.31958 0.0973557
4.32849 0.0981985
4.33356 0.0992349
4.33811 0.097738
4.34209 0.0976816
4.34607 0.0976253
4.35005 0.0975718
4.35409 0.0975811
4.35787 0.0973307
4.36256 0.0979819
4.36628 0.0976687
4.37167 0.0990217
4.37616 0.0974621
4.38 0.0972773
4.38399 0.0972239
4.39026 0.0994697
4.39321 0.0931714
4.39373 0.0977185
4.39732 0.0972769
4.40142 0.097346
4.40982 0.0976753
4.41411 0.0979354
4.41841 0.0981986
4.42383 0.0995856
4.42867 0.0983766
4.43236 0.0980318
4.4364 0.0980411
4.44012 0.0977279
4.44416 0.0977343
4.45225 0.0977528
4.45603 0.0975053
4.46251 0.0999511
4.46604 0.0974271
4.46969 0.0970483
4.47393 0.0972487
4.47867 0.0979626
4.48252 0.0977779
4.48739 0.0986143
4.49131 0.0984952
4.4956 0.0975771
4.49938 0.0973266
4.50361 0.0975241
4.50762 0.0974954
4.51355 0.0993901
4.514 0.0998379
4.51813 0.0979243
4.52332 0.0990803
4.52659 0.0983192
4.53031 0.0980061
4.53461 0.0982721
4.53846 0.0980873
4.53859 0.0982157
4.54231 0.0979055
4.54591 0.097464
4.55271 0.100232
4.55611 0.0975827
4.55624 0.0977111
4.56021 0.0976547
4.56406 0.09747
4.56875 0.0981182
4.57189 0.0972259
4.57593 0.0972351
4.58035 0.0976267
4.58427 0.0975075
4.59035 0.0995593
4.59369 0.0976797
4.59759 0.0975547
4.59772 0.0976831
4.60336 0.099287
4.60733 0.0972109
4.6115 0.0973456
4.61606 0.0978655
4.6201 0.0978748
4.62465 0.0983918
4.62837 0.0980786
4.63254 0.0982134
4.63671 0.098351
4.64184 0.0994472
4.64627 0.0978249
4.65025 0.0977715
4.65378 0.0972672
4.65775 0.0972108
4.6625 0.0979248
4.67963 0.0989204
4.68412 0.0973608
4.68727 0.0964714
4.69329 0.0932456
4.6938 0.098971
4.69701 0.0969659
4.70117 0.0971007
4.70566 0.097552
4.70579 0.0976804
4.70983 0.0976867
4.71406 0.0978842
4.71829 0.0980816
4.72246 0.0982193
4.72759 0.0993155
4.73189 0.0995816
4.73638 0.098022
4.74023 0.0978372
4.74395 0.097524
4.74819 0.0977274
4.75236 0.0978621
4.75601 0.0974862
4.76025 0.0976896
4.76448 0.09789
4.77 0.0993743
4.77385 0.0971698
4.77821 0.0974986
4.78219 0.0974451
4.78591 0.097132
4.79136 0.0985506
4.79604 0.0980176
4.79957 0.0975133
4.8038 0.0977108
4.80778 0.0976544
4.81182 0.0976607
4.81605 0.0978611
4.82228 0.100053
4.8269 0.0986218
4.83023 0.0979235
4.83421 0.0978671
4.83831 0.0979391
4.84223 0.09782
4.84608 0.0976382
4.85436 0.0978508
4.86014 0.0995919
4.86411 0.0975187
4.86796 0.0973369
4.87175 0.0970894
4.87586 0.0971614
4.88047 0.097747
4.88952 0.0987241
4.8933 0.0932588
4.89702 0.0969792
4.90164 0.0975618
4.90599 0.0978876
4.91138 0.0992406
4.91991 0.0976868
4.92383 0.0975677
4.92819 0.0978965
4.92832 0.0980249
4.93229 0.0979685
4.93627 0.0979151
4.94038 0.0979871
4.94965 0.0991893
4.95389 0.0973759
4.95786 0.0973195
4.96171 0.0971377
4.96575 0.097144
4.96992 0.0972788
4.97396 0.0972851
4.98256 0.0978172
4.98737 0.0985939
4.99135 0.0965208
4.99308 0.0930377
4.99532 0.0972998
5.00129 0.099232
5.00559 0.0974871
5.00976 0.0976189
5.01399 0.0978193
5.02259 0.0983514
5.0267 0.0984234
5.03074 0.0984327
5.03453 0.0981852
5.03998 0.0996038
5.04396 0.0975307
5.04781 0.0973488
5.05249 0.0979971
5.05563 0.0971077
5.05576 0.0972361
5.05936 0.0967975
5.06385 0.0972517
5.06789 0.097261
5.07206 0.0973986
5.07764 0.0989486
5.08194 0.0971979
5.08605 0.0972728
5.09144 0.0986288
5.09933 0.0972749
5.10357 0.0974753
5.10729 0.0971651
5.11184 0.097682
5.11588 0.0976879
5.11601 0.0978162
5.12031 0.0980823
5.12448 0.09822
5.12974 0.0994475
5.13404 0.0976939
5.13801 0.0976375
5.13814 0.0977659
5.14186 0.0974527
5.14578 0.0973336
5.15033 0.0978564
5.15412 0.0976089
5.15803 0.0974898
5.16759 0.0989834
5.17164 0.0969759
5.17587 0.0971763
5.17991 0.0971856
5.18383 0.0970665
5.18953 0.098739
5.19338 0.0973729
5.19736 0.0973165
5.20146 0.0973856
5.20582 0.0977144
5.21018 0.0980402
5.21416 0.0979838
5.21961 0.0994025
5.22404 0.0977802
5.22865 0.0983628
5.22878 0.0984912
5.23218 0.0978585
5.23604 0.0976767
5.24014 0.0977457
5.24405 0.0976266
5.25772 0.0991981
5.26196 0.0973847
5.26587 0.0972626
5.26991 0.097269
5.27389 0.0972126
5.27825 0.0975414
5.2821 0.0973595
5.28698 0.0982019
5.2916 0.0987874
5.29577 0.0977438
5.29955 0.0974963
5.30366 0.0975683
5.30975 0.0996289
5.31373 0.0975558
5.31777 0.097565
5.32236 0.098119
5.32663 0.0983505
5.33051 0.0981968
5.33423 0.0978837
5.33846 0.0980841
5.34212 0.0977082
5.34821 0.0997717
5.35283 0.0983376
5.35296 0.0984659
5.35597 0.0974481
5.35918 0.0966243
5.364 0.0974039
5.36817 0.0975416
5.37221 0.097548
5.38042 0.0976949
5.3871 0.100335
5.38966 0.0968493
5.39358 0.0975686
5.39935 0.0993067
5.40377 0.0976785
5.40723 0.0971086
5.41134 0.0971776
5.42025 0.0980293
5.42834 0.0980449
5.43834 0.09998
5.43847 0.100108
5.44187 0.0974589
5.44588 0.0974366
5.45012 0.0976399
5.4539 0.0973924
5.45794 0.0974017
5.4627 0.0981186
5.47553 0.0988482
5.48002 0.0972886
5.484 0.0972352
5.48925 0.0984597
5.49336 0.0933169
5.4938 0.0977983
5.49765 0.0976077
5.5013 0.0972289
5.50592 0.0978115
5.51002 0.0978835
5.51387 0.0976987
5.51792 0.097708
5.52212 0.0978768
5.52834 0.100063
5.5318 0.0974761
5.53594 0.0975822
5.53992 0.0975229
5.54376 0.0973381
5.54787 0.097413
5.55185 0.0973532
5.55955 0.0969895
5.56532 0.0987277
5.56978 0.0971335
5.57382 0.0971399
5.57747 0.096764
5.58222 0.0974779
5.58601 0.0972304
5.59088 0.0980669
5.59248 0.0924416
5.59505 0.0970233
5.59518 0.0971517
5.5987 0.0966444
5.60351 0.0974182
5.60364 0.0975466
5.6071 0.0969766
5.6112 0.0970457
5.61701 0.0988179
5.62169 0.0974524
5.62644 0.0981663
5.62945 0.0971455
5.6334 0.0970575
5.63814 0.0977686
5.64135 0.0969418
5.64578 0.0973363
5.64956 0.0970888
5.65514 0.0986299
5.65848 0.0959178
5.66271 0.0961152
5.66618 0.0955482
5.66996 0.0952978
5.67374 0.0950474
5.67734 0.0946087
5.68099 0.0942299
5.68593 0.0951379
5.68945 0.0894129
5.69041 0.0944079
5.69349 0.0934528
5.6974 0.0933308
5.70234 0.09423
5.70619 0.0920284
5.71023 0.0920377
5.71433 0.0921097
5.71902 0.092758
5.72389 0.0935974
5.72716 0.0928364
5.73178 0.093419
5.73543 0.0930402
5.7412 0.0947754
5.74133 0.0949038
5.74544 0.092959
5.74948 0.0929683
5.753 0.0924611
5.75717 0.0925958
5.7607 0.0920915
5.76474 0.0921008
5.76847 0.0917877
5.77257 0.0918597
5.77732 0.0925736
5.78065 0.0898585
5.78495 0.0901217
5.78565 0.0856144
5.78956 0.0915397
5.79405 0.0899802
5.79809 0.089986
5.80271 0.0905657
5.80624 0.0900614
5.81028 0.0900707
5.81451 0.0902711
5.81913 0.0908537
5.82361 0.0913045
5.82945 0.0931083
5.83323 0.0908382
5.83721 0.0907818
5.84138 0.0909165
5.84554 0.0910513
5.84984 0.0913144
5.85324 0.0906817
5.85753 0.0909414
5.86113 0.0905028
5.86645 0.091793
5.87011 0.0894004
5.87403 0.0892812
5.87775 0.0889681
5.88249 0.089682
5.88384 0.0838
5.88711 0.0890863
5.88999 0.0879371
5.89471 0.0886165
5.89817 0.0880466
5.90221 0.0880529
5.90638 0.0881906
5.91087 0.0886478
5.91712 0.0908649
5.92122 0.0889143
5.92517 0.0888263
5.9294 0.0890238
5.93292 0.0885136
5.93305 0.088642
5.93818 0.0897353
5.94145 0.0889742
5.94626 0.0897479
5.94946 0.0889212
5.95492 0.0903399
5.95877 0.0881412
5.96262 0.0879565
5.96275 0.0880849
5.9664 0.0877085
5.97064 0.0879089
5.97449 0.0877241
5.97975 0.0889516
5.98404 0.0839999
5.9843 0.0882902
5.98853 0.0884877
5.99215 0.0880802
5.99709 0.0889794
6.00112 0.0889828
6.00607 0.0898937
6.01068 0.088459
6.0144 0.0881459
6.01966 0.0893704
6.02332 0.0889946
6.02775 0.089389
6.02788 0.0895174
6.03204 0.0896492
6.03576 0.089336
6.03986 0.0894051
6.04583 0.0913344
6.04903 0.0884909
6.05333 0.088754
6.05346 0.0888824
6.05647 0.0878646
6.06058 0.0879395
6.0645 0.0878204
6.06867 0.0879581
6.07297 0.0882212
6.0772 0.0884216
6.08176 0.0889444
6.09022 0.0881639
6.09676 0.0906724
6.1001 0.0879573
6.10433 0.0881606
6.10837 0.088167
6.11322 0.0889748
6.11738 0.0891095
6.12116 0.0888561
6.12572 0.089376
6.12975 0.0893794
6.13514 0.0907295
6.13905 0.0885907
6.14341 0.0889165
6.14706 0.0885377
6.15046 0.087905
6.1547 0.0881025
6.15868 0.088049
6.16272 0.0880554
6.16669 0.087999
6.17253 0.0898028
6.1776 0.0888195
6.17773 0.0889479
6.18106 0.0882466
6.18381 0.0837734
6.18644 0.0904345
6.19048 0.0884212
6.19413 0.0880424
6.19458 0.0884903
6.19785 0.0877263
6.2024 0.0882398
6.20253 0.0883682
6.20708 0.0888881
6.21009 0.0878702
6.21538 0.089123
6.21551 0.0892514
6.22028 0.0899906
6.22483 0.0905075
6.22938 0.0890077
6.23265 0.0882437
6.23714 0.088698
6.24067 0.0881937
6.24548 0.0889674
6.24849 0.0879496
6.25254 0.0879589
6.25658 0.0879652
6.26244 0.0898001
6.26655 0.0878554
6.27046 0.0877333
6.27457 0.0878053
6.28014 0.0893494
6.28373 0.083693
6.28431 0.0883029
6.2879 0.0878554
6.29187 0.0877961
6.297 0.0888894
6.30014 0.087997
6.30417 0.0880004
6.30873 0.0885203
6.31427 0.0900293
6.31953 0.0892342
6.32299 0.0886613
6.3271 0.0887363
6.33094 0.0885456
6.33472 0.0882952
6.3387 0.0882388
6.34248 0.0879884
6.34671 0.0881858
6.35268 0.090117
6.35672 0.0881066
6.36057 0.0879218
6.36461 0.0879281
6.36871 0.0880001
6.37269 0.0879438
6.37698 0.0882069
6.38224 0.0894285
6.38378 0.0837376
6.38609 0.0880625
6.3898 0.0877464
6.39461 0.0885201
6.39839 0.0882697
6.40468 0.0905184
6.40872 0.088508
6.41301 0.0887711
6.41782 0.089542
6.42319 0.0908861
6.42653 0.0901878
6.43076 0.0903823
6.43448 0.0900692
6.4389 0.0904607
6.44531 0.0928378
6.44544 0.0929662
6.44891 0.0903795
6.45314 0.0905799
6.45699 0.0903922
6.46032 0.0896968
6.46468 0.0900226
6.46873 0.0900319
6.47257 0.0898472
6.47642 0.0896624
6.48107 0.0902791
6.48517 0.0851333
6.4862 0.090191
6.48915 0.0891075
6.49453 0.0904575
6.49927 0.0891489
6.50292 0.0887671
6.50305 0.0888955
6.50703 0.0888391
6.50716 0.0889675
6.51146 0.0892306
6.51556 0.0892997
6.52164 0.091351
6.5253 0.0909721
6.53017 0.0918115
6.53613 0.0937379
6.54158 0.0931397
6.54633 0.0938508
6.5503 0.0937944
6.55499 0.0944427
6.55511 0.0945711
6.56005 0.0954761
6.56473 0.0961244
6.5698 0.0971579
6.56993 0.0972863
6.57378 0.0971015
6.57962 0.0989053
6.58404 0.097283
6.58789 0.0970924
6.59327 0.0932305
6.59436 0.0995322
6.59821 0.0981662
6.60224 0.0981666
6.60551 0.0974056
6.60962 0.0974746
6.61404 0.0978632
6.61785 0.0976468
6.63183 0.0995261
6.63196 0.0996544
6.63687 0.0985111
6.64014 0.0977501
6.64829 0.0978314
6.6522 0.0977093
6.65605 0.0975275
6.66023 0.0976651
6.66478 0.0981851
6.66991 0.0992812
6.67401 0.0973365
6.67819 0.0974742
6.68178 0.0970326
6.68716 0.0983826
6.69165 0.0988398
6.69543 0.097411
6.69909 0.0970322
6.70351 0.0974208
6.70736 0.097236
6.71172 0.0975618
6.71595 0.0977593
6.72361 0.101386
6.72727 0.0989932
6.73054 0.0982292
6.73464 0.0983012
6.73509 0.0987491
6.73843 0.0980507
6.74221 0.0978032
6.74619 0.0977498
6.75062 0.0981442
6.75409 0.0975772
6.76005 0.0995065
6.76403 0.0974333
6.76871 0.0980816
6.77159 0.0969325
6.77564 0.0969417
6.77987 0.0971421
6.7843 0.0975366
6.78949 0.0986955
6.79372 0.0936781
6.79801 0.0979748
6.8018 0.0977214
6.80192 0.0978498
6.80619 0.0980784
6.81144 0.0993
6.81612 0.0979316
6.81959 0.0973616
6.82395 0.0976904
6.82866 0.0983698
6.82879 0.0984982
6.83264 0.0983164
6.83662 0.09826
6.84072 0.098332
6.84451 0.0980845
6.85051 0.100051
6.85449 0.0979805
6.85821 0.0976673
6.86174 0.0971631
6.86578 0.0971665
6.86995 0.0973012
6.87838 0.0976704
6.88255 0.0978081
6.88781 0.0990297
6.89172 0.0968909
6.89185 0.0970193
6.89281 0.0927659
6.89518 0.0971564
6.90133 0.0992768
6.90634 0.0982278
6.90948 0.0973354
6.91358 0.0974045
6.91768 0.0974765
6.92281 0.0985727
6.92673 0.0984536
6.93038 0.0980748
6.93423 0.0978929
6.94033 0.0999506
6.94437 0.0979431
6.94809 0.0976329
6.95194 0.0974481
6.95598 0.0974574
6.96022 0.0976578
6.96458 0.0979866
6.96843 0.0978018
6.96856 0.0979302
6.97208 0.097423
6.9785 0.099806
6.98229 0.0975417
6.98716 0.0983782
6.99164 0.0988324
6.99556 0.097532
6.99908 0.0970248
6.99921 0.0971532
7.00344 0.0973507
7.00787 0.0977481
7.008 0.0978765
7.01159 0.097432
7.01582 0.0976295
7.0198 0.097576
7.02474 0.0984811
7.02487 0.0986095
7.03077 0.100479
7.03475 0.0984088
7.04206 0.0976541
7.04623 0.0977917
7.04636 0.0979201
7.05066 0.0981862
7.054 0.0974908
7.05811 0.0975628
7.0626 0.09802
7.06824 0.0996321
7.07196 0.0973022
7.07594 0.0972458
7.07985 0.0971262
7.08403 0.0972639
7.08974 0.0989422
7.10135 0.0972723
7.10628 0.0981773
7.10975 0.0976074
7.11385 0.0976765
7.12039 0.100185
7.12424 0.0979863
7.12867 0.0983779
7.1322 0.0978736
7.13637 0.0980112
7.14022 0.0978265
7.14837 0.0979078
7.15209 0.0975946
7.15793 0.0994013
7.16204 0.0974595
7.17005 0.0974095
7.1739 0.0972218
7.178 0.0972938
7.18224 0.0974971
7.18699 0.0982081
7.19161 0.0987937
7.19584 0.0978157
7.1995 0.0974398
7.20347 0.0973835
7.21008 0.0999547
7.21412 0.0979443
7.21797 0.0977595
7.22169 0.0974493
7.2265 0.0982259
7.23016 0.0978471
7.2383 0.0979255
7.24202 0.0976152
7.2479 0.0994531
7.2522 0.0977024
7.25617 0.097646
7.25938 0.0968222
7.264 0.0974078
7.26804 0.0974171
7.27228 0.0976175
7.27639 0.0976924
7.28729 0.10053
7.28986 0.0970442
7.29345 0.0974411
7.29916 0.0991165
7.30371 0.0976167
7.30711 0.096984
7.31121 0.097056
7.32 0.0977763
7.32404 0.0977856
7.32841 0.0981144
7.33851 0.10015
7.34217 0.0977571
7.34595 0.0975096
7.35044 0.0979667
7.35372 0.0972057
7.35776 0.097215
7.36212 0.0975467
7.36636 0.0977471
7.37001 0.0973712
7.37637 0.0996886
7.38009 0.0973586
7.38407 0.0973052
7.38965 0.0988522
7.39375 0.0937094
7.39401 0.0979997
7.39747 0.0974268
7.40112 0.0970509
7.40542 0.097317
7.40972 0.0975801
7.41383 0.0976521
7.41825 0.0980466
7.42204 0.0977991
7.42839 0.100116
7.43744 0.0990767
7.43994 0.0975454
7.44385 0.0974233
7.45193 0.0974419
7.45983 0.0972693
7.46573 0.0991388
7.47003 0.0973851
7.47433 0.0976483
7.47773 0.0970156
7.4819 0.0971533
7.48703 0.0982495
7.48716 0.0983778
7.49139 0.0985782
7.49152 0.0987066
7.49556 0.0975346
7.49928 0.0972214
7.50364 0.0975473
7.50736 0.0972341
7.51127 0.0971121
7.51826 0.100071
7.5225 0.098258
7.5266 0.09833
7.52997 0.0976628
7.53375 0.0974123
7.53818 0.0978038
7.54177 0.0973623
7.54601 0.0975656
7.55018 0.0977033
7.55627 0.0997639
7.55974 0.0971801
7.5641 0.0975089
7.56783 0.0971987
7.57167 0.0970139
7.57571 0.0970202
7.5804 0.0976715
7.58431 0.0975524
7.5897 0.0989053
7.59322 0.0931833
7.59361 0.097602
7.59746 0.0974172
7.60159 0.0975203
7.60749 0.0993869
7.61182 0.0976643
7.61574 0.0975452
7.61959 0.0973634
7.62388 0.0976265
7.6285 0.0982121
7.63255 0.0982213
7.63678 0.0984247
7.64031 0.0979175
7.64608 0.0996585
7.65051 0.0980362
7.65411 0.0975976
7.65783 0.0972844
7.65796 0.0974128
7.66181 0.097231
7.66572 0.097109
7.67002 0.0973721
7.67431 0.0976352
7.67823 0.0975161
7.68388 0.0991317
7.68766 0.0968645
7.69164 0.0968081
7.69292 0.0928772
7.69798 0.099958
7.70132 0.0972429
7.70561 0.097506
7.70927 0.0971272
7.7135 0.0973247
7.7178 0.0975907
7.72223 0.0979852
7.72672 0.0984424
7.73063 0.0983203
7.73762 0.101277
7.74012 0.0977285
7.74403 0.097606
7.74779 0.0973269
7.75221 0.0977184
7.756 0.0974709
7.75998 0.0974174
7.76421 0.0976178
7.76825 0.0976271
7.77377 0.0991085
7.77839 0.0976773
7.78211 0.097367
7.78577 0.0969912
7.79173 0.0989204
7.79545 0.0974289
7.79898 0.0969246
7.80341 0.0973161
7.80745 0.0973254
7.81123 0.097075
7.8163 0.0981084
7.81976 0.0975385
7.82669 0.100435
7.82964 0.0973348
7.83349 0.09715
7.83766 0.0972848
7.83779 0.0974132
7.84112 0.0967148
7.84561 0.097172
7.84921 0.0967305
7.84965 0.0971783
7.85293 0.0964173
7.85626 0.095719
7.86094 0.0963673
7.86454 0.0939119
7.86781 0.0931479
7.87095 0.0922584
7.87429 0.0915601
7.87743 0.0906706
7.88186 0.0910622
7.88545 0.0854058
7.88602 0.0900156
7.88961 0.0895682
7.88974 0.0896966
7.89198 0.0879084
7.89624 0.0881369
7.9006 0.0884628
7.90073 0.0885912
7.90593 0.089756
7.91016 0.0879396
7.91516 0.0889045
7.91856 0.0882718
7.92222 0.0878959
7.92671 0.0883531
7.93037 0.0879743
7.93441 0.0879806
7.93825 0.0877929
7.94447 0.0899819
7.94839 0.0878431
7.95243 0.0878523
7.95634 0.0877303
7.96051 0.087868
7.96443 0.0877489
7.9686 0.0878865
7.97264 0.0878929
7.97277 0.0880213
7.977 0.0882217
7.98181 0.0889984
7.98328 0.0832447
7.98585 0.0878263
7.98989 0.0878297
7.99675 0.088641
8.00069 0.08855
8.00425 0.0880768
8.00811 0.0878981
8.01285 0.0886091
8.01676 0.0884871
8.02022 0.0879142
8.02446 0.0881146
8.02837 0.0879926
8.03478 0.0903727
8.03837 0.0879143
8.04273 0.0882402
8.04633 0.0877986
8.05031 0.0877452
8.05479 0.0881994
8.05852 0.0878892
8.06256 0.0878985
8.0666 0.0879078
8.06673 0.0880362
8.0727 0.0899713
8.0777 0.0889253
8.08014 0.0873282
8.08995 0.0878973
8.09406 0.0879693
8.09797 0.0878467
8.10208 0.0879187
8.10625 0.0880564
8.11013 0.0879027
8.115 0.0887392
8.11513 0.0888676
8.11955 0.0892562
8.12461 0.0902867
8.12862 0.0882412
8.13227 0.0878624
8.13753 0.089084
8.14105 0.0885768
8.14445 0.0879412
8.14849 0.0879475
8.15241 0.0878284
8.15638 0.087772
8.16254 0.0898983
8.1671 0.0884044
8.17088 0.0881569
8.17454 0.087778
8.18038 0.0895818
8.18383 0.0837941
8.18409 0.0880844
8.18858 0.0885357
8.19198 0.0879031
8.19691 0.0888047
8.20037 0.0882313
8.20082 0.0886792
8.20409 0.0879181
8.20833 0.0881185
8.21467 0.0884162
8.21987 0.0895751
8.2232 0.0888768
8.22769 0.089334
8.23064 0.0882505
8.23481 0.0883852
8.23879 0.0883259
8.2425 0.0880098
8.24641 0.0878877
8.25289 0.0903335
8.25649 0.0878752
8.26053 0.0878845
8.26444 0.0877653
8.26861 0.087903
8.27259 0.0878466
8.2767 0.0879186
8.28215 0.0893343
8.28388 0.0838375
8.28599 0.0879712
8.28997 0.0879089
8.29465 0.0885572
8.30035 0.0902297
8.30427 0.0880938
8.30831 0.0881031
8.31267 0.0884319
8.31694 0.0886634
8.32053 0.0882189
8.32476 0.0884193
8.32874 0.08836
8.33226 0.0878528
8.33637 0.0879248
8.34348 0.0910066
8.34695 0.0884199
8.35118 0.0886169
8.35464 0.0880469
8.35849 0.0878651
8.3626 0.0879371
8.36677 0.0880748
8.37055 0.0878273
8.37459 0.0878336
8.37992 0.0891239
8.38389 0.0838497
8.38447 0.0884595
8.38988 0.0898436
8.39405 0.0879645
8.39816 0.0880336
8.40245 0.0882938
8.40258 0.0884222
8.40624 0.0880463
8.41021 0.0879899
8.41585 0.0895938
8.42002 0.0897256
8.42374 0.0894124
8.42794 0.0895812
8.43339 0.0889772
8.43793 0.0894902
8.442 0.0895276
8.44514 0.0886352
8.44918 0.0886416
8.45284 0.0882627
8.45688 0.0882691
8.46067 0.0880216
8.46464 0.0879652
8.46477 0.0880936
8.47067 0.0899631
8.47459 0.0878243
8.47985 0.0890518
8.48407 0.0840344
8.48523 0.0892205
8.48856 0.0885192
8.49196 0.0878836
8.49644 0.0883349
8.50003 0.0878905
8.5042 0.0880223
8.50849 0.0882854
8.5133 0.0890591
8.51343 0.0891875
8.51997 0.0916931
8.5201 0.0918215
8.52375 0.0894229
8.52804 0.089686
8.53157 0.0891788
8.53542 0.0889911
8.53959 0.0891259
8.54388 0.089386
8.54401 0.0895144
8.54811 0.0895835
8.54824 0.0897119
8.55164 0.0890792
8.556 0.0894051
8.56232 0.0916908
8.56578 0.0891041
8.56937 0.0886626
8.57303 0.0882837
8.57681 0.0880362
8.58233 0.0895176
8.58387 0.0838267
8.58624 0.0882143
8.58989 0.0878325
8.59457 0.0884778
8.59822 0.088099
8.60283 0.0886758
8.60876 0.0905734
8.61364 0.0893961
8.61831 0.0900385
8.62184 0.0895283
8.62607 0.0897287
8.6303 0.0899262
8.63485 0.0904432
8.63928 0.0908347
8.64389 0.0914173
8.64704 0.0905279
8.65332 0.0907628
8.65345 0.0908912
8.65704 0.0904496
8.66096 0.0903305
8.66455 0.089886
8.66788 0.0891906
8.67173 0.0890059
8.67558 0.0888211
8.68039 0.0895978
8.68411 0.0840668
8.68468 0.0886767
8.68885 0.0888055
8.69199 0.0879161
8.69814 0.0900335
8.70269 0.0885308
8.70654 0.088346
8.71102 0.0888003
8.71551 0.0892516
8.72044 0.0901508
8.7248 0.0904766
8.72961 0.0912533
8.73397 0.0915792
8.74112 0.094695
8.74612 0.0936431
8.75055 0.0940376
8.75459 0.0940439
8.75908 0.0945011
8.76369 0.0950837
8.76966 0.097013
8.77325 0.0965714
8.77768 0.0969659
8.78217 0.0974231
8.78774 0.0989642
8.78787 0.0990926
8.79185 0.0970195
8.798 0.0999812
8.80185 0.0977767
8.80653 0.098425
8.80987 0.0977267
8.81371 0.097539
8.81801 0.0978021
8.82231 0.0980681
8.82661 0.0983342
8.83039 0.0980838
8.83707 0.100724
8.84066 0.0982653
8.84457 0.0981461
8.84881 0.0983495
8.85609 0.0975631
8.85994 0.0973779
8.8643 0.0977037
8.86443 0.0978321
8.86795 0.0973278
8.87187 0.0972058
8.87854 0.0978288
8.887 0.0982267
8.89169 0.0988779
8.89554 0.0975118
8.90015 0.0980945
8.904 0.0979067
8.90765 0.0975279
8.91144 0.0972775
8.91156 0.0974059
8.91605 0.0978596
8.91983 0.0976092
8.92695 0.100693
8.93048 0.0981694
8.93465 0.0983042
8.9419 0.0974867
8.94619 0.0977523
8.95005 0.0975704
8.95441 0.0979022
8.9582 0.0976547
8.9648 0.100226
8.96872 0.09809
8.97225 0.0975857
8.97702 0.0983308
8.97985 0.0971189
8.98408 0.0973222
8.99043 0.0996337
8.99344 0.093401
8.99427 0.0982676
8.99735 0.0973125
9.00184 0.0977638
9.00543 0.0973255
9.00973 0.0975886
9.01621 0.100031
9.02012 0.0978926
9.02429 0.0980303
9.03667 0.0983085
9.04039 0.0979954
9.0445 0.0980703
9.04864 0.0981764
9.05807 0.0975248
9.06237 0.0977908
9.06577 0.0971552
9.06993 0.09729
9.07417 0.0974933
9.07841 0.0976966
9.08245 0.0977059
9.08662 0.0978406
9.09188 0.0990682
9.10009 0.0980338
9.11003 0.0978929
9.11407 0.0978963
9.12244 0.0981998
9.12674 0.0984658
9.13072 0.0984095
9.13463 0.0982903
9.13848 0.0981056
9.14467 0.100266
9.14853 0.0980673
9.15244 0.0979482
9.16052 0.0979608
9.16418 0.097582
9.16462 0.0980299
9.1686 0.0979735
9.17219 0.097532
9.17665 0.0979575
9.17678 0.0980859
9.18024 0.097516
9.18806 0.0992857
9.19018 0.0973692
9.19615 0.10014
9.20371 0.0976192
9.20736 0.0972404
9.2114 0.0972467
9.21153 0.0973751
9.21609 0.097895
9.21987 0.0976446
9.22442 0.0981645
9.22872 0.0984276
9.23468 0.10036
9.23873 0.0983523
9.24232 0.0979107
9.24617 0.0977289
9.25002 0.0975471
9.25413 0.097622
9.25811 0.0975656
9.26235 0.097769
9.26645 0.097841
9.27222 0.0995791
9.27697 0.0982763
9.2771 0.0984047
9.28011 0.0973869
9.28403 0.0972677
9.29057 0.0997704
9.29345 0.0934093
9.29409 0.0980848
9.29807 0.0980284
9.30166 0.0975839
9.30179 0.0977123
9.3098 0.0976593
9.31403 0.0978568
9.31858 0.0983767
9.32429 0.100052
9.32853 0.0982357
9.33238 0.098051
9.33655 0.0981886
9.33988 0.0974903
9.34405 0.097625
9.34835 0.0978911
9.35226 0.097772
9.35605 0.0975245
9.36272 0.100164
9.37375 0.0970767
9.37895 0.0982415
9.38216 0.0974177
9.38633 0.0975525
9.3921 0.0992847
9.39556 0.0975364
9.39928 0.0972233
9.40736 0.097233
9.41422 0.100058
9.41813 0.0979222
9.42198 0.097734
9.42659 0.0983195
9.42672 0.0984479
9.43057 0.0982573
9.43397 0.0976246
9.43807 0.0976937
9.44186 0.0974462
9.44577 0.0973271
9.45199 0.099516
9.45212 0.0996444
9.45661 0.0980848
9.45982 0.0972611
9.4647 0.0981034
9.46791 0.0972796
9.47188 0.0972232
9.47625 0.097552
9.48427 0.0975049
9.48959 0.0987922
9.49318 0.0931358
9.49343 0.0974262
9.49356 0.0975545
9.49722 0.0971787
9.50382 0.0997469
9.50774 0.0976111
9.51184 0.0976801
9.51588 0.0976894
9.5196 0.0973762
9.52429 0.0980275
9.52839 0.0980995
9.53256 0.0982372
9.53629 0.0979269
9.54642 0.09798
9.5539 0.0973907
9.55801 0.0974627
9.55813 0.0975911
9.56199 0.0974092
9.56648 0.0978664
9.57995 0.099238
9.58419 0.0974245
9.58746 0.0966605
9.59387 0.0990406
9.59778 0.0977402
9.60156 0.0974898
9.60201 0.0979377
9.60971 0.0975681
9.61381 0.0976372
9.61785 0.0976435
9.62189 0.0976528
9.62651 0.0982384
9.63215 0.0998452
9.63761 0.0992471
9.63985 0.0974589
9.64402 0.0975966
9.64762 0.0971579
9.65191 0.0974211
9.65583 0.097302
9.65974 0.0971829
9.66385 0.0972549
9.67071 0.100086
9.67399 0.097308
9.6786 0.0978935
9.68194 0.0971981
9.68631 0.0975299
9.69182 0.0990112
9.69586 0.0978392
9.69946 0.0974006
9.70366 0.0975664
9.70763 0.09751
9.71167 0.0975164
9.71623 0.0980363
9.71636 0.0981647
9.7222 0.0999714
9.72675 0.0984746
9.73066 0.0983554
9.73823 0.0978575
9.74189 0.0974816
9.74593 0.0974909
9.75004 0.0975658
9.75415 0.0976408
9.75973 0.0991907
9.76532 0.0987239
9.77199 0.0973302
9.77597 0.0972738
9.78007 0.0973458
9.78918 0.0983857
9.79322 0.0931772
9.79373 0.0977243
9.79726 0.097217
9.80117 0.097095
9.80573 0.0976178
9.81194 0.0998039
9.81631 0.0981159
9.81984 0.0976116
9.82465 0.0983883
9.8283 0.0980095
9.83619 0.097834
9.84004 0.0976492
9.84408 0.0976585
9.84992 0.0994652
9.85416 0.0976518
9.86269 0.0981183
9.86571 0.0971004
9.87014 0.0974919
9.87411 0.0974356
9.87828 0.0975732
9.88226 0.0975198
9.8872 0.0984249
9.89169 0.0968653
9.8958 0.0977757
9.90208 0.100027
9.906 0.0978915
9.90972 0.0975754
9.91401 0.0978385
9.91767 0.0974597
9.9219 0.097663
9.92659 0.0983113
9.9304 0.098092
9.93053 0.0982204
9.94015 0.0997738
9.944 0.0975722
9.94804 0.097581
9.95227 0.0977814
9.95587 0.0973398
9.95599 0.0974682
9.95959 0.0970296
9.96427 0.0976808
9.96819 0.0975617
9.9721 0.0974397
9.97877 0.100079
9.98699 0.0982097
9.99199 0.0991804
9.99558 0.0975605
9.99911 0.0970562

