% time_sec delay_sec
1.1577 0.0575713
1.1577 0.0575713
1.25771 0.057575
1.35769 0.0575617
1.45558 0.359456
1.45767 0.0575348
1.55768 0.0575465
1.65767 0.0575333
1.75768 0.0575459
1.75827 0.359479
1.85768 0.0575447
1.95694 0.256138
1.95904 0.0588914
1.96098 0.0628486
1.96503 0.0628642
2.05704 0.150834
2.06511 0.0629366
2.06935 0.0631443
2.0732 0.0629657
2.07713 0.0628613
2.08116 0.0628557
2.08542 0.0630803
2.08926 0.0628921
2.09537 0.0629511
2.09941 0.0629535
2.10344 0.0629548
2.10747 0.0629522
2.11148 0.0629269
2.11546 0.0628666
2.11959 0.0629692
2.12357 0.0629098
2.12811 0.0634228
2.13369 0.0649629
2.13763 0.0628577
2.14224 0.0634299
2.14602 0.0631795
2.14974 0.0628658
2.15496 0.0640513
2.15906 0.0589075
2.15919 0.0630694
2.15932 0.0631978
2.16336 0.0632036
2.16772 0.0635324
2.17147 0.0632464
2.17518 0.0629292
2.18124 0.0649523
2.18547 0.0631301
2.18931 0.0629389
2.19347 0.0630667
2.1936 0.0631951
2.19852 0.0640864
2.19865 0.0642148
2.20167 0.063194
2.20541 0.062908
2.20942 0.0628787
2.21381 0.0632357
2.21746 0.0628558
2.22358 0.0649446
2.22759 0.0628996
2.23172 0.0629998
2.23569 0.0629354
2.24065 0.0638642
2.24373 0.0629085
2.24796 0.063102
2.25213 0.0632362
2.257 0.0640751
2.25912 0.0589634
2.26107 0.0629372
2.26505 0.0628808
2.27149 0.065288
2.27511 0.0628608
2.27928 0.0629955
2.28409 0.0637663
2.28806 0.0637041
2.28851 0.064152
2.29133 0.0629401
2.2953 0.0628808
2.29934 0.0628842
2.30338 0.0628905
2.30738 0.0628578
2.31376 0.0631866
2.31747 0.0628689
2.32155 0.0629064
2.32554 0.0628697
2.32567 0.0629981
2.32996 0.0632583
2.33368 0.0629422
2.33772 0.0629509
2.34205 0.0632422
2.34596 0.0631202
2.35209 0.0652119
2.35494 0.0620143
2.35904 0.0588912
2.36109 0.064975
2.36513 0.0629601
2.36936 0.063153
2.37317 0.0629292
2.37714 0.0628728
2.38115 0.0628446
2.38128 0.062973
2.3857 0.0633587
2.38935 0.0629769
2.39345 0.063046
2.39358 0.0631744
2.39935 0.0649096
2.40335 0.0628601
2.40742 0.0628975
2.41168 0.0631216
2.41578 0.0631862
2.4195 0.0628725
2.42369 0.0630354
2.42824 0.0635524
2.4317 0.062979
2.43568 0.0629226
2.44199 0.0652025
2.44584 0.0629975
2.44597 0.0631259
2.44975 0.0628744
2.455 0.064095
2.45914 0.0589822
2.45926 0.0631442
2.4633 0.063146
2.46772 0.063533
2.47112 0.0629004
2.47516 0.0629067
2.48019 0.0639027
2.4841 0.0637777
2.48948 0.0651277
2.49365 0.0632428
2.49857 0.064134
2.50171 0.0632416
2.50543 0.0629245
2.5094 0.0628602
2.51375 0.063182
2.51751 0.0628995
2.52161 0.062968
2.52552 0.062846
2.52565 0.0629744
2.53173 0.0630083
2.53564 0.0628858
2.54067 0.0638812
2.54369 0.0628634
2.54382 0.0629918
2.54792 0.0630608
2.55212 0.0632262
2.55696 0.064034
2.55911 0.0589534
2.56103 0.062896
2.56507 0.0629023
2.56927 0.0630682
2.57312 0.0628834
2.57934 0.0650689
2.58414 0.063823
2.58843 0.0640802
2.59138 0.0629967
2.59536 0.0629374
2.59943 0.0629714
2.60346 0.0629698
2.6074 0.0628788
2.6115 0.0629474
2.61746 0.0648756
2.62246 0.0638237
2.6256 0.0629303
2.62573 0.0630587
2.62996 0.0632527
2.63368 0.0629366
2.63765 0.0628752
2.64236 0.0635487
2.64601 0.0631699
2.6498 0.0629224
2.65496 0.0640497
2.65906 0.0589098
2.65919 0.0630717
2.65932 0.0632001
2.6633 0.0631437
2.66935 0.0651653
2.66948 0.0652936
2.6732 0.0629597
2.6773 0.0630278
2.68134 0.0630312
2.68556 0.0632257
2.68947 0.0631007
2.69364 0.0632325
2.6986 0.0641628
2.70174 0.0632705
2.70745 0.0649424
2.71181 0.063251
2.71578 0.0631872
2.71956 0.0629362
2.72404 0.0633835
2.72811 0.0634181
2.72824 0.0635464
2.73179 0.0630703
2.73567 0.0629167
2.74074 0.0639472
2.74369 0.0628637
2.74975 0.062873
2.75244 0.0615327
2.75914 0.0589848
2.75927 0.0643251
2.75939 0.0644535
2.7633 0.0631485
2.76766 0.0634694
2.77147 0.0632495
2.77522 0.0629675
2.78028 0.0639946
2.78406 0.0637412
2.78733 0.0629772
2.79147 0.0630774
2.79857 0.0661488
2.80171 0.0632397
2.80546 0.0629576
2.80947 0.0629284
2.81382 0.0632502
2.81747 0.0628664
2.82151 0.0628728
2.82558 0.0629102
2.82956 0.0628509
2.83565 0.0649085
2.84061 0.0638245
2.84369 0.0628689
2.84792 0.0630623
2.85209 0.0631966
2.85705 0.0641288
2.85904 0.0588887
2.8611 0.0629597
2.86507 0.0629033
2.86927 0.0630691
2.8694 0.0631975
2.87312 0.0628844
2.87732 0.0630497
2.88117 0.062862
2.88738 0.0650421
2.89129 0.0629004
2.89552 0.0630944
2.89942 0.0629694
2.90342 0.0629327
2.90739 0.0628689
2.91149 0.0629375
2.91579 0.0631966
2.91947 0.0628484
2.92572 0.0650616
2.92956 0.0628571
2.93373 0.0629889
2.9377 0.0629275
2.94244 0.0636281
2.94256 0.0637565
2.94596 0.0631209
2.94977 0.0629006
2.95497 0.064059
2.95907 0.0589191
2.95933 0.0632094
2.96334 0.0631841
2.9677 0.0635129
2.9711 0.0628802
2.97731 0.0650578
2.98122 0.062916
2.98135 0.0630444
2.9859 0.0635585
2.98955 0.0631767
2.98968 0.0633051
2.99358 0.0631801
2.99826 0.0638181
3.00165 0.0631824
3.00547 0.0629686
3.00942 0.0628772
3.01589 0.065316
3.01948 0.0628572
3.02355 0.0628946
3.02839 0.063696
3.03178 0.0630604
3.03566 0.0629028
3.04066 0.0638666
3.0438 0.0629772
3.04778 0.0629208
3.05207 0.0631834
3.05701 0.0620717
3.06734 0.0651661
3.06746 0.0652945
3.07118 0.06296
3.07522 0.0629648
3.07919 0.0629045
3.07932 0.0630329
3.08326 0.0629374
3.08726 0.0629092
3.09127 0.0628805
3.09541 0.0629836
3.09941 0.0629549
3.10537 0.064886
3.10941 0.0628706
3.11418 0.0636092
3.11754 0.062937
3.12209 0.063454
3.12562 0.0629462
3.12994 0.0632375
3.13379 0.0630498
3.1377 0.0629302
3.14383 0.065019
3.14793 0.0630713
3.15216 0.0632717
3.15707 0.0641417
3.15905 0.0589016
3.16107 0.0629375
3.16511 0.0629399
3.16934 0.0631368
3.17312 0.0628858
3.17713 0.0628606
3.17726 0.062989
3.18117 0.0628635
3.18572 0.0633775
3.18584 0.0635059
3.1895 0.0631241
3.19536 0.0649526
3.19933 0.0628766
3.20343 0.0629372
3.20749 0.0629706
3.21153 0.062977
3.21579 0.0632055
3.21948 0.0628608
3.22359 0.0629298
3.22826 0.0635752
3.23375 0.065022
3.23766 0.0628856
3.24227 0.0634653
3.24599 0.0631487
3.24977 0.0628972
3.25499 0.0640867
3.25913 0.0589739
3.25926 0.0631359
3.26336 0.0632039
3.26772 0.0635327
3.27112 0.062896
3.27519 0.0629335
3.28031 0.0640268
3.28557 0.0652484
3.28948 0.0631066
3.29364 0.0632384
3.29867 0.064227
3.30168 0.0632062
3.30549 0.0629829
3.30942 0.0628835
3.31378 0.0632094
3.3175 0.0628917
3.32355 0.0649148
3.32798 0.0632866
3.3281 0.063415
3.33172 0.0630011
3.33185 0.0631295
3.3357 0.0629407
3.34063 0.0638424
3.34371 0.0628867
3.34384 0.0630151
3.34797 0.0631153
3.35221 0.0633157
3.35702 0.0640924
3.35916 0.0590118
3.36102 0.0628882
3.36506 0.0628945
3.36936 0.0631577
3.37516 0.0649224
3.3792 0.062912
3.37933 0.0630404
3.38413 0.0638112
3.38842 0.0640685
3.39137 0.062985
3.39535 0.0629256
3.39932 0.0628663
3.39945 0.0629947
3.40339 0.0628998
3.40749 0.0629644
3.4138 0.0652398
3.41748 0.0628742
3.42152 0.0628806
3.42568 0.0630074
3.42997 0.0632675
3.43369 0.0629514
3.43382 0.0630798
3.4377 0.0629251
3.4425 0.0636959
3.44603 0.0631887
3.44616 0.0633171
3.45212 0.0652493
3.45498 0.0620518
3.45908 0.0589286
3.45921 0.0630906
3.45934 0.0632189
3.46511 0.0649561
3.46934 0.0631323
3.47318 0.0629435
3.47716 0.0628871
3.47729 0.0630155
3.48132 0.0630189
3.48555 0.0632134
3.48933 0.0629601
3.49356 0.0631575
3.49862 0.0641851
3.50337 0.0648956
3.50744 0.0629163
3.51157 0.063016
3.5117 0.0631444
3.51586 0.0632712
3.51958 0.062958
3.52381 0.063152
3.52855 0.0638601
3.53182 0.0630961
3.53567 0.0629113
3.54227 0.0654796
3.54599 0.0631462
3.54977 0.0628947
3.55499 0.0640842
3.55912 0.0589715
3.55925 0.0631334
3.56329 0.0631392
3.56342 0.0632676
3.56765 0.063464
3.57111 0.0628936
3.57518 0.062931
3.58021 0.063927
3.58412 0.063802
3.58854 0.0641877
3.59377 0.0653777
3.59828 0.0638393
3.60168 0.0632037
3.60549 0.0629804
3.60949 0.0629512
3.61388 0.0633081
3.61747 0.0628621
3.62164 0.0629968
3.62574 0.0630654
3.63173 0.0650228
3.63186 0.0651512
3.63564 0.0628835
3.64064 0.0638513
3.64372 0.0628956
3.64795 0.0630931
3.65218 0.0632935
3.65706 0.0641324
3.65917 0.0590207
3.66103 0.0628971
3.66507 0.0629035
3.6694 0.0631977
3.67312 0.0628845
3.67739 0.063116
3.68414 0.0658409
3.68844 0.0640814
3.69139 0.0629979
3.69536 0.0629346
3.69939 0.0629375
3.70336 0.0628736
3.70743 0.0629071
3.7115 0.0629446
3.7158 0.0632077
3.72153 0.0649102
3.72166 0.0650386
3.7256 0.0629269
3.72573 0.0630553
3.72961 0.0628987
3.7337 0.0629644
3.73771 0.0629341
3.74241 0.0636076
3.74254 0.063736
3.74607 0.0632288
3.74979 0.0629151
3.75498 0.0640735
3.75909 0.0589336
3.75934 0.0632239
3.76332 0.0631675
3.76768 0.0634963
3.77319 0.0649732
3.77717 0.0628961
3.77729 0.0630244
3.78133 0.0630279
3.78556 0.0632224
3.78947 0.0630974
3.79376 0.0633576
3.79859 0.0641555
3.80173 0.0632631
3.80548 0.0629776
3.81189 0.0653537
3.8158 0.063207
3.81952 0.0628933
3.82355 0.0628962
3.8281 0.0634132
3.83176 0.0630343
3.83573 0.062978
3.84061 0.0638174
3.84074 0.0639458
3.84375 0.0629279
3.84981 0.0649539
3.85282 0.0619164
3.85699 0.0620506
3.85914 0.0589828
3.86343 0.0652917
3.86766 0.0634714
3.8715 0.0632827
3.87522 0.0629695
3.87926 0.0629758
3.8842 0.063875
3.88734 0.0629827
3.89134 0.0629544
3.89551 0.0630862
3.90172 0.0652619
3.9055 0.0629947
3.90947 0.0629304
3.91418 0.0636069
3.9175 0.0628961
3.92275 0.0641148
3.92561 0.0629335
3.92958 0.0628742
3.93378 0.0630371
3.9407 0.0659307
3.94372 0.0628921
3.94794 0.0630856
3.95218 0.063286
3.95705 0.0641249
3.95917 0.0590132
3.96109 0.0629519
3.96513 0.0629577
3.96942 0.0632208
3.97314 0.0629076
3.97715 0.0628824
3.98126 0.0629514
3.9858 0.0634655
3.99138 0.0650066
3.99535 0.0629305
3.99939 0.0629334
4.00345 0.0629629
4.00749 0.062967
4.01153 0.0629733
4.01579 0.0631974
4.0196 0.062981
4.02364 0.0629873
4.02998 0.0652943
4.0337 0.0629615
4.03768 0.062904
4.04229 0.0634803
4.04242 0.0636087
4.04575 0.0629103
4.04979 0.0629151
4.05504 0.0641357
4.06742 0.0632311
4.07111 0.0628863
4.07522 0.0629613
4.08124 0.0649522
4.08547 0.0631329
4.08932 0.0629452
4.09345 0.0630449
4.09834 0.0639029
4.10142 0.0629478
4.10539 0.0628864
4.10943 0.0628917
4.11379 0.0632176
4.11952 0.0649191
4.12363 0.0629714
4.12818 0.0634884
4.13177 0.0630434
4.1357 0.0629479
4.14067 0.0638806
4.14378 0.0629561
4.14801 0.0631496
4.15214 0.0632527
4.15227 0.0633811
4.15702 0.0640916
4.15913 0.0589799
4.16106 0.0629225
4.16516 0.0629945
4.17116 0.0649539
4.17519 0.0629395
4.17936 0.0630742
4.1842 0.0638761
4.18849 0.0641334
4.19134 0.0629526
4.19541 0.0629871
4.19554 0.0631155
4.19948 0.0630216
4.20339 0.0628996
4.20957 0.065046
4.2138 0.0632267
4.21761 0.0630064
4.22152 0.0628843
4.22165 0.0630127
4.22562 0.0629489
4.2296 0.0628896
4.23379 0.0630525
4.23771 0.0629328
4.24219 0.0633842
4.24803 0.0651845
4.25213 0.0632397
4.25498 0.062059
4.25909 0.0589358
4.26108 0.0649574
4.26511 0.062943
4.26937 0.0631671
4.27318 0.0629472
4.27716 0.0628909
4.2812 0.0628938
4.28575 0.0634078
4.28953 0.0631544
4.29382 0.0634146
4.29427 0.0638625
4.29936 0.0649241
4.29949 0.0650525
4.30339 0.0629058
4.30747 0.0629432
4.31157 0.0630118
4.3117 0.0631402
4.31573 0.0631386
4.31958 0.0629538
4.32358 0.0629256
4.32826 0.0635709
4.33179 0.0630637
4.33769 0.0649292
4.33781 0.0650576
4.34204 0.0632354
4.34611 0.0632728
4.3499 0.0630213
4.35499 0.0640824
4.35915 0.0590008
4.35928 0.0631627
4.36332 0.0631646
4.36774 0.0635556
4.37114 0.0629229
4.37518 0.0629292
4.38021 0.0639252
4.38034 0.0640536
4.38425 0.0639286
4.38938 0.0650219
4.3895 0.0651503
4.39367 0.0632653
4.39866 0.0642187
4.40167 0.063198
4.4018 0.0633264
4.40548 0.0629747
4.40942 0.0628832
4.40955 0.0630116
4.41378 0.0632051
4.4175 0.0628914
4.42163 0.0629916
4.42766 0.0649836
4.43176 0.0630319
4.43188 0.0631603
4.43567 0.0629093
4.4407 0.0639048
4.44374 0.062918
4.44797 0.0631155
4.45221 0.0633159
4.45701 0.0640886
4.45913 0.0589769
4.46106 0.0629195
4.4651 0.0629254
4.46939 0.0631885
4.47324 0.0630037
4.47936 0.0650919
4.48417 0.063846
4.48846 0.0641032
4.49128 0.0628914
4.49538 0.0629604
4.49935 0.0628977
4.49948 0.063026
4.50338 0.062896
4.50742 0.0628984
4.51152 0.062967
4.51761 0.0650236
4.52152 0.0628848
4.52165 0.0630132
4.52575 0.0630777
4.52998 0.0632717
4.5337 0.0629556
4.53768 0.0629022
4.54241 0.0636068
4.54254 0.0637352
4.5462 0.0633564
4.54976 0.0628832
4.54989 0.0630116
4.55501 0.0641038
4.55912 0.0589639
4.55925 0.0631259
4.56367 0.0635174
4.56947 0.0652821
4.57319 0.0629522
4.57726 0.0629891
4.58142 0.0631209
4.58552 0.0631871
4.58943 0.0630621
4.59363 0.063225
4.59859 0.0641553
4.60173 0.0632629
4.60747 0.064966
4.61183 0.0632745
4.61573 0.0631445
4.61958 0.0629598
4.62407 0.0634111
4.62855 0.0638624
4.63179 0.0630633
4.6357 0.0629407
4.64076 0.0639713
4.64611 0.0652897
4.64624 0.0654181
4.64986 0.0629903
4.65288 0.0619696
4.65913 0.0589738
4.65938 0.0644425
4.66342 0.0632659
4.66768 0.0634895
4.67117 0.0629501
4.67524 0.0629876
4.68017 0.0638863
4.6803 0.0640147
4.68395 0.0636329
4.68408 0.0637613
4.68735 0.0629973
4.69149 0.0630975
4.69862 0.0662
4.69875 0.0663284
4.70176 0.0632909
4.70539 0.0628804
4.70551 0.0630088
4.70948 0.0629445
4.71419 0.063617
4.71749 0.062887
4.72211 0.0634667
4.72255 0.0639146
4.72563 0.062959
4.72961 0.0628997
4.73566 0.0649222
4.73579 0.0650506
4.74066 0.0638733
4.74374 0.0629177
4.74794 0.06308
4.75217 0.0632804
4.75707 0.0641504
4.75919 0.0590387
4.76111 0.0629774
4.76509 0.062921
4.76942 0.0632152
4.77314 0.0629021
4.77734 0.0630674
4.78118 0.0628797
4.7874 0.0650598
4.79131 0.0629181
4.79537 0.0629521
4.79941 0.062955
4.80344 0.0629534
4.80741 0.0628896
4.81151 0.0629581
4.81568 0.0630889
4.81581 0.0632173
4.81959 0.0629663
4.82577 0.0651143
4.83 0.0632921
4.83372 0.062976
4.83772 0.0629457
4.84255 0.0637476
4.84601 0.0631742
4.84614 0.0633026
4.84983 0.0629539
4.85499 0.0640811
4.85909 0.0589413
4.85935 0.0632316
4.86371 0.0635569
4.86769 0.0635005
4.87154 0.0633157
4.87727 0.0650183
4.88131 0.0630049
4.88554 0.0631995
4.88945 0.0630745
4.89361 0.0632063
4.89829 0.0638482
4.89841 0.0639766
4.90168 0.0632126
4.9055 0.0629932
4.90944 0.0629018
4.91582 0.0652433
4.91954 0.0629129
4.92367 0.0630131
4.92818 0.063495
4.93174 0.0630188
4.93565 0.0628963
4.94065 0.0638601
4.94376 0.0629356
4.94786 0.0630047
4.94799 0.063133
4.95248 0.0635863
4.95703 0.0620894
4.95915 0.0589945
4.96107 0.0629371
4.96777 0.0655976
4.97116 0.0629442
4.97517 0.0629155
4.97934 0.0630502
4.98417 0.0638521
4.98751 0.0631509
4.99135 0.0629631
4.99539 0.0629666
4.99552 0.0630949
4.99962 0.0631606
5.00546 0.0649672
5.00943 0.06289
5.01388 0.0633092
5.01756 0.0629565
5.0216 0.0629623
5.02564 0.0629647
5.02961 0.0629054
5.03378 0.0630372
5.03776 0.0629837
5.04375 0.0649441
5.04388 0.0650725
5.04788 0.0630264
5.05228 0.0633863
5.05702 0.0640929
5.05715 0.0642213
5.06516 0.0629878
5.06949 0.0632815
5.07317 0.0629362
5.07718 0.0629099
5.08122 0.0629163
5.08548 0.0631448
5.08936 0.0629882
5.09535 0.0649436
5.09945 0.0629959
5.10345 0.0629582
5.10752 0.0629946
5.11149 0.0629382
5.1155 0.0629089
5.11954 0.0629143
5.1237 0.0630461
5.12825 0.063563
5.13373 0.0650098
5.13771 0.0629356
5.13784 0.063064
5.14207 0.0632586
5.14614 0.063296
5.14992 0.0630445
5.15508 0.0641718
5.15915 0.0589969
5.15928 0.0631588
5.16335 0.0631957
5.16777 0.0635867
5.17114 0.062919
5.17521 0.0629564
5.18037 0.0640808
5.18562 0.0653024
5.18953 0.0631607
5.19379 0.0633858
5.19868 0.064242
5.20169 0.0632212
5.20182 0.0633496
5.20541 0.0629001
5.20553 0.0630285
5.20947 0.062929
5.21418 0.0636055
5.21757 0.0629689
5.22363 0.0649914
5.22805 0.0633632
5.22818 0.0634916
5.2319 0.063175
5.23577 0.0630134
5.24071 0.063915
5.24375 0.0629283
5.24801 0.0631529
5.25215 0.063256
5.25228 0.0633844
5.25705 0.064126
5.2592 0.0590454
5.26106 0.0629218
5.2651 0.0629282
5.26946 0.0632535
5.27522 0.0649872
5.27942 0.0631362
5.28423 0.063907
5.28852 0.0641643
5.29134 0.0629524
5.29551 0.0630842
5.29595 0.0635321
5.29935 0.0628965
5.29948 0.0630249
5.30339 0.0628989
5.30749 0.0629634
5.31383 0.0652699
5.31395 0.0653983
5.31751 0.0629044
5.32257 0.063932
5.32567 0.0629995
5.32961 0.0629056
5.33378 0.0630374
5.33391 0.0631658
5.33769 0.0629138
5.33782 0.0630422
5.34256 0.0637503
5.34621 0.0633715
5.35214 0.0652686
5.35227 0.065397
5.355 0.062071
5.3591 0.0589479
5.35936 0.0632382
5.3651 0.0649448
5.36945 0.0632493
5.37317 0.0629362
5.37728 0.0630082
5.38132 0.0630116
5.38557 0.0632372
5.38935 0.0629839
5.39359 0.0631813
5.39864 0.0642049
5.40341 0.0649426
5.40745 0.0629321
5.41168 0.0631291
5.41566 0.0630698
5.41954 0.0629161
5.42383 0.0631763
5.42825 0.0635649
5.43178 0.0630577
5.43576 0.0630013
5.44229 0.0655028
5.44242 0.0656312
5.44601 0.0631695
5.44992 0.0630464
5.45502 0.0641075
5.45912 0.0589636
5.45937 0.0632539
5.46376 0.0636064
5.4678 0.0636122
5.47155 0.0633302
5.47517 0.0629197
5.48017 0.0638846
5.48408 0.0637596
5.48844 0.0640825
5.49379 0.0654009
5.49862 0.0641821
5.50176 0.0632897
5.50545 0.0629415
5.50951 0.0629744
5.51381 0.0632341
5.51393 0.0633625
5.51752 0.0629165
5.52214 0.0634962
5.52569 0.0630195
5.53191 0.0652026
5.53569 0.0629349
5.54069 0.0639027
5.54386 0.0630404
5.54797 0.0631095
5.5481 0.0632378
5.5522 0.0633099
5.55707 0.0641448
5.55919 0.0590331
5.56114 0.0630068
5.56512 0.0629504
5.56945 0.0632446
5.57317 0.0629315
5.57734 0.0630657
5.58419 0.0658878
5.58848 0.0641283
5.5913 0.0629164
5.59537 0.0629504
5.59944 0.0629844
5.60341 0.0629246
5.60745 0.062923
5.61158 0.0630226
5.61584 0.0632507
5.62257 0.0659433
5.62577 0.0630954
5.62961 0.0629077
5.63006 0.0633556
5.63371 0.0629733
5.63769 0.0629159
5.63782 0.0630442
5.64221 0.0633983
5.64615 0.0633073
5.64984 0.0629625
5.65503 0.0641209
5.6591 0.058946
5.65936 0.0632363
5.66368 0.0635305
5.66766 0.0634741
5.67318 0.064955
5.67728 0.0630062
5.68131 0.0630096
5.68144 0.063138
5.68599 0.0636521
5.68964 0.0632703
5.69381 0.0634021
5.69864 0.064204
5.69877 0.0643324
5.70178 0.0633116
5.70544 0.0629323
5.71194 0.0653977
5.71572 0.0631271
5.71584 0.0632555
5.71956 0.0629423
5.71969 0.0630707
5.7236 0.0629457
5.72815 0.0634627
5.73181 0.0630839
5.73194 0.0632123
5.73572 0.0629613
5.74072 0.0639291
5.7438 0.0629735
5.74986 0.0649995
5.75287 0.061962
5.75701 0.0620651
5.75912 0.0589701
5.76374 0.0656026
5.76774 0.0635565
5.77153 0.0633056
5.77525 0.0629924
5.77929 0.0629988
5.78422 0.063898
5.78736 0.0630056
5.79137 0.0629774
5.79553 0.0631092
5.80164 0.0651876
5.80177 0.0653159
5.80546 0.0629515
5.80946 0.0629222
5.80959 0.0630506
5.81385 0.0632792
5.81757 0.0629615
5.82212 0.0634785
5.82564 0.0629668
5.82961 0.0629074
5.83381 0.0630703
5.8408 0.0660228
5.84375 0.062922
5.84387 0.0630504
5.8481 0.0632438
5.85214 0.0632497
5.85227 0.0633781
5.85701 0.0640846
5.85913 0.0589729
5.86111 0.0629777
5.86515 0.0629801
5.86945 0.0632432
5.87317 0.06293
5.87724 0.062967
5.88121 0.0629077
5.88589 0.0635501
5.89133 0.0649628
5.89595 0.0635258
5.89947 0.0630186
5.90344 0.0629508
5.9075 0.0629803
5.91154 0.0629866
5.91167 0.063115
5.9158 0.0632152
5.91959 0.0629677
5.92395 0.0632906
5.92408 0.063419
5.92962 0.064928
5.93007 0.0653759
5.93372 0.0629768
5.93782 0.0630478
5.94208 0.0632734
5.94612 0.0632798
5.94981 0.062935
5.94994 0.0630634
5.955 0.0640934
5.95911 0.0589535
5.95936 0.0632438
5.96372 0.0635692
5.96763 0.0634466
5.97119 0.0629734
5.97523 0.0629798
5.98138 0.0650962
5.98561 0.0632739
5.98952 0.0631489
5.99381 0.0634052
5.99867 0.0642342
6.00169 0.0632134
6.00181 0.0633418
6.00553 0.0630266
6.00951 0.0629662
6.01386 0.0632921
6.01954 0.0649319
6.01967 0.0650603
6.02358 0.0629214
6.02813 0.0634384
6.03178 0.0630556
6.03191 0.063184
6.03569 0.0629291
6.04072 0.063928
6.0438 0.0629724
6.04784 0.0629782
6.05219 0.063303
6.05707 0.0641419
6.06512 0.0629475
6.07117 0.0649685
6.07518 0.0629254
6.07966 0.0633752
6.08392 0.0635998
6.08735 0.0629948
6.09132 0.0629355
6.09536 0.0629373
6.09549 0.0630657
6.0994 0.0629402
6.10347 0.0629766
6.10948 0.064962
6.11384 0.0632711
6.11753 0.0629258
6.12214 0.0635055
6.12563 0.0629587
6.13005 0.0633473
6.13386 0.0631245
6.13775 0.0629738
6.14255 0.0637446
6.14812 0.0652842
6.15226 0.0633705
6.15502 0.0620925
6.15915 0.0590004
6.16108 0.0649558
6.16511 0.0629414
6.1695 0.0632979
6.17319 0.0629496
6.17723 0.0629555
6.18123 0.0629273
6.18578 0.0634413
6.18591 0.0635697
6.18956 0.0631879
6.1943 0.063896
6.19949 0.0650549
6.20343 0.0629393
6.20749 0.0629727
6.21179 0.0632359
6.21576 0.0631721
6.21961 0.0629873
6.22362 0.0629591
6.22858 0.0638889
6.23185 0.0631249
6.23772 0.0649592
6.23784 0.0650876
6.24207 0.0632654
6.24605 0.0632056
6.24617 0.0633339
6.24993 0.0630514
6.25502 0.0641125
6.25919 0.0590348
6.25932 0.0631967
6.26377 0.0636154
6.26771 0.0635239
6.27117 0.0629534
6.27524 0.0629909
6.28024 0.0639558
6.28037 0.0640842
6.28415 0.0638308
6.28941 0.0650524
6.28954 0.0651808
6.2937 0.0632959
6.29866 0.0642182
6.3018 0.0633258
6.30548 0.0629736
6.30948 0.0629444
6.31381 0.0632351
6.31755 0.0629486
6.32258 0.0639446
6.32803 0.0653602
6.33191 0.0631864
6.33579 0.0630287
6.34078 0.0639931
6.3438 0.0629752
6.34803 0.0631727
6.35226 0.0633731
6.35711 0.0641809
6.35913 0.0589719
6.36108 0.0629456
6.36512 0.062952
6.36935 0.0631489
6.36948 0.0632773
6.3732 0.0629641
6.38031 0.066042
6.38422 0.0639002
6.38851 0.0641575
6.39133 0.0629456
6.3955 0.0630774
6.3995 0.0630492
6.40341 0.0629232
6.40745 0.0629255
6.41155 0.0629941
6.41754 0.0649539
6.41767 0.0650823
6.4226 0.0639648
6.42568 0.0630051
6.43003 0.0633275
6.43375 0.0630075
6.43772 0.0629501
6.43785 0.0630784
6.44221 0.0634014
6.44625 0.0634077
6.44987 0.0629967
6.45503 0.0641201
6.45913 0.0589802
6.45926 0.0631421
6.46369 0.0635336
6.46945 0.0652673
6.47317 0.0629373
6.47724 0.0629743
6.48141 0.063106
6.48564 0.0633006
6.48942 0.0630472
6.48955 0.0631756
6.49358 0.063179
6.49371 0.0633074
6.49864 0.0642026
6.50178 0.0633102
6.50745 0.0649466
6.51188 0.0633213
6.51585 0.0632575
6.51957 0.0629444
6.52373 0.0630762
6.52828 0.0635931
6.53181 0.0630859
6.53579 0.0630295
6.54085 0.0640601
6.54617 0.0653469
6.54989 0.0630164
6.5529 0.0619956
6.55912 0.0589687
6.55938 0.0644374
6.56373 0.0635804
6.5677 0.0635161
6.56783 0.0636445
6.5712 0.0629767
6.5752 0.062948
6.58033 0.0640412
6.58411 0.0637879
6.58738 0.0630239
6.59157 0.0631868
6.59864 0.0662232
6.60166 0.0631856
6.60179 0.063314
6.60547 0.0629623
6.6095 0.0629642
6.61421 0.0636367
6.61754 0.0629338
6.62215 0.063513
6.62565 0.0629742
6.62962 0.0629149
6.63571 0.0649685
6.63584 0.0650969
6.64071 0.0639196
6.64389 0.0630612
6.64798 0.0631224
6.64811 0.0632507
6.65221 0.0633228
6.65708 0.0641577
6.6592 0.059046
6.66112 0.0629846
6.66516 0.062991
6.66949 0.0632852
6.67317 0.0629369
6.67724 0.0629739
6.67737 0.0631023
6.68122 0.0629146
6.68839 0.0660532
6.69134 0.062953
6.69589 0.0634665
6.69941 0.0629593
6.70348 0.0629888
6.70745 0.062925
6.70758 0.0630534
6.71155 0.0629935
6.71578 0.063191
6.71963 0.0630062
6.72568 0.0650248
6.73004 0.0633309
6.73375 0.0630149
6.73773 0.0629535
6.74221 0.0634048
6.74619 0.0633449
6.74984 0.0629651
6.75503 0.0641235
6.75914 0.0589836
6.75927 0.0631455
6.76375 0.0635992
6.76766 0.0634767
6.77122 0.0630035
6.77724 0.0649905
6.78141 0.0631055
6.78564 0.0633
6.78955 0.063175
6.79358 0.0631784
6.79371 0.0633068
6.79864 0.0642021
6.80165 0.0631813
6.80178 0.0633097
6.80547 0.0629614
6.80947 0.0629322
6.81585 0.0652737
6.81957 0.0629438
6.8236 0.0629472
6.82373 0.0630756
6.82815 0.0634642
6.82828 0.0635926
6.83181 0.0630854
6.83569 0.0629317
6.84075 0.0639622
6.8438 0.0629755
6.84803 0.0631729
6.85249 0.063595
6.85704 0.0620942
6.85915 0.0589993
6.86108 0.0629419
6.86777 0.0656024
6.87117 0.062949
6.87524 0.0629825
6.8803 0.0640096
6.88421 0.0638846
6.8885 0.0641419
6.89132 0.06293
6.89548 0.0630618
6.89952 0.0630652
6.90548 0.0649944
6.90946 0.0629213
6.91417 0.0635977
6.91756 0.0629571
6.9216 0.0629635
6.92564 0.0629658
6.92964 0.0629376
6.93384 0.0631005
6.93779 0.063012
6.94388 0.0650697
6.94798 0.063118
6.9481 0.0632464
6.95227 0.0633806
6.95704 0.0641182
6.95916 0.0590065
6.96108 0.0629452
6.96515 0.0629826
6.96938 0.0631796
6.96951 0.0633079
6.97317 0.0629286
6.97727 0.0630006
6.98125 0.0629413
6.98579 0.0634553
6.98957 0.0632019
6.99537 0.0649683
6.99948 0.0630206
7.00344 0.0629528
7.00748 0.0629616
7.01152 0.062968
7.01572 0.0631298
7.01585 0.0632582
7.01956 0.0629406
7.02363 0.062978
7.02856 0.0638727
7.03375 0.0650316
7.03786 0.0630858
7.04209 0.0632804
7.04587 0.0630294
7.04994 0.0630693
7.0551 0.0641966
7.0678 0.0636154
7.0712 0.0629788
7.07521 0.0629564
7.07976 0.0634724
7.08549 0.065172
7.08562 0.0653004
7.08934 0.0629675
7.09353 0.0631294
7.09868 0.0642447
7.10147 0.0630012
7.10548 0.0629709
7.10948 0.0629412
7.11384 0.063267
7.11762 0.0630111
7.12361 0.064968
7.12816 0.0634682
7.13194 0.0632138
7.13572 0.0629588
7.14078 0.0639894
7.14386 0.0630342
7.14799 0.0631344
7.14812 0.0632628
7.15226 0.0633659
7.15706 0.0641386
7.15921 0.059058
7.1611 0.0629656
7.16514 0.0629679
7.16937 0.0631649
7.17523 0.0649958
7.17536 0.0651242
7.1794 0.0631138
7.18421 0.0638846
7.1885 0.0641419
7.19132 0.06293
7.19593 0.0635097
7.19939 0.0629368
7.19952 0.0630652
7.20346 0.0629703
7.20746 0.0629415
7.21396 0.0654075
7.21755 0.0629447
7.22261 0.0639723
7.22568 0.0630087
7.22966 0.0629494
7.23382 0.0630812
7.23395 0.0632096
7.2378 0.0630238
7.2426 0.0637946
7.24629 0.0634468
7.25228 0.0654101
7.25504 0.0621153
7.25918 0.0590233
7.2593 0.0631852
7.26513 0.0649811
7.26949 0.0632857
7.27321 0.0629725
7.27725 0.0629783
7.28141 0.0631101
7.28564 0.0633046
7.28942 0.0630513
7.29384 0.0634399
7.29858 0.0641445
7.30345 0.0649794
7.30749 0.0629655
7.31178 0.0632286
7.31572 0.0631337
7.3196 0.0629801
7.32377 0.0631119
7.32828 0.0635938
7.33181 0.0630865
7.33569 0.0629329
7.33582 0.0630613
7.3421 0.0653061
7.34617 0.0633267
7.34995 0.0630753
7.35504 0.0641364
7.35914 0.0589885
7.3594 0.0632788
7.36379 0.0636353
7.3677 0.0635087
7.37158 0.0633551
7.37519 0.0629407
7.38035 0.064065
7.38413 0.0638116
7.38743 0.0630788
7.38852 0.0641657
7.39371 0.0653246
7.39867 0.0642302
7.40168 0.0632094
7.40181 0.0633378
7.40546 0.0629545
7.40953 0.0629874
7.41385 0.0632782
7.41757 0.0629605
7.42215 0.0635086
7.42574 0.0630631
7.43195 0.0652462
7.4357 0.0629474
7.44074 0.0639463
7.44378 0.0629556
7.44801 0.063153
7.44814 0.0632814
7.45228 0.0633845
7.45708 0.0641572
7.4592 0.0590455
7.46112 0.0629882
7.46513 0.0629594
7.46949 0.0632848
7.4732 0.0629676
7.47734 0.0630707
7.4842 0.0658929
7.48849 0.0641333
7.49144 0.0630498
7.49592 0.0634972
7.49944 0.06299
7.50345 0.0629612
7.50748 0.0629596
7.51155 0.0629971
7.51565 0.0630616
7.5226 0.06598
7.52568 0.0630036
7.52965 0.0629443
7.5301 0.0633922
7.53375 0.0630099
7.53772 0.0629485
7.53785 0.0630769
7.54221 0.0633998
7.54618 0.06334
7.54987 0.0629952
7.55506 0.0641536
7.55916 0.0590098
7.55929 0.0631717
7.56365 0.063493
7.56769 0.0634989
7.5732 0.0649757
7.57724 0.0629648
7.5814 0.0630966
7.58563 0.0632911
7.58941 0.0630377
7.58954 0.0631661
7.59373 0.063329
7.59866 0.0642243
7.60168 0.0632035
7.6018 0.0633319
7.60549 0.0629836
7.61183 0.0652936
7.61196 0.065422
7.61587 0.0632797
7.61969 0.0630633
7.62359 0.0629383
7.62815 0.0634553
7.6318 0.0630765
7.63193 0.0632049
7.63577 0.0630161
7.64074 0.0639494
7.64382 0.0629937
7.64991 0.0650509
7.65292 0.0620133
7.65706 0.0621164
7.65924 0.0590837
7.66376 0.0656188
7.66779 0.0636039
7.67122 0.0629984
7.67522 0.0629696
7.67926 0.062976
7.68423 0.0639063
7.68737 0.0630139
7.69153 0.0631457
7.69589 0.0634686
7.70168 0.0652275
7.70547 0.0629603
7.7095 0.0629621
7.71418 0.0636075
7.7176 0.062998
7.72215 0.063515
7.72565 0.0629722
7.73007 0.0633607
7.73385 0.0631068
7.74074 0.0659654
7.74378 0.0629579
7.74814 0.0632798
7.75218 0.0632856
7.7523 0.063414
7.75708 0.0641517
7.75919 0.05904
7.76112 0.0629826
7.76516 0.0629889
7.76946 0.063252
7.77321 0.06297
7.77725 0.0629758
7.78125 0.0629476
7.78593 0.06359
7.79137 0.0650028
7.79589 0.0634684
7.79942 0.0629612
7.80345 0.0629596
7.80751 0.0629891
7.81168 0.0631238
7.81572 0.0631267
7.81963 0.0630042
7.82363 0.062976
7.82965 0.0649635
7.8301 0.0654114
7.83375 0.0630123
7.83773 0.0629549
7.83786 0.0630833
7.84208 0.0632778
7.84612 0.0632841
7.84984 0.0629705
7.85513 0.0642261
7.85914 0.058989
7.85927 0.0631509
7.86376 0.0636046
7.86767 0.0634821
7.87119 0.0629738
7.87527 0.0630112
7.88148 0.0651938
7.88558 0.0632432
7.88571 0.0633716
7.88949 0.0631182
7.89369 0.0632811
7.8987 0.0642657
7.90172 0.0632449
7.90185 0.0633733
7.90546 0.0629589
7.9095 0.0629647
7.91418 0.0636101
7.91956 0.064958
7.91969 0.0650864
7.9236 0.0629447
7.92818 0.0634927
7.9318 0.0630788
7.93193 0.0632072
7.93571 0.0629523
7.94077 0.0639828
7.94385 0.0630277
7.94805 0.0631901
7.95218 0.0632932
7.95231 0.0634216
7.95709 0.0641632
7.9592 0.0590515
7.96116 0.0630252
7.9652 0.0630316
7.97119 0.0629702
7.97523 0.0629725
7.97939 0.0631073
7.9842 0.0638781
7.98849 0.0641353
7.99134 0.0629545
7.99544 0.0630202
7.99941 0.0629574
8.00348 0.0629909
8.00951 0.0649879
8.01387 0.0632969
8.01768 0.0630766
8.02166 0.0630173
8.02565 0.0629806
8.03008 0.0633691
8.03389 0.0631464
8.0378 0.0630228
8.04222 0.0634113
8.04789 0.0650512
8.05225 0.0633592
8.05507 0.0621473
8.06513 0.0629607
8.06949 0.063286
8.07331 0.0630691
8.07731 0.0630428
8.08132 0.0630141
8.08548 0.0631454
8.08942 0.063051
8.09368 0.063279
8.09951 0.0650754
8.10348 0.0629898
8.10751 0.0629911
8.11162 0.0630631
8.11175 0.0631915
8.11559 0.0629988
8.1196 0.0629735
8.12411 0.0634559
8.1286 0.0639072
8.13187 0.0631432
8.13773 0.0649776
8.13786 0.065106
8.14241 0.0636033
8.14619 0.0633529
8.14984 0.062969
8.15506 0.0641545
8.15917 0.0590147
8.1593 0.0631766
8.15942 0.063305
8.16375 0.0635992
8.16773 0.0635428
8.17122 0.0630035
8.17526 0.0630098
8.18039 0.0641031
8.18417 0.0638497
8.18943 0.0630546
8.19372 0.0633148
8.19871 0.0642682
8.20172 0.0632474
8.2055 0.0629925
8.2095 0.0629633
8.21408 0.0635113
8.21421 0.0636397
8.21758 0.062972
8.22216 0.0635201
8.22809 0.0654148
8.23184 0.0631125
8.23196 0.0632409
8.23577 0.063017
8.24074 0.0639503
8.24379 0.0629635
8.24808 0.0632232
8.25218 0.0632912
8.25705 0.0641301
8.2592 0.0590495
8.26112 0.0629882
8.26516 0.0629906
8.26939 0.0631875
8.27522 0.0649873
8.27942 0.0631364
8.28423 0.0639072
8.28852 0.0641645
8.29134 0.0629526
8.29583 0.0634039
8.29941 0.0629589
8.30348 0.0629924
8.30749 0.0629636
8.31162 0.0630633
8.31767 0.0650848
8.32261 0.0639672
8.32571 0.0630348
8.33 0.063295
8.33378 0.0630411
8.33779 0.0630187
8.3426 0.0637895
8.34625 0.0634107
8.34994 0.0630659
8.35507 0.0641621
8.35921 0.0590533
8.35933 0.0632153
8.36523 0.0650773
8.36949 0.0632846
8.3732 0.0629595
8.37724 0.0629653
8.38153 0.0632255
8.38563 0.0632917
8.38941 0.0630383
8.3937 0.0632985
8.39383 0.0634269
8.39803 0.0635898
8.40175 0.0632737
8.40751 0.0629871
8.41181 0.0632502
8.41574 0.0631553
8.41962 0.0630016
8.42379 0.0631334
8.42821 0.063522
8.4319 0.0631743
8.43578 0.0630206
8.44074 0.0639539
8.44619 0.0653656
8.44984 0.062969
8.45506 0.0641545
8.45916 0.0590027
8.45941 0.063293
8.46377 0.0636144
8.46771 0.0635229
8.47124 0.0630186
8.47531 0.0630521
8.4803 0.064017
8.48396 0.0636352
8.48742 0.0630623
8.4937 0.0653082
8.49868 0.0642448
8.5017 0.0632241
8.50557 0.0630664
8.50954 0.0630021
8.51422 0.0636475
8.51759 0.0629797
8.52217 0.0635278
8.52566 0.062985
8.52579 0.0631134
8.53008 0.0633736
8.53572 0.0649793
8.54081 0.0640242
8.5438 0.0629713
8.54803 0.0631687
8.55226 0.0633691
8.55707 0.0641418
8.55918 0.0590301
8.56111 0.0629728
8.56515 0.0629791
8.56938 0.063176
8.56951 0.0633044
8.57323 0.0629913
8.57736 0.0630944
8.58409 0.0657881
8.58742 0.0630701
8.59146 0.0630735
8.59591 0.0634897
8.59944 0.0629825
8.60347 0.0629849
8.60751 0.0629833
8.61158 0.0630207
8.61567 0.0630853
8.61962 0.0629938
8.6257 0.0630273
8.62967 0.062968
8.63377 0.0630336
8.63775 0.0629722
8.64223 0.0634235
8.6463 0.063461
8.64989 0.0630189
8.65505 0.0641462
8.65919 0.0590334
8.65931 0.0631953
8.66364 0.0634896
8.66771 0.0635265
8.67319 0.0649683
8.67723 0.0629573
8.68139 0.0630891
8.68152 0.0632175
8.68562 0.0632837
8.6894 0.0630303
8.68953 0.0631587
8.69376 0.0633527
8.69869 0.0642479
8.7017 0.0632271
8.70554 0.0630384
8.71182 0.0652861
8.71589 0.0633034
8.71958 0.0629586
8.72362 0.062962
8.72817 0.0634789
8.7283 0.0636073
8.73182 0.0631001
8.73583 0.0630748
8.74067 0.0638797
8.7408 0.0640081
8.74388 0.063053
8.74794 0.063087
8.75295 0.0640543
8.75705 0.0621095
8.7592 0.0590457
8.76378 0.065639
8.76778 0.063593
8.77118 0.0629564
8.77522 0.0629627
8.7799 0.0636081
8.78425 0.063931
8.78739 0.0630386
8.79143 0.063038
8.79546 0.0630414
8.80174 0.0652873
8.80549 0.0629884
8.8095 0.0629592
8.81386 0.063285
8.81757 0.0629674
8.82161 0.0629737
8.82565 0.0629766
8.83007 0.0633652
8.83388 0.0631424
8.8378 0.0630228
8.84388 0.0630607
8.84802 0.0631609
8.85225 0.0633613
8.85709 0.0641612
8.8592 0.0590494
8.86109 0.062957
8.86513 0.0629633
8.86949 0.0632887
8.87324 0.0630066
8.87722 0.0629502
8.88126 0.0629536
8.88581 0.0634677
8.88593 0.0635961
8.89138 0.0650088
8.8959 0.0634745
8.89942 0.0629672
8.90345 0.0629656
8.90752 0.0629951
8.91159 0.0630326
8.91559 0.0630044
8.91963 0.0630102
8.92364 0.062982
8.93001 0.0653201
8.93379 0.0630494
8.93773 0.0629609
8.93786 0.0630893
8.94241 0.0636033
8.94619 0.0633529
8.94985 0.062973
8.95514 0.0642287
8.95918 0.0590226
8.9593 0.0631846
8.96366 0.0635099
8.96379 0.0636383
8.9677 0.0635118
8.97122 0.0630035
8.97526 0.0630098
8.98148 0.0651924
8.98558 0.0632418
8.98571 0.0633702
8.98949 0.0631168
8.99372 0.0633108
8.99861 0.064167
9.00175 0.0632746
9.0055 0.0629947
9.00954 0.0629966
9.01389 0.0633224
9.0196 0.0649894
9.0237 0.0630417
9.02825 0.0635587
9.03184 0.0631137
9.03578 0.0630182
9.04077 0.0639826
9.04382 0.0629958
9.04395 0.0631242
9.04812 0.063259
9.05222 0.063327
9.05712 0.064197
9.06517 0.0629987
9.07131 0.0651095
9.07522 0.0629652
9.07961 0.0633216
9.07974 0.06345
9.0839 0.0635813
9.08743 0.0630736
9.0914 0.0630142
9.09541 0.062989
9.09951 0.063058
9.10355 0.0630594
9.10954 0.0650137
9.11421 0.0636423
9.11768 0.0630713
9.12216 0.0635226
9.12565 0.0629758
9.13007 0.0633644
9.13379 0.0630483
9.13392 0.0631767
9.13786 0.0630882
9.1426 0.0637962
9.14613 0.063289
9.15216 0.0632667
9.15229 0.063395
9.15511 0.0621832
9.15918 0.0590249
9.16123 0.0651088
9.16514 0.062966
9.16946 0.0632562
9.17324 0.0630053
9.17735 0.0630773
9.18151 0.0632091
9.18593 0.0635947
9.18946 0.0630846
9.18958 0.063213
9.1942 0.0637927
9.19945 0.0650138
9.20348 0.0629954
9.20752 0.0629983
9.21175 0.0631952
9.21569 0.0630963
9.2196 0.0629772
9.22377 0.063109
9.2286 0.0639104
9.23187 0.0631464
9.23777 0.0650119
9.24213 0.0633181
9.24623 0.0633866
9.24991 0.0630339
9.25516 0.0642545
9.25917 0.0590173
9.25943 0.0633076
9.26376 0.0636019
9.26773 0.0635455
9.27126 0.0630412
9.2753 0.0630436
9.28036 0.0640707
9.28427 0.0639457
9.28952 0.0651673
9.29369 0.0632824
9.29861 0.0641736
9.29874 0.064302
9.30175 0.0632812
9.30553 0.0630263
9.30954 0.062997
9.31421 0.0636424
9.31761 0.0630058
9.32219 0.0635538
9.32264 0.0640017
9.32812 0.0654485
9.33196 0.0632396
9.33575 0.0629886
9.34081 0.0640186
9.34389 0.0630635
9.34812 0.063261
9.35219 0.0632979
9.35716 0.0642341
9.35928 0.0591224
9.36117 0.0630299
9.36517 0.0630012
9.3694 0.0631981
9.37325 0.0630094
9.38039 0.0661223
9.38417 0.0638522
9.38735 0.0629909
9.39138 0.0629943
9.39587 0.0634456
9.39942 0.0629695
9.40019 0.0637369
9.4035 0.063007
9.4075 0.0629782
9.4116 0.0630468
9.41769 0.0650994
9.42262 0.0639818
9.4257 0.0630222
9.43002 0.0633135
9.4338 0.0630596
9.43781 0.0630373
9.44249 0.0636797
9.44262 0.0638081
9.44627 0.0634293
9.44996 0.0630845
9.45509 0.0641807
9.45919 0.0590368
9.45932 0.0631987
9.46368 0.0635241
9.46947 0.0652849
9.47332 0.0630793
9.47736 0.0630852
9.48152 0.063217
9.48562 0.0632831
9.4894 0.0630297
9.49369 0.0632899
9.49866 0.0642202
9.5018 0.0633278
9.50753 0.0650264
9.51189 0.063335
9.51592 0.0633334
9.51964 0.0630162
9.5238 0.063148
9.52823 0.0635366
9.53181 0.0630916
9.53194 0.06322
9.53579 0.0630352
9.54079 0.0639996
9.54634 0.065512
9.54992 0.0630492
9.55294 0.0620285
9.55925 0.0590949
9.55938 0.0644352
9.5595 0.0645636
9.56376 0.0636053
9.56777 0.06358
9.57123 0.0630095
9.57533 0.0630781
9.58033 0.064043
9.58398 0.0636612
9.58411 0.0637896
9.58744 0.0630883
9.59148 0.0630917
9.59161 0.0632201
9.59871 0.0662876
9.60172 0.0632501
9.60185 0.0633785
9.6056 0.0630924
9.60954 0.062997
9.61421 0.0636424
9.61761 0.0630057
9.62219 0.0635538
9.62566 0.0629838
9.63008 0.0633724
9.63575 0.0650093
9.64078 0.0639914
9.64386 0.0630318
9.64795 0.0630969
9.64808 0.0632253
9.65222 0.0633284
9.65719 0.0642646
9.65918 0.0590245
9.6611 0.0629671
9.66517 0.0630046
9.6694 0.0632015
9.66953 0.0633299
9.67325 0.0630168
9.67726 0.0629915
9.68136 0.0630606
9.68841 0.0660709
9.69136 0.0629706
9.69591 0.0634841
9.69943 0.0629769
9.70349 0.0630064
9.70753 0.0630048
9.7116 0.0630422
9.71557 0.0629829
9.7157 0.0631113
9.71964 0.0630198
9.72569 0.0650384
9.72582 0.0651668
9.73002 0.063313
9.7338 0.0630591
9.7378 0.0630288
9.74261 0.0637996
9.74629 0.0634519
9.74985 0.0629787
9.75511 0.0642033
9.75921 0.0590594
9.75934 0.0632213
9.76366 0.0635116
9.7677 0.0635174
9.77126 0.0630442
9.77735 0.0650974
9.78152 0.0632124
9.78562 0.0632786
9.78952 0.0631536
9.79356 0.063157
9.79369 0.0632854
9.79872 0.0642779
9.80173 0.0632571
9.80551 0.0630062
9.80961 0.0630702
9.81592 0.0653461
9.8197 0.0630779
9.82374 0.0630813
9.82822 0.0635321
9.83184 0.0631182
9.83582 0.0630618
9.84079 0.063995
9.8438 0.0629772
9.848 0.0631396
9.84813 0.063268
9.85297 0.0640758
9.8571 0.0621621
9.85922 0.0590672
9.86115 0.0630098
9.86777 0.0656042
9.8713 0.0630791
9.87534 0.0630855
9.87938 0.0630918
9.87951 0.0632202
9.88418 0.0638626
9.88732 0.0629703
9.89142 0.0630359
9.89546 0.0630393
9.9002 0.0637439
9.90552 0.0650302
9.90962 0.0630814
9.91385 0.0632789
9.91398 0.0634073
9.9176 0.0629924
9.92218 0.0635404
9.92564 0.0629705
9.93007 0.0633591
9.93391 0.0631674
9.93785 0.0630789
9.94381 0.0650041
9.94804 0.0631809
9.94817 0.0633093
9.95227 0.0633813
9.9572 0.0642744
9.95919 0.0590343
9.96121 0.0630703
9.96525 0.0630766
9.96941 0.0632113
9.97326 0.0630266
9.97724 0.0629702
9.98128 0.0629731
9.98582 0.0634871
9.9896 0.0632337
9.99588 0.0654756
9.99953 0.06308

