% time_sec delay_sec
1.16993 0.0698565
1.16993 0.0698565
1.26996 0.0698828
1.36995 0.0698695
1.46788 0.371818
1.46995 0.0698744
1.56993 0.0698544
1.66995 0.0698722
1.76996 0.0698816
1.77055 0.371814
1.86996 0.0698837
1.96925 0.268501
1.97131 0.0712114
1.97333 0.0752511
1.97732 0.0752085
2.06935 0.1632
2.07739 0.0752745
2.08142 0.0752689
2.08555 0.0753651
2.08952 0.0753053
2.09362 0.0753699
2.09825 0.0759712
2.10153 0.0752101
2.1076 0.075237
2.11161 0.0752117
2.11571 0.0752798
2.11972 0.075254
2.12382 0.075323
2.12824 0.0757076
2.13183 0.0752626
2.13587 0.0752685
2.14025 0.0756175
2.1407 0.0760654
2.14615 0.0774811
2.15 0.075279
2.15432 0.0755658
2.1581 0.0753143
2.16208 0.0752579
2.16785 0.0769956
2.17134 0.0712409
2.17191 0.0758507
2.17531 0.075214
2.18034 0.07621
2.18412 0.0759566
2.18425 0.076085
2.18745 0.0752548
2.1936 0.0773683
2.19373 0.0774967
2.19878 0.0764996
2.20179 0.0754788
2.20567 0.0753212
2.20967 0.0752919
2.21394 0.0755205
2.21772 0.075269
2.22198 0.0754976
2.22573 0.0752155
2.23003 0.0754757
2.23582 0.077237
2.24078 0.076149
2.24418 0.0755129
2.24809 0.0753868
2.25226 0.0755211
2.25617 0.075399
2.26002 0.0752137
2.26415 0.0753168
2.26948 0.0766071
2.27136 0.0712657
2.27335 0.0752711
2.27736 0.0752458
2.28422 0.0780679
2.28863 0.0764368
2.29146 0.0752249
2.29556 0.075294
2.2996 0.0752974
2.30364 0.0753037
2.30764 0.075271
2.31171 0.0753085
2.31588 0.0754432
2.31975 0.075285
2.3258 0.0752829
2.33009 0.0755431
2.33381 0.075227
2.33785 0.0752357
2.34218 0.075527
2.34231 0.0756554
2.34609 0.075405
2.34622 0.0755334
2.35003 0.075317
2.35414 0.075386
2.35808 0.075298
2.36404 0.0772263
2.36769 0.0748262
2.37134 0.0712437
2.37329 0.0772308
2.3774 0.075286
2.38141 0.0752578
2.38582 0.0756435
2.38948 0.0752617
2.39371 0.0754592
2.39832 0.0760389
2.40172 0.0754032
2.40556 0.0752105
2.41181 0.0774232
2.4159 0.075471
2.41975 0.0752857
2.42382 0.0753202
2.42837 0.0758372
2.43196 0.0753922
2.43581 0.0752074
2.44077 0.0761406
2.44427 0.0756018
2.44796 0.0752541
2.45423 0.0774978
2.45808 0.0752958
2.46208 0.0752665
2.46785 0.0769962
2.47144 0.0713427
2.47189 0.0758242
2.47542 0.0753199
2.48032 0.0761875
2.48423 0.0760625
2.48858 0.0763854
2.49153 0.0753019
2.49557 0.0753053
2.50184 0.0775432
2.50556 0.0752093
2.50966 0.0752734
2.51388 0.0754668
2.51808 0.0756322
2.52206 0.0755723
2.52578 0.0752592
2.52994 0.075391
2.53391 0.0753277
2.53792 0.0753014
2.54426 0.0755961
2.54805 0.0753456
2.55225 0.075511
2.55616 0.0753889
2.56013 0.075332
2.56417 0.0753384
2.5694 0.0765313
2.57139 0.0712912
2.57338 0.0752966
2.57742 0.0753024
2.58139 0.0752431
2.58594 0.0757571
2.59151 0.0772983
2.59549 0.0752222
2.59955 0.0752562
2.60359 0.0752546
2.60766 0.075292
2.61163 0.0752322
2.6158 0.0753669
2.61971 0.0752438
2.62375 0.0752472
2.63009 0.0775542
2.63381 0.0752214
2.63791 0.0752884
2.64248 0.0758335
2.64614 0.0754547
2.64627 0.0755831
2.64992 0.0752072
2.65416 0.0754047
2.6581 0.0753166
2.66208 0.0752603
2.66769 0.0768344
2.67134 0.0712432
2.67147 0.0754051
2.67534 0.0752475
2.68146 0.0773328
2.68569 0.0755105
2.6896 0.0753855
2.69377 0.0755173
2.69389 0.0756457
2.69873 0.0764476
2.70187 0.0755553
2.70559 0.0752386
2.70963 0.0752445
2.71373 0.0753135
2.71969 0.0772378
2.72417 0.0756683
2.72824 0.0757029
2.72836 0.0758312
2.73192 0.0753551
2.73593 0.0753299
2.74087 0.076232
2.74426 0.0755964
2.74795 0.0752487
2.74808 0.0753771
2.75218 0.0754491
2.7561 0.075327
2.76215 0.0753313
2.76471 0.0738621
2.76484 0.0739905
2.77134 0.071244
2.77192 0.0770322
2.77535 0.0752523
2.78041 0.0762794
2.78419 0.076026
2.78746 0.075262
2.79159 0.0753622
2.7955 0.0752372
2.80049 0.0761946
2.80354 0.0752079
2.8096 0.0772299
2.81395 0.075535
2.81773 0.0752796
2.82209 0.0756055
2.82584 0.0753234
2.83001 0.0754552
2.83013 0.0755836
2.83385 0.0752675
2.83789 0.0752762
2.84222 0.0755675
2.84805 0.0773639
2.85222 0.0754814
2.85612 0.0753553
2.86007 0.0752673
2.86405 0.075211
2.8694 0.0765323
2.86953 0.0766607
2.87139 0.0712922
2.87338 0.0752976
2.87745 0.0753345
2.88142 0.0752752
2.88584 0.0756608
2.88597 0.0757892
2.88962 0.0754074
2.8943 0.0760493
2.89955 0.077271
2.90355 0.0752175
2.90765 0.0752821
2.91162 0.0752223
2.91591 0.0754814
2.91973 0.0752616
2.92383 0.0753307
2.92815 0.075618
2.93181 0.0752392
2.93783 0.0772291
2.94269 0.0760413
2.94609 0.0754057
2.95003 0.0753138
2.95426 0.0755112
2.95811 0.0753259
2.96212 0.0753006
2.96783 0.0769761
2.97142 0.0713226
2.97187 0.075804
2.972 0.0759324
2.97539 0.0752958
2.98045 0.0763189
2.98436 0.0761939
2.98968 0.0774783
2.9898 0.0776067
2.99371 0.0754649
2.99384 0.0755933
2.99838 0.0761029
2.99851 0.0762312
3.00178 0.0754672
3.0056 0.0752534
3.00967 0.0752904
3.01378 0.0753594
3.0139 0.0754878
3.01772 0.0752675
3.02208 0.0755928
3.02851 0.0779976
3.02864 0.078126
3.03191 0.0753452
3.03592 0.075316
3.04079 0.0761514
3.04425 0.0755815
3.04803 0.075334
3.0522 0.0754682
3.05611 0.0753461
3.06009 0.0752927
3.06407 0.0752323
3.06932 0.0744391
3.07945 0.0773344
3.08403 0.0758612
3.08784 0.0756419
3.09153 0.0752937
3.09553 0.0752684
3.09954 0.0752397
3.10358 0.075245
3.10765 0.0752854
3.11168 0.0752832
3.11812 0.0776865
3.12254 0.0760583
3.12575 0.075231
3.13007 0.0755223
3.13392 0.0753346
3.13796 0.0753434
3.14213 0.0754752
3.14607 0.0753843
3.14998 0.0752651
3.15614 0.077385
3.16008 0.0752802
3.16409 0.0752515
3.16947 0.0766
3.17136 0.0712626
3.17338 0.075299
3.17739 0.0752738
3.18142 0.0752767
3.18584 0.0756623
3.18597 0.0757907
3.18962 0.0754089
3.19369 0.0754429
3.19754 0.0752552
3.1983 0.0760226
3.2017 0.075387
3.20762 0.0772722
3.21166 0.0752618
3.21592 0.0754903
3.21974 0.075274
3.22384 0.075343
3.22839 0.07586
3.23195 0.0753839
3.23593 0.0753275
3.24029 0.0756528
3.24612 0.0774502
3.25003 0.0753104
3.25435 0.0756012
3.25813 0.0753497
3.26211 0.0752893
3.26785 0.0769959
3.27144 0.0713384
3.27188 0.0758199
3.27544 0.0753467
3.28044 0.0763116
3.28435 0.0761866
3.28448 0.076315
3.28858 0.0763811
3.28871 0.0765095
3.29166 0.075426
3.29879 0.0785286
3.30181 0.075491
3.30562 0.0752677
3.30968 0.0752967
3.31391 0.0754942
3.31839 0.0759439
3.32208 0.0755962
3.3258 0.075283
3.32996 0.0754148
3.33595 0.0773707
3.34076 0.0761272
3.34089 0.0762555
3.34429 0.0756194
3.3481 0.0754001
3.35234 0.0756005
3.35612 0.0753501
3.36006 0.075262
3.36417 0.0753306
3.36949 0.0766208
3.37138 0.0712795
3.37337 0.0752848
3.3774 0.0752907
3.38138 0.0752313
3.38855 0.07837
3.38868 0.0784984
3.3915 0.0752698
3.39592 0.0756583
3.39958 0.0752795
3.40428 0.075952
3.40761 0.0752492
3.41174 0.0753449
3.41578 0.0753512
3.41973 0.0752592
3.42581 0.0773089
3.4301 0.0755523
3.43382 0.0752363
3.43395 0.0753646
3.43796 0.0753383
3.44263 0.0759807
3.44616 0.0754735
3.44629 0.0756019
3.45007 0.0753544
3.45417 0.0754235
3.45812 0.0753355
3.46418 0.077361
3.46767 0.0748054
3.47136 0.071258
3.47148 0.07542
3.47741 0.0773171
3.48145 0.0753037
3.48568 0.0754983
3.48946 0.0752449
3.49356 0.075314
3.49369 0.0754423
3.49875 0.0764699
3.50176 0.0754492
3.50558 0.0752293
3.50962 0.0752351
3.51599 0.0775727
3.51971 0.0752428
3.52394 0.0754368
3.52868 0.0761449
3.53195 0.0753809
3.53592 0.0753245
3.54086 0.0762266
3.54429 0.0756221
3.54798 0.0752744
3.55435 0.0776155
3.55807 0.075285
3.56217 0.075353
3.56778 0.0769272
3.57143 0.071336
3.57188 0.0758174
3.57544 0.0753442
3.58034 0.0762118
3.58425 0.0760868
3.58867 0.0764725
3.59165 0.0754201
3.59556 0.0752951
3.59956 0.0752629
3.60561 0.077282
3.60962 0.075236
3.61401 0.0755929
3.61772 0.0752753
3.62208 0.0756011
3.62587 0.0753502
3.63003 0.075482
3.63391 0.0753254
3.63795 0.0753341
3.6443 0.0776451
3.64808 0.0753779
3.65231 0.0755783
3.65616 0.0753901
3.66007 0.075271
3.66417 0.0753395
3.66953 0.0766609
3.67139 0.0712924
3.67338 0.0752977
3.67751 0.0754008
3.68139 0.0752442
3.68607 0.0758867
3.68972 0.0755049
3.69593 0.077684
3.70029 0.0759897
3.70426 0.0759259
3.70769 0.0753203
3.71176 0.0753578
3.71593 0.0754925
3.71974 0.0752721
3.72374 0.0752439
3.72816 0.0756285
3.73383 0.0772659
3.73796 0.0753473
3.74254 0.0758924
3.74267 0.0760208
3.7462 0.0755136
3.75005 0.0753283
3.75428 0.0755257
3.75813 0.0753404
3.7621 0.0752841
3.76781 0.0769595
3.77147 0.0713682
3.77191 0.0758497
3.77534 0.0752441
3.78043 0.0763023
3.78569 0.0775239
3.7896 0.0753822
3.79376 0.075514
3.79421 0.0759619
3.79872 0.0764403
3.80186 0.0755479
3.80561 0.0752624
3.80968 0.0752994
3.81375 0.0753334
3.81772 0.0752725
3.82381 0.0773262
3.82823 0.075698
3.83189 0.0753191
3.83586 0.0752628
3.84086 0.0762306
3.84433 0.0756606
3.84798 0.0752818
3.85212 0.0753849
3.85603 0.0752629
3.86212 0.077315
3.86484 0.0739885
3.86939 0.0745044
3.87137 0.0712771
3.87535 0.0772711
3.87939 0.0752606
3.88432 0.0761598
3.88747 0.0752675
3.89147 0.0752392
3.89564 0.075371
3.90037 0.0760717
3.9046 0.0762692
3.90761 0.0752434
3.91431 0.0779084
3.9184 0.0759483
3.92288 0.0763996
3.92586 0.0753467
3.93003 0.0754785
3.93016 0.0756069
3.93391 0.0753219
3.93789 0.0752684
3.94218 0.0755286
3.94609 0.0754026
3.95231 0.0775876
3.95612 0.0753515
3.96007 0.0752635
3.96417 0.0753315
3.96955 0.076684
3.97141 0.0713155
3.9734 0.0753208
3.97741 0.0752956
3.98138 0.0752362
3.98593 0.0757503
3.98958 0.0753685
3.99369 0.0754376
3.99753 0.0752499
4.00358 0.0772645
4.00762 0.0752518
4.01166 0.0752581
4.01591 0.0754822
4.01973 0.0752658
4.02377 0.0752721
4.02825 0.0757189
4.02838 0.0758473
4.03191 0.0753401
4.03592 0.0753148
4.04242 0.0777819
4.04254 0.0779102
4.04601 0.0753235
4.05005 0.0753283
4.05424 0.0754907
4.05815 0.0753676
4.0622 0.0753769
4.06755 0.0766943
4.07976 0.0756336
4.08021 0.0760815
4.084 0.0758311
4.08746 0.0752611
4.09358 0.0773464
4.09847 0.0761877
4.10168 0.075361
4.10565 0.0752996
4.10969 0.0753049
4.11392 0.0755024
4.11815 0.0756983
4.12202 0.0755412
4.12587 0.0753564
4.1319 0.0773449
4.13596 0.0753611
4.1408 0.0761654
4.14423 0.0755604
4.14814 0.0754344
4.15227 0.0755375
4.1524 0.0756659
4.15606 0.0752871
4.16016 0.0753586
4.16414 0.0753022
4.16936 0.0764952
4.17148 0.0713795
4.17334 0.0752564
4.17744 0.0753245
4.18433 0.0781777
4.18862 0.0764182
4.1916 0.0753658
4.19554 0.0752719
4.19598 0.0757198
4.1996 0.0753064
4.20428 0.0759518
4.20768 0.0753151
4.21175 0.0753486
4.21579 0.0753549
4.2221 0.0776338
4.22588 0.0753621
4.23004 0.0754939
4.23017 0.0756223
4.23392 0.0753373
4.23796 0.075346
4.24232 0.075669
4.24623 0.0755469
4.25008 0.0753616
4.25418 0.0754307
4.26012 0.0773313
4.26409 0.0752547
4.26768 0.0748091
4.27139 0.0712929
4.27344 0.0773772
4.27742 0.0753041
4.28145 0.0753069
4.28587 0.0756926
4.28953 0.0753108
4.28965 0.0754392
4.29427 0.0760189
4.2983 0.0760223
4.30173 0.0754178
4.30561 0.0752562
4.3117 0.0773133
4.31182 0.0774417
4.31586 0.0754234
4.31983 0.075367
4.32384 0.0753388
4.32839 0.0758557
4.33192 0.0753485
4.33589 0.0752921
4.3407 0.0760619
4.34429 0.0756204
4.35002 0.0773229
4.35432 0.0755658
4.3581 0.0753143
4.36213 0.0753162
4.36787 0.0770187
4.37146 0.0713653
4.37191 0.0758467
4.37544 0.0753424
4.38034 0.07621
4.38047 0.0763384
4.38438 0.0762134
4.38861 0.0764079
4.39168 0.0754528
4.39591 0.0756474
4.4018 0.0774995
4.40193 0.0776279
4.40561 0.0752595
4.40968 0.0752964
4.41391 0.0754899
4.41839 0.0759436
4.42208 0.0755959
4.4258 0.0752827
4.42996 0.0754145
4.43393 0.0753512
4.44082 0.0782064
4.44432 0.0756507
4.4481 0.0754003
4.45234 0.0756007
4.45618 0.0754125
4.46016 0.0753556
4.4642 0.0753614
4.46952 0.0766517
4.47138 0.0712832
4.47337 0.0752885
4.47744 0.0753254
4.48141 0.0752661
4.48596 0.0757802
4.49154 0.0773213
4.49596 0.0756931
4.49961 0.0753108
4.50428 0.0759483
4.50768 0.0753116
4.51165 0.0752518
4.51575 0.0753203
4.51973 0.0752634
4.52383 0.0753325
4.53011 0.0775733
4.53395 0.0753688
4.53793 0.0753154
4.54254 0.0758916
4.54267 0.07602
4.54633 0.0756412
4.55001 0.0752964
4.55415 0.0753966
4.55816 0.0753708
4.56213 0.0753144
4.56768 0.0768269
4.57146 0.07136
4.57191 0.0758415
4.57543 0.0753372
4.58155 0.0774225
4.58565 0.0754719
4.58956 0.0753469
4.59376 0.0755098
4.59872 0.0764401
4.60186 0.0755477
4.60561 0.0752622
4.60965 0.075268
4.61375 0.0753371
4.61984 0.0773897
4.6242 0.0756959
4.62868 0.0761472
4.63191 0.0753481
4.63595 0.0753539
4.64089 0.0762561
4.64429 0.0756205
4.64797 0.0752728
4.65217 0.0754381
4.6581 0.0773352
4.66208 0.0752581
4.66483 0.0739795
4.67149 0.0713925
4.67194 0.0770523
4.67537 0.0752724
4.6803 0.0761711
4.68043 0.0762995
4.68408 0.0759177
4.68421 0.0760461
4.68748 0.0752821
4.69161 0.0753823
4.69552 0.0752573
4.70054 0.0762458
4.70359 0.0752591
4.70974 0.0773745
4.71432 0.0759018
4.71839 0.0759392
4.72255 0.076071
4.72268 0.0761994
4.72589 0.0753722
4.73005 0.075504
4.73393 0.0753474
4.73797 0.0753561
4.74214 0.0754879
4.74227 0.0756163
4.74807 0.0773816
4.7523 0.0755652
4.75615 0.075377
4.76009 0.075289
4.76419 0.075357
4.76955 0.0766784
4.77141 0.0713099
4.7734 0.0753152
4.77747 0.0753522
4.78144 0.0752929
4.78586 0.0756785
4.78964 0.0754251
4.79371 0.0754591
4.80031 0.0780239
4.80434 0.0760056
4.80767 0.0753027
4.81177 0.0753713
4.81581 0.0753737
4.81593 0.0755021
4.81972 0.0752511
4.82407 0.075574
4.82852 0.0759902
4.83192 0.0753546
4.83798 0.0773757
4.84268 0.0760324
4.84614 0.075459
4.84627 0.0755874
4.85008 0.075367
4.85435 0.0755956
4.85813 0.0753481
4.86214 0.0753228
4.86782 0.0769637
4.87141 0.0713102
4.87198 0.0759201
4.87542 0.0753185
4.88054 0.0764078
4.88432 0.0761544
4.88445 0.0762828
4.88957 0.077376
4.89374 0.0754911
4.89841 0.076133
4.89854 0.0762614
4.90181 0.0754974
4.90563 0.075278
4.9097 0.075315
4.9138 0.075384
4.91393 0.0755124
4.91774 0.0752921
4.92203 0.0755517
4.92831 0.0777965
4.93187 0.0753037
4.93591 0.0753095
4.94078 0.0761449
4.94434 0.0756683
4.94799 0.0752895
4.94812 0.0754178
4.95222 0.0754859
4.95613 0.0753638
4.96017 0.0753731
4.96476 0.0759241
4.96489 0.0760525
4.96937 0.0744855
4.97148 0.0713866
4.97334 0.0752635
4.97979 0.0776713
4.9843 0.0761369
4.98795 0.0757552
4.99161 0.0753763
4.99552 0.0752514
4.99596 0.0756993
5.00038 0.0760844
5.0043 0.0759681
5.00776 0.0753976
5.0117 0.0753027
5.01814 0.0777059
5.02205 0.0755666
5.02589 0.0753779
5.03006 0.0755097
5.03019 0.0756381
5.03391 0.075322
5.03789 0.0752685
5.04218 0.0755287
5.04606 0.075375
5.0501 0.0753798
5.05606 0.0773051
5.05618 0.0774335
5.06013 0.0753242
5.06423 0.0753928
5.06961 0.0767447
5.07744 0.0753231
5.08148 0.0753295
5.08561 0.0754296
5.08962 0.0754014
5.09368 0.0754349
5.09855 0.0762703
5.10159 0.0752796
5.10777 0.0774245
5.11175 0.0753514
5.11575 0.0753221
5.11979 0.0753274
5.12383 0.0753309
5.12396 0.0754592
5.12838 0.0758478
5.13194 0.0753717
5.13598 0.0753775
5.14072 0.0760851
5.14627 0.0775976
5.15005 0.0753293
5.15431 0.0755579
5.15816 0.0753726
5.16213 0.0753123
5.16777 0.0769215
5.1679 0.0770499
5.17146 0.0713613
5.17191 0.0758428
5.17547 0.0753696
5.1805 0.0763656
5.18441 0.0762406
5.18863 0.0764351
5.19168 0.0754449
5.19881 0.0785435
5.20182 0.075506
5.20566 0.0753133
5.20972 0.0753422
5.21431 0.0758903
5.21815 0.0757016
5.22203 0.0755444
5.22588 0.0753597
5.23004 0.0754915
5.2359 0.077315
5.24083 0.0761998
5.24433 0.075661
5.24814 0.0754377
5.25228 0.0755408
5.2524 0.0756692
5.25622 0.0754499
5.26013 0.0753268
5.2642 0.0753642
5.26946 0.0765883
5.26959 0.0767167
5.27148 0.0713793
5.27347 0.0753846
5.2775 0.0753865
5.28147 0.0753272
5.28865 0.0784659
5.2916 0.0753656
5.29595 0.0756885
5.30025 0.0759487
5.30428 0.0759511
5.30774 0.0753766
5.31174 0.0753439
5.31581 0.0753814
5.31982 0.0753521
5.3258 0.0773011
5.33006 0.0755099
5.33391 0.0753222
5.33794 0.075327
5.34269 0.0760351
5.34634 0.0756563
5.35009 0.0753737
5.35419 0.0754428
5.35814 0.0753548
5.3642 0.0773808
5.36766 0.0747941
5.37144 0.071344
5.37157 0.075506
5.37741 0.0773098
5.38144 0.0752964
5.3857 0.075522
5.38961 0.075397
5.39371 0.0754661
5.39877 0.0764897
5.40178 0.075469
5.40572 0.0753735
5.40973 0.0753483
5.41579 0.0773713
5.4198 0.0753293
5.42396 0.0754611
5.42838 0.0758497
5.43191 0.0753425
5.43589 0.0752861
5.44076 0.0761215
5.44431 0.0756454
5.448 0.0752977
5.45434 0.0776076
5.45812 0.0753394
5.4621 0.075279
5.4678 0.076947
5.46793 0.0770754
5.47142 0.0713247
5.472 0.0759345
5.47543 0.0753329
5.4803 0.0761694
5.48421 0.0760444
5.48434 0.0761728
5.48857 0.0763673
5.49167 0.0754433
5.4959 0.0756378
5.50041 0.0761163
5.5057 0.0773714
5.50977 0.0753876
5.51393 0.0755189
5.51842 0.0759687
5.52258 0.0761005
5.52582 0.0753043
5.53011 0.0755645
5.53396 0.0753768
5.538 0.0753856
5.54431 0.0776615
5.5481 0.0753943
5.55233 0.0755947
5.55621 0.0754375
5.56008 0.0752833
5.56422 0.0753865
5.56958 0.0767078
5.57144 0.0713393
5.57343 0.0753447
5.57746 0.0753505
5.58144 0.0752912
5.58643 0.0762531
5.58977 0.0755518
5.59595 0.0776999
5.60034 0.0760366
5.60431 0.0759768
5.6077 0.0753361
5.61171 0.0753074
5.61597 0.0755355
5.61981 0.0753467
5.62385 0.0753501
5.6282 0.0756685
5.63397 0.0774032
5.63795 0.075329
5.64221 0.0755547
5.64233 0.0756831
5.64628 0.0755921
5.65009 0.0753757
5.65432 0.0755732
5.65811 0.0753217
5.66215 0.0753275
5.66779 0.0769373
5.67144 0.071346
5.67189 0.0758275
5.67542 0.0753232
5.68054 0.0764125
5.68599 0.0778252
5.68644 0.0782731
5.68977 0.0755551
5.69381 0.0755585
5.69425 0.0760064
5.69877 0.0764888
5.6989 0.0766172
5.70191 0.0755964
5.70569 0.0753455
5.70966 0.0752812
5.71405 0.0756347
5.71418 0.075763
5.71841 0.07596
5.72386 0.0773757
5.72828 0.0757475
5.73194 0.0753687
5.73206 0.0754971
5.73597 0.0753745
5.74085 0.0762139
5.74437 0.0757062
5.74803 0.0753274
5.75229 0.0755589
5.75608 0.0753084
5.76214 0.0773374
5.76489 0.0740425
5.76935 0.0744612
5.7714 0.0713001
5.77537 0.077294
5.77941 0.0752836
5.78435 0.0761828
5.78749 0.0752904
5.79162 0.0753906
5.79598 0.0757135
5.8003 0.0759973
5.80456 0.0762259
5.80776 0.0753987
5.81398 0.0775807
5.81814 0.0756942
5.82257 0.0760828
5.8259 0.07538
5.83006 0.0755118
5.83019 0.0756401
5.83394 0.0753552
5.83798 0.0753639
5.84227 0.0756206
5.84612 0.0754324
5.85227 0.0775512
5.85605 0.0752801
5.85618 0.0754085
5.86015 0.0753516
5.86413 0.0752917
5.86958 0.0767064
5.87144 0.0713379
5.87342 0.0753432
5.87749 0.0753802
5.88147 0.0753208
5.88602 0.0758349
5.88967 0.0754531
5.89473 0.0764807
5.89832 0.0760362
5.90421 0.0778914
5.90776 0.0753935
5.9118 0.0753998
5.91593 0.0755
5.91985 0.0753809
5.9242 0.0757038
5.92833 0.0758005
5.93186 0.0752933
5.93199 0.0754217
5.93593 0.0753302
5.94221 0.077575
5.94625 0.0755646
5.95007 0.0753482
5.95436 0.0756079
5.95815 0.0753604
5.96212 0.075304
5.96776 0.0769098
5.97151 0.0714158
5.97196 0.0758972
5.97549 0.075393
5.98048 0.0763539
5.98439 0.0762289
5.98862 0.0764234
5.99381 0.0775783
5.9988 0.076519
6.00181 0.0754982
6.00566 0.0753114
6.00976 0.0753794
6.01399 0.0755769
6.01774 0.0752943
6.0221 0.0756196
6.02582 0.0753064
6.03191 0.0773572
6.03594 0.0753423
6.04085 0.0762128
6.04437 0.0757051
6.04809 0.0753914
6.05232 0.0755878
6.05611 0.0753374
6.06018 0.0753772
6.06422 0.0753836
6.06941 0.0765449
6.07742 0.075306
6.08405 0.0779014
6.08844 0.0762381
6.09158 0.0753486
6.09562 0.0753505
6.09965 0.0753534
6.10372 0.0753898
6.10776 0.0753911
6.11179 0.075393
6.11577 0.0753366
6.12259 0.0781266
6.12589 0.0753719
6.13005 0.0755037
6.13018 0.0756321
6.13399 0.0754093
6.138 0.075387
6.14268 0.0760294
6.14624 0.0755533
6.15008 0.075364
6.15418 0.0754331
6.16021 0.077427
6.16422 0.0753815
6.16768 0.0748076
6.17142 0.0713264
6.17344 0.0773796
6.17748 0.0753687
6.18149 0.0753404
6.18604 0.0758545
6.18969 0.0754727
6.19475 0.0765003
6.19834 0.0760558
6.20174 0.0754202
6.20576 0.0754141
6.21192 0.0775374
6.21589 0.0754569
6.21987 0.0754005
6.22387 0.0753723
6.22871 0.0761737
6.23198 0.0754097
6.23598 0.0753844
6.24073 0.076092
6.24435 0.0756815
6.25005 0.0773529
6.25435 0.0755958
6.25816 0.0753795
6.26214 0.0753191
6.26784 0.0769871
6.27149 0.0713958
6.27194 0.0758773
6.27207 0.0760057
6.2755 0.0754041
6.2805 0.076369
6.28428 0.0761156
6.28441 0.076244
6.28864 0.0764385
6.29171 0.0754834
6.29594 0.0756779
6.30193 0.0776274
6.30574 0.0753868
6.30974 0.0753575
6.31394 0.0755199
6.31406 0.0756483
6.31813 0.0756813
6.32271 0.0762294
6.32586 0.0753399
6.33002 0.0754717
6.33396 0.0753773
6.34091 0.0782946
6.34438 0.0757079
6.34816 0.0754575
6.35239 0.0756579
6.35621 0.0754386
6.36015 0.0753506
6.36422 0.075388
6.36948 0.0766121
6.36961 0.0767405
6.37147 0.071372
6.37346 0.0753773
6.37753 0.0754142
6.3816 0.0754488
6.38602 0.0758344
6.39159 0.0773756
6.39595 0.0756817
6.40027 0.075973
6.40431 0.0759754
6.4077 0.0753387
6.41181 0.0754073
6.41578 0.075348
6.41985 0.0753849
6.42389 0.0753883
6.43016 0.0776291
6.434 0.0754207
6.43798 0.0753632
6.44234 0.0756862
6.44638 0.0756925
6.45013 0.0754099
6.45416 0.0754128
6.45429 0.0755412
6.45817 0.075387
6.46215 0.0753306
6.46766 0.076812
6.47144 0.0713452
6.47157 0.0755071
6.47542 0.0753223
6.48154 0.0774076
6.48577 0.0755854
6.48955 0.075332
6.49371 0.0754638
6.49384 0.0755922
6.49877 0.0764874
6.4989 0.0766158
6.50191 0.075595
6.50572 0.0753712
6.5097 0.0753148
6.5138 0.0753839
6.51982 0.0773743
6.52386 0.075361
6.52841 0.0758779
6.53194 0.0753707
6.53591 0.0753143
6.54098 0.0763449
6.54438 0.0757088
6.54803 0.0753299
6.5522 0.0754641
6.55233 0.0755925
6.55813 0.0773613
6.56213 0.0753152
6.56489 0.0740372
6.57152 0.0714191
6.57196 0.0770789
6.57209 0.0772073
6.57546 0.0753612
6.58046 0.0763261
6.58424 0.0760727
6.58847 0.0762672
6.5917 0.0754716
6.59593 0.0756661
6.60044 0.0761406
6.60057 0.076269
6.60457 0.0762368
6.60976 0.0773941
6.61434 0.0759215
6.61812 0.0756665
6.6226 0.0761173
6.6259 0.0753874
6.63007 0.0755192
6.6302 0.0756476
6.63398 0.0753937
6.63802 0.0754024
6.64218 0.0755342
6.64811 0.0774239
6.65234 0.0756076
6.65619 0.0754193
6.66023 0.0754246
6.66426 0.075427
6.66962 0.0767484
6.67148 0.0713799
6.67343 0.0753501
6.6775 0.0753871
6.68148 0.0753277
6.68589 0.0757134
6.68602 0.0758418
6.68967 0.07546
6.69435 0.0761019
6.70031 0.0780282
6.70424 0.0759126
6.70437 0.076041
6.7077 0.0753382
6.71181 0.0754067
6.71591 0.0754758
6.71989 0.0754194
6.72386 0.0753601
6.72856 0.0760291
6.73196 0.0753935
6.73798 0.0773834
6.74234 0.0756896
6.74619 0.0755013
6.74631 0.0756297
6.7501 0.0753783
6.75426 0.0755095
6.75818 0.0753904
6.76215 0.075334
6.76779 0.0769398
6.77154 0.0714459
6.77199 0.0759273
6.77545 0.0753568
6.78051 0.0763799
6.78064 0.0765083
6.78442 0.076255
6.78967 0.0774766
6.79371 0.0754632
6.79877 0.0764869
6.80191 0.0755945
6.80572 0.0753746
6.80973 0.0753454
6.81396 0.0755428
6.81841 0.0759615
6.82258 0.0760933
6.82828 0.0777658
6.83194 0.0753702
6.83595 0.0753449
6.84088 0.076247
6.84438 0.0757082
6.84816 0.0754578
6.85223 0.0754947
6.85607 0.0753065
6.86018 0.0753779
6.86486 0.0760262
6.86938 0.0744903
6.8695 0.0746187
6.87149 0.0713914
6.87351 0.0754279
6.88043 0.0783111
6.88433 0.0761694
6.88862 0.0764267
6.89157 0.0753431
6.89593 0.0756661
6.90029 0.075989
6.90433 0.0759953
6.90773 0.0753627
6.9118 0.0754001
6.91814 0.0777066
6.92205 0.0755678
6.9259 0.075379
6.93009 0.0755419
6.93022 0.0756703
6.93397 0.0753853
6.93804 0.0754252
6.94221 0.075557
6.94234 0.0756854
6.94612 0.0754349
6.94625 0.0755633
6.95009 0.0753741
6.95618 0.0774277
6.96019 0.0753852
6.96422 0.0753876
6.96951 0.0766427
6.96964 0.0767711
6.97143 0.0713364
6.97342 0.0753418
6.97753 0.0754138
6.9815 0.0753545
6.98592 0.0757401
6.98637 0.076188
6.9897 0.0754868
6.99371 0.0754585
6.99832 0.0760382
7.00172 0.0754026
7.00774 0.0773916
7.01178 0.0753811
7.01585 0.0754146
7.01982 0.0753537
7.02389 0.0753912
7.02869 0.0761575
7.03196 0.0753935
7.03597 0.0753682
7.04074 0.0761069
7.04613 0.0774594
7.05007 0.0753541
7.05433 0.0755826
7.05821 0.0754285
7.06216 0.0753405
7.06793 0.0770786
7.08021 0.0760767
7.08408 0.0759196
7.08844 0.076242
7.09165 0.0754147
7.09881 0.0785463
7.10173 0.0754144
7.10573 0.0753841
7.10974 0.0753544
7.11397 0.0755518
7.1141 0.0756802
7.11819 0.0757438
7.12258 0.0760973
7.12585 0.0753362
7.13002 0.075468
7.13597 0.0773888
7.14091 0.0762742
7.14443 0.0757669
7.14812 0.0754192
7.14825 0.0755476
7.15239 0.0756507
7.15626 0.0754936
7.16024 0.0754367
7.16418 0.0753418
7.1695 0.0766281
7.17145 0.0713529
7.17344 0.0753582
7.17748 0.0753641
7.18158 0.0754331
7.18862 0.0784434
7.18875 0.0785718
7.19157 0.0753432
7.19606 0.0757945
7.20029 0.075989
7.20435 0.0760225
7.20772 0.0753547
7.21185 0.0754504
7.21582 0.0753906
7.21986 0.0753924
7.22594 0.0774387
7.2301 0.0755537
7.23395 0.075366
7.23805 0.0754369
7.24273 0.0760794
7.24642 0.0757316
7.2501 0.0753869
7.25421 0.0754559
7.25821 0.0754301
7.26421 0.07739
7.2677 0.0748304
7.27148 0.0713803
7.27161 0.0755423
7.27751 0.0774083
7.28154 0.0753949
7.28577 0.0755894
7.28955 0.0753361
7.29429 0.0760442
7.29871 0.0764293
7.29884 0.0765577
7.30172 0.0754085
7.30569 0.0753447
7.30973 0.0753505
7.31585 0.0774353
7.31986 0.0753933
7.3239 0.0753967
7.32841 0.0758786
7.33194 0.0753713
7.33595 0.0753461
7.34088 0.0762442
7.34437 0.0757054
7.34803 0.0753266
7.35431 0.0775743
7.35815 0.0753643
7.36216 0.075339
7.36782 0.0769719
7.37145 0.0713496
7.37202 0.0759594
7.37545 0.0753538
7.38048 0.0763498
7.38426 0.0760964
7.38865 0.0764505
7.3916 0.075367
7.39595 0.0756899
7.40046 0.0761643
7.40572 0.0773844
7.40978 0.0754006
7.41398 0.075563
7.41814 0.0756932
7.4226 0.0761129
7.42586 0.0753479
7.43016 0.0756081
7.434 0.0754204
7.43805 0.0754291
7.44436 0.077705
7.44814 0.0754378
7.4524 0.0756693
7.45625 0.0754811
7.46023 0.0754242
7.46427 0.0754306
7.46962 0.0767479
7.47147 0.0713755
7.47346 0.0753808
7.47747 0.0753555
7.48157 0.0754246
7.48644 0.0762581
7.48977 0.0755569
7.49605 0.0777987
7.50021 0.0759138
7.50422 0.075885
7.50435 0.0760134
7.50774 0.0753728
7.51181 0.0754103
7.51578 0.0753464
7.51985 0.0753834
7.52389 0.0753868
7.52811 0.0755768
7.52824 0.0757052
7.53401 0.0774399
7.53798 0.0753617
7.54221 0.0755563
7.54234 0.0756846
7.54631 0.0756248
7.55013 0.0754084
7.55436 0.0756059
7.55821 0.0754206
7.56217 0.0753563
7.56781 0.076962
7.57157 0.0714681
7.57201 0.0759495
7.57544 0.075344
7.5805 0.076371
7.58576 0.0775927
7.58967 0.0754509
7.59418 0.0759333
7.59879 0.0765091
7.59892 0.0766375
7.60193 0.0756167
7.60575 0.0753968
7.60978 0.0753987
7.61407 0.0756589
7.6142 0.0757873
7.61815 0.0756958
7.62385 0.0773683
7.62827 0.0757401
7.63193 0.0753613
7.63206 0.0754897
7.63603 0.0754293
7.64087 0.0762342
7.64439 0.0757264
7.64805 0.0753476
7.65234 0.0756102
7.65613 0.0753598
7.66216 0.0773537
7.66491 0.0740588
7.66939 0.0745086
7.67154 0.0714408
7.67548 0.0773996
7.67952 0.0753892
7.68436 0.0761911
7.68846 0.0762572
7.68858 0.0763856
7.69166 0.0754305
7.69602 0.0757534
7.70034 0.0760373
7.70457 0.0762347
7.7078 0.0754386
7.71431 0.0779091
7.71818 0.0757307
7.7226 0.0761193
7.7259 0.0753853
7.7302 0.0756455
7.73398 0.0753916
7.73805 0.0754315
7.74221 0.0755633
7.74234 0.0756917
7.74615 0.0754684
7.74628 0.0755968
7.7523 0.0775872
7.75621 0.0754444
7.76022 0.0754186
7.76426 0.075425
7.76958 0.0767152
7.77148 0.0713778
7.77346 0.0753832
7.7775 0.075389
7.78151 0.0753608
7.78638 0.0761943
7.78971 0.0754931
7.79435 0.0761039
7.79762 0.0753399
7.80422 0.0779002
7.80434 0.0780286
7.80777 0.0754023
7.81181 0.0754087
7.81584 0.0754115
7.81988 0.0754174
7.82389 0.0753892
7.82837 0.075836
7.8319 0.0753288
7.83202 0.0754571
7.83597 0.0753657
7.84221 0.0775794
7.84625 0.0755689
7.8501 0.0753837
7.85436 0.0756122
7.85818 0.0753958
7.86216 0.0753394
7.8678 0.0769452
7.87151 0.0714162
7.87196 0.0758976
7.87209 0.076026
7.87552 0.0754244
7.88058 0.0764515
7.88449 0.0763265
7.88859 0.0763927
7.89381 0.0775827
7.89883 0.0765505
7.90185 0.0755297
7.90197 0.0756581
7.90572 0.0753721
7.90976 0.0753779
7.91431 0.0758949
7.91819 0.0757372
7.92257 0.0760907
7.92588 0.0753608
7.93193 0.0773804
7.93597 0.0753655
7.9409 0.0762676
7.9443 0.075632
7.94818 0.0754749
7.95244 0.0757064
7.95613 0.0753587
7.96023 0.0754302
7.96417 0.0753392
7.96949 0.0766255
7.97151 0.0714125
7.9735 0.0754179
7.97747 0.0753575
7.98433 0.0761629
7.98862 0.0764201
7.9916 0.0753677
7.99589 0.0756245
8.00031 0.0760096
8.00425 0.0759147
8.00438 0.0760491
8.00778 0.0754164
8.01182 0.0754188
8.01586 0.0754252
8.0221 0.0776383
8.02591 0.0753938
8.0302 0.075654
8.03401 0.0754312
8.03805 0.075436
8.04235 0.0756961
8.0461 0.0754141
8.05017 0.07545
8.05417 0.0754218
8.06023 0.0774462
8.06424 0.0754007
8.0677 0.0748268
8.07757 0.075456
8.08157 0.0754273
8.08561 0.0754302
8.08574 0.0755585
8.08968 0.0754642
8.09381 0.0755638
8.09861 0.0763331
8.10169 0.0753774
8.10582 0.0754676
8.11188 0.0774931
8.11584 0.075412
8.11985 0.0753867
8.12424 0.0757407
8.12873 0.076192
8.13199 0.075428
8.13597 0.0753717
8.14074 0.0761103
8.14087 0.0762387
8.1444 0.0757315
8.1501 0.077399
8.15436 0.0756068
8.15821 0.0754215
8.16218 0.0753651
8.16786 0.077006
8.17154 0.0714458
8.17199 0.0759273
8.17212 0.0760557
8.17552 0.075423
8.18052 0.0763879
8.18065 0.0765163
8.1843 0.0761345
8.18443 0.0762629
8.18853 0.076329
8.18866 0.0764574
8.19173 0.0755023
8.19596 0.0756968
8.20198 0.0756606
8.20575 0.0754057
8.20976 0.0753765
8.21434 0.0759245
8.21815 0.0757047
8.22261 0.0761244
8.22591 0.0753944
8.23008 0.0755262
8.23402 0.0754318
8.24087 0.0782519
8.24436 0.0756962
8.24821 0.075508
8.25231 0.0755761
8.25625 0.0754851
8.26023 0.0754282
8.26427 0.0754306
8.26952 0.0766507
8.27147 0.0713755
8.27349 0.0754119
8.2775 0.0753867
8.2816 0.0754557
8.28865 0.078466
8.2916 0.0753658
8.29595 0.0756887
8.30031 0.0760111
8.30425 0.0759162
8.30438 0.0760446
8.30774 0.0753768
8.31188 0.0754765
8.31582 0.0753855
8.31985 0.0753874
8.32389 0.0753908
8.33013 0.0775965
8.33404 0.0754543
8.33805 0.0754319
8.34273 0.0760743
8.34638 0.0756955
8.35007 0.0753507
8.3543 0.0755482
8.35825 0.0754602
8.36228 0.075466
8.36767 0.076815
8.37147 0.0713713
8.3716 0.0755333
8.37749 0.0773953
8.38166 0.0755103
8.38576 0.0755765
8.38967 0.0754515
8.39428 0.0760312
8.39848 0.0761941
8.40187 0.0755585
8.40572 0.0753663
8.40975 0.0753721
8.41386 0.0754412
8.41399 0.0755696
8.41988 0.0754148
8.42392 0.0754182
8.42834 0.0758068
8.43203 0.0754591
8.43603 0.0754338
8.44087 0.0762387
8.4444 0.0757315
8.44808 0.0753798
8.45234 0.0756073
8.45817 0.0773992
8.46226 0.0754465
8.46784 0.0769861
8.46797 0.0771145
8.47156 0.071461
8.47201 0.0759424
8.47213 0.0760708
8.47556 0.0754653
8.48043 0.0763018
8.48421 0.0760484
8.4885 0.0763056
8.48863 0.076434
8.49158 0.0753505
8.49594 0.0756734
8.50048 0.076179
8.5057 0.077368
8.5098 0.0754153
8.51435 0.0759323
8.51816 0.0757124
8.52262 0.0761321
8.52274 0.0762605
8.52591 0.0753982
8.53021 0.0756584
8.53399 0.0754045
8.53806 0.0754443
8.54216 0.0755105
8.54815 0.0774703
8.55239 0.0756539
8.55626 0.0754968
8.56021 0.0754088
8.56425 0.0754152
8.56951 0.0766392
8.56964 0.0767676
8.5715 0.0713991
8.57349 0.0754045
8.57749 0.0753792
8.5816 0.0754483
8.58589 0.0757055
8.58967 0.0754521
8.59604 0.0777913
8.6002 0.0759063
8.60424 0.0759087
8.60776 0.0753965
8.61183 0.0754339
8.6158 0.0753701
8.61987 0.075407
8.62391 0.0754104
8.62826 0.0757289
8.63205 0.0754784
8.638 0.0753854
8.64236 0.0757083
8.6463 0.0756174
8.64643 0.0757458
8.65015 0.0754321
8.65438 0.0756295
8.65823 0.0754442
8.6622 0.0753839
8.66784 0.0769897
8.67159 0.0714917
8.67204 0.0759732
8.67556 0.0754649
8.68062 0.076492
8.68575 0.0775852
8.68966 0.0754435
8.69421 0.075957
8.69881 0.0765327
8.70183 0.0755119
8.70196 0.0756403
8.7058 0.0754516
8.70977 0.0753912
8.71407 0.0756514
8.7142 0.0757798
8.71814 0.0756884
8.72387 0.0773919
8.7283 0.0757638
8.72843 0.0758921
8.73195 0.0753849
8.73208 0.0755133
8.73596 0.0753596
8.74093 0.0762929
8.74432 0.0756573
8.74445 0.0757857
8.74807 0.0753718
8.75237 0.0756344
8.75615 0.0753839
8.76023 0.0754243
8.76493 0.0760958
8.76951 0.074626
8.7715 0.0713987
8.77547 0.0773927
8.78034 0.0762124
8.78438 0.0762158
8.78848 0.0762819
8.78861 0.0764103
8.79168 0.0754512
8.79591 0.0756458
8.80027 0.0759687
8.80434 0.0760061
8.80783 0.0754668
8.81399 0.0775866
8.81815 0.0757001
8.8227 0.0762171
8.82591 0.0753898
8.8302 0.07565
8.83401 0.0754272
8.83805 0.075436
8.84273 0.0760784
8.84626 0.0755712
8.85007 0.0753548
8.85622 0.0754539
8.86023 0.0754281
8.86423 0.0753994
8.86962 0.0767518
8.87148 0.0713833
8.8735 0.0754198
8.87748 0.0753634
8.88151 0.0753668
8.88638 0.0762004
8.88971 0.0754991
8.89436 0.0761099
8.8984 0.0761133
8.90422 0.0779062
8.90777 0.0754083
8.91184 0.0754458
8.91585 0.0754176
8.91989 0.0754234
8.92389 0.0753952
8.92838 0.075842
8.93193 0.0753659
8.93206 0.0754943
8.93597 0.0753717
8.94254 0.0779049
8.94632 0.0756377
8.9501 0.0753862
8.95437 0.0756148
8.95821 0.0754295
8.96219 0.0753731
8.96783 0.0769749
8.97154 0.0714459
8.97199 0.0759273
8.97212 0.0760557
8.97552 0.075423
8.98058 0.0764501
8.98449 0.0763251
8.98859 0.0763913
8.99384 0.0776124
8.99873 0.0764518
9.00187 0.0755594
9.00576 0.0754079
9.00979 0.0754098
9.01402 0.0756072
9.01816 0.0757064
9.02209 0.0756115
9.02594 0.0754267
9.03197 0.0774152
9.03603 0.0754314
9.0409 0.0762674
9.0444 0.0757285
9.04824 0.0755438
9.05235 0.0756118
9.05247 0.0757402
9.05626 0.0754897
9.06027 0.0754634
9.06434 0.0755009
9.06952 0.0766548
9.07749 0.0753808
9.08403 0.0778829
9.08416 0.0780112
9.08851 0.0763169
9.09166 0.0754274
9.09567 0.0754021
9.10009 0.0757907
9.1038 0.0754726
9.10778 0.0754117
9.11184 0.0754446
9.11588 0.075451
9.12261 0.0781437
9.12591 0.075389
9.1302 0.0756492
9.13405 0.0754615
9.13812 0.0755013
9.14273 0.076081
9.14626 0.0755738
9.15011 0.0753885
9.15421 0.0754576
9.15434 0.075586
9.15828 0.075498
9.16424 0.075406
9.16757 0.0747037
9.1677 0.0748321
9.17151 0.0714131
9.1735 0.0774352
9.1776 0.0754905
9.18164 0.0754939
9.18638 0.076199
9.18971 0.0754978
9.19433 0.0760775
9.19839 0.076112
9.20169 0.0753791
9.20573 0.0753775
9.21188 0.0774968
9.21581 0.0753812
9.21986 0.0753904
9.22389 0.0753938
9.22873 0.0761952
9.232 0.0754312
9.23598 0.0753749
9.24078 0.0761446
9.24091 0.076273
9.24437 0.0757031
9.25016 0.0774639
9.25433 0.0755784
9.25821 0.0754242
9.26231 0.0754962
9.26786 0.0770087
9.27158 0.0714836
9.27203 0.075965
9.27216 0.0760934
9.27555 0.0754568
9.28049 0.0763555
9.28061 0.0764839
9.28439 0.0762305
9.28862 0.076425
9.2917 0.0754699
9.29593 0.0756644
9.30188 0.0775828
9.30579 0.0754395
9.30979 0.0754102
9.31434 0.0759272
9.31819 0.0757385
9.32264 0.0761581
9.32277 0.0762865
9.32594 0.0754282
9.33001 0.0754627
9.33401 0.0754305
9.34094 0.0783202
9.34446 0.0757962
9.34825 0.0755458
9.35232 0.0755827
9.35626 0.0754918
9.3603 0.075501
9.36431 0.0754723
9.36953 0.0766613
9.37161 0.0715145
9.3735 0.0754226
9.37751 0.0753973
9.38168 0.0755291
9.38565 0.0754668
9.38578 0.0755952
9.39164 0.0774243
9.396 0.0757304
9.40019 0.0758933
9.40032 0.0760217
9.40426 0.0759308
9.40439 0.0760592
9.40776 0.0753914
9.41186 0.07546
9.41583 0.0754001
9.41987 0.075402
9.42391 0.0754054
9.43015 0.0776151
9.43406 0.0754728
9.43807 0.0754505
9.44262 0.0759645
9.44274 0.0760929
9.4464 0.0757141
9.45022 0.0754977
9.45432 0.0755668
9.45826 0.0754788
9.46227 0.0754495
9.46768 0.0768296
9.46781 0.076958
9.47152 0.071425
9.47197 0.0759064
9.47559 0.0754955
9.48165 0.0775185
9.48575 0.0755679
9.48966 0.0754429
9.49382 0.0755747
9.49879 0.076505
9.49892 0.0766334
9.50193 0.0756127
9.50574 0.0753888
9.50981 0.0754258
9.51381 0.0753975
9.5199 0.0774462
9.52393 0.0754328
9.52835 0.0758214
9.53207 0.0755048
9.53605 0.0754484
9.54092 0.0762844
9.54105 0.0764128
9.54438 0.0757144
9.54813 0.0754289
9.55236 0.0756254
9.55822 0.0774563
9.56219 0.0753752
9.56491 0.074062
9.57155 0.0714519
9.572 0.0771117
9.57213 0.0772401
9.57559 0.0754913
9.58046 0.0763278
9.58424 0.0760744
9.58853 0.0763316
9.58866 0.07646
9.59174 0.0755049
9.59584 0.0755711
9.59596 0.0756995
9.6005 0.076205
9.60063 0.0763334
9.60431 0.0759817
9.60979 0.077427
9.61434 0.0759272
9.61819 0.0757384
9.62264 0.0761581
9.62591 0.075397
9.63021 0.0756572
9.63402 0.0754344
9.63809 0.0754743
9.64226 0.0756061
9.64808 0.0773985
9.65235 0.0756132
9.65626 0.0754912
9.6602 0.0754032
9.66424 0.0754095
9.66966 0.0767931
9.67152 0.0714246
9.67351 0.07543
9.67752 0.0754047
9.68162 0.0754737
9.68591 0.075731
9.68636 0.0761789
9.68969 0.0754776
9.69437 0.0761195
9.7002 0.0779175
9.70033 0.0780459
9.70426 0.0759302
9.70778 0.075418
9.71185 0.0754554
9.71583 0.0753961
9.7199 0.075433
9.724 0.0755021
9.72826 0.0757232
9.73194 0.0753755
9.73806 0.0774587
9.74274 0.0760844
9.74629 0.0756083
9.74642 0.0757367
9.75011 0.0753919
9.75434 0.0755894
9.75826 0.0754702
9.76226 0.075441
9.76783 0.0769806
9.77158 0.0714866
9.77203 0.0759681
9.77216 0.0760964
9.77556 0.0754598
9.78062 0.0764869
9.78075 0.0766153
9.7844 0.0762335
9.78453 0.0763619
9.78965 0.0774552
9.79369 0.0754418
9.79382 0.0755702
9.79884 0.0765627
9.80186 0.0755419
9.80199 0.0756703
9.80577 0.0754194
9.80987 0.0754834
9.81419 0.0757747
9.81819 0.0757455
9.82258 0.076099
9.82835 0.0778337
9.83197 0.075403
9.83608 0.075475
9.84091 0.0762798
9.84438 0.0757099
9.84825 0.0755528
9.85239 0.0756559
9.85617 0.0754055
9.86025 0.0754458
9.86493 0.0760902
9.86951 0.0746204
9.87162 0.0715215
9.87348 0.0753985
9.88027 0.0781608
9.88431 0.0761474
9.88854 0.076342
9.89168 0.0754491
9.89591 0.0756436
9.89604 0.075772
9.90033 0.0760287
9.90423 0.0759027
9.90436 0.0760311
9.90776 0.0753984
9.9118 0.0754008
9.91817 0.0777418
9.92263 0.0761447
9.9259 0.0753837
9.93019 0.0756439
9.93404 0.0754522
9.93811 0.0754921
9.94227 0.0756239
9.9424 0.0757522
9.94631 0.0756262
9.95009 0.0753747
9.95624 0.0774906
9.96025 0.0754441
9.96422 0.0753843
9.96954 0.0766745
9.96967 0.0768029
9.97153 0.0714344
9.97352 0.0754398
9.9775 0.0753834
9.98153 0.0753863
9.9864 0.0762198
9.98973 0.0755185
9.98986 0.0756469
9.99434 0.0760943
9.99806 0.0757782

