% time_sec delay_sec
1.13781 0.0371593
1.13781 0.0371593
1.23781 0.0371545
1.33779 0.0371412
1.43512 0.339147
1.43779 0.0371328
1.53781 0.0371571
1.6378 0.0371439
1.73797 0.0373186
1.7381 0.339454
1.8378 0.0371513
1.93646 0.235811
1.9388 0.038791
1.94039 0.0424003
1.94454 0.0425172
2.03641 0.130353
2.0385 0.0384922
2.04054 0.0425574
2.04455 0.0425274
2.04849 0.0424348
2.05284 0.0427554
2.05665 0.0425309
2.06057 0.0424146
2.06472 0.0425329
2.06864 0.0424211
2.07474 0.0424711
2.07893 0.0426205
2.07905 0.0427489
2.08276 0.0424238
2.08689 0.04252
2.08702 0.0426484
2.09083 0.0424251
2.09096 0.0425535
2.09486 0.042419
2.09889 0.0424214
2.10293 0.0424227
2.10696 0.0424201
2.11309 0.0445118
2.11716 0.0425314
2.12139 0.0427283
2.12542 0.0427307
2.1292 0.0424768
2.13446 0.043698
2.13884 0.038838
2.1391 0.0431283
2.14249 0.0424898
2.14656 0.0425272
2.15092 0.0428481
2.15457 0.0424692
2.1606 0.0444631
2.16464 0.0424522
2.16878 0.0425553
2.17268 0.0424293
2.17281 0.0425577
2.17691 0.0426257
2.17704 0.0427541
2.18085 0.0425318
2.18521 0.0428547
2.18892 0.0425352
2.19334 0.0429198
2.19699 0.042533
2.20295 0.0444593
2.20308 0.0445877
2.20702 0.042476
2.21134 0.0427663
2.21506 0.0424492
2.2191 0.042455
2.2232 0.0425241
2.22746 0.0427526
2.23159 0.0428528
2.23652 0.0437454
2.23854 0.0385364
2.24091 0.042924
2.24444 0.0424163
2.25091 0.0448546
2.25469 0.0425874
2.25867 0.0425305
2.26268 0.0425052
2.26672 0.0425145
2.27079 0.042548
2.27473 0.042457
2.27486 0.0425854
2.27903 0.0427202
2.28319 0.042852
2.28716 0.0427897
2.29351 0.0430844
2.29703 0.0425772
2.30113 0.0426434
2.30517 0.0426497
2.30901 0.042457
2.31305 0.0424633
2.31706 0.0424341
2.32129 0.042631
2.32541 0.0427227
2.33163 0.0449058
2.33445 0.0416772
2.33856 0.0385535
2.34122 0.0452458
2.34481 0.0427874
2.34862 0.0425681
2.35292 0.0428312
2.35667 0.0425492
2.36071 0.0425545
2.36462 0.0424279
2.36474 0.0425563
2.36865 0.0424298
2.37278 0.0425255
2.37919 0.0449056
2.38403 0.0436907
2.38736 0.0429895
2.39127 0.0428645
2.39512 0.0426768
2.39896 0.0424891
2.40296 0.0424564
2.40703 0.0424938
2.41142 0.0428463
2.41504 0.0424318
2.42209 0.045447
2.42542 0.0427319
2.42914 0.0424158
2.43452 0.0437653
2.43892 0.0389133
2.43905 0.0430752
2.43917 0.0432036
2.44251 0.0425023
2.44648 0.0424425
2.44661 0.0425709
2.45083 0.0427633
2.45462 0.0425129
2.45869 0.0425493
2.46259 0.0424228
2.46875 0.0445416
2.47279 0.0425312
2.47292 0.0426596
2.47705 0.0427627
2.47718 0.0428911
2.48109 0.0427661
2.48545 0.043089
2.48923 0.0428356
2.49339 0.0429674
2.49691 0.0424523
2.50114 0.0426468
2.50504 0.0425208
2.51145 0.0428761
2.51504 0.0424306
2.51517 0.042559
2.51917 0.0425298
2.52315 0.0424704
2.52738 0.0426679
2.5316 0.0428614
2.53651 0.0437309
2.53881 0.0388103
2.54093 0.0429411
2.54452 0.0424995
2.54849 0.0424397
2.55282 0.0427339
2.55866 0.0445372
2.56276 0.0425924
2.56674 0.0425361
2.57068 0.0424451
2.57472 0.0424515
2.57485 0.0425799
2.57895 0.0426484
2.57908 0.0427768
2.5828 0.0424607
2.58722 0.0428463
2.59113 0.0427214
2.59702 0.0445844
2.60109 0.0426022
2.60525 0.042729
2.609 0.0424469
2.61311 0.0425155
2.61708 0.0424551
2.62157 0.0429093
2.62202 0.0433572
2.62547 0.0427833
2.62925 0.0425294
2.63451 0.0437466
2.63883 0.0388284
2.63896 0.0429903
2.64274 0.042737
2.64864 0.0446035
2.65294 0.0428498
2.65656 0.0424394
2.65669 0.0425678
2.6606 0.0424487
2.66474 0.0425478
2.66878 0.0425536
2.67281 0.042556
2.67691 0.042624
2.68095 0.0426275
2.68844 0.0460886
2.69139 0.0429883
2.6953 0.0428633
2.69543 0.0429917
2.69963 0.0431546
2.70303 0.042519
2.70706 0.0425219
2.71129 0.0427189
2.71507 0.0424639
2.71917 0.0425325
2.72378 0.0431082
2.72391 0.0432366
2.72926 0.0425382
2.73205 0.0412918
2.73888 0.0388762
2.73914 0.0443449
2.74279 0.0427848
2.7466 0.0425655
2.75084 0.0427659
2.75462 0.0425154
2.75869 0.0425518
2.76273 0.0425537
2.76676 0.042555
2.77077 0.0425263
2.77708 0.0448091
2.77721 0.0449375
2.78118 0.042858
2.78528 0.0429241
2.78541 0.0430525
2.789 0.042608
2.79345 0.0430277
2.79358 0.0431561
2.79691 0.0424503
2.80114 0.0426448
2.80495 0.0424255
2.80908 0.0425246
2.81517 0.0445778
2.81908 0.0424345
2.8192 0.0425629
2.82318 0.0425036
2.82744 0.0427321
2.83167 0.0429296
2.83642 0.0436435
2.8386 0.038594
2.84113 0.0431411
2.84126 0.0432695
2.84453 0.042505
2.8485 0.0424412
2.85279 0.0427043
2.85292 0.0428327
2.85654 0.0424183
2.86058 0.0424276
2.86674 0.0445538
2.87081 0.0425745
2.87485 0.0425808
2.87911 0.0428089
2.88283 0.0424928
2.88712 0.04275
2.89103 0.0426251
2.89513 0.0426907
2.89526 0.0428191
2.89904 0.0425657
2.90509 0.0445803
2.90912 0.0425654
2.91303 0.0424394
2.91316 0.0425678
2.91716 0.0425385
2.92139 0.042736
2.92546 0.0427695
2.92918 0.0424534
2.9345 0.0437367
2.93891 0.0389078
2.93904 0.0430698
2.93917 0.0431981
2.94282 0.0428164
2.94648 0.0424376
2.95086 0.0427935
2.9567 0.0445938
2.96074 0.0425863
2.96462 0.0424327
2.96475 0.0425611
2.96873 0.0425047
2.9727 0.0424448
2.97283 0.0425732
2.97693 0.0426373
2.97705 0.0427657
2.98096 0.0426407
2.98564 0.0432831
2.98929 0.0429014
2.99525 0.0448277
2.99928 0.0428098
3.00294 0.042431
3.00307 0.0425594
3.00708 0.0425367
3.01134 0.0427648
3.01506 0.0424476
3.01909 0.0424535
3.02317 0.0424909
3.02826 0.0435491
3.03166 0.0429135
3.03646 0.0416689
3.03854 0.0385389
3.04091 0.0429265
3.04662 0.0446019
3.05086 0.042785
3.05098 0.0429134
3.05464 0.0425346
3.05868 0.0425438
3.06272 0.0425491
3.06676 0.0425545
3.0708 0.0425563
3.07483 0.0425611
3.07893 0.0426291
3.08524 0.0449045
3.08906 0.0426684
3.09332 0.0428965
3.09345 0.0430248
3.09691 0.0424539
3.10095 0.0424568
3.10499 0.0424655
3.10902 0.0424668
3.11303 0.0424381
3.11716 0.0425333
3.12318 0.0445253
3.12751 0.0427993
3.13161 0.0428683
3.13655 0.0437729
3.13854 0.0385328
3.14116 0.0431772
3.14466 0.0426383
3.14857 0.0425163
3.15287 0.0427794
3.153 0.0429078
3.15668 0.0425596
3.16069 0.0425338
3.16472 0.0425361
3.16876 0.042542
3.17498 0.0447275
3.17921 0.0429076
3.18405 0.0437096
3.18738 0.0430083
3.19116 0.0427549
3.19497 0.0425321
3.19895 0.0424728
3.20304 0.0425334
3.20698 0.0424385
3.21314 0.0445618
3.21721 0.0425825
3.22141 0.0427483
3.22545 0.0427547
3.22916 0.0424386
3.23452 0.043757
3.23862 0.0386166
3.23875 0.0427785
3.23888 0.0429069
3.24266 0.0426535
3.2465 0.0424653
3.25095 0.0428834
3.25461 0.0425046
3.25868 0.042541
3.26477 0.0445976
3.26878 0.0425556
3.27278 0.0425268
3.27291 0.0426552
3.27705 0.0427584
3.28096 0.0426334
3.28108 0.0427618
3.28531 0.0429563
3.28922 0.0428313
3.29339 0.0429631
3.297 0.0425452
3.30309 0.0445999
3.30709 0.042551
3.30722 0.0426794
3.31147 0.0428995
3.31506 0.0424539
3.31919 0.0425536
3.32317 0.0424943
3.32753 0.0428201
3.3316 0.0428541
3.3365 0.0437236
3.33862 0.0386119
3.34102 0.0430306
3.34454 0.0425229
3.34861 0.0425603
3.35464 0.0445552
3.35872 0.0425788
3.36263 0.0424563
3.36276 0.0425847
3.36673 0.0425283
3.3708 0.0425618
3.37477 0.0425019
3.3749 0.0426303
3.37894 0.0426367
3.37907 0.042765
3.38279 0.042449
3.38721 0.0428346
3.39355 0.0451461
3.39695 0.0424937
3.40112 0.0426255
3.40505 0.0425306
3.40902 0.0424663
3.41309 0.0424997
3.41709 0.0424705
3.42126 0.0426052
3.42139 0.0427336
3.42542 0.042732
3.43164 0.0449151
3.43446 0.0416865
3.43885 0.0388472
3.43898 0.0430092
3.44475 0.0447444
3.44866 0.0426056
3.45296 0.0428687
3.45658 0.0424582
3.45671 0.0425866
3.46072 0.0425608
3.46472 0.0425355
3.46876 0.0425374
3.4728 0.0425398
3.4769 0.0426118
3.48395 0.045625
3.48408 0.0457534
3.48735 0.0429726
3.49138 0.0429761
3.4951 0.04266
3.49939 0.0429201
3.50298 0.0424751
3.50705 0.0425126
3.51131 0.0427406
3.51516 0.0425479
3.52157 0.0449245
3.52541 0.0427201
3.52554 0.0428485
3.52932 0.0425951
3.53451 0.043754
3.53887 0.0388709
3.53913 0.0431612
3.54278 0.0427794
3.5465 0.0424628
3.55095 0.042881
3.55461 0.0425021
3.55868 0.0425385
3.56272 0.0425444
3.56675 0.0425497
3.57278 0.0445411
3.57291 0.0446695
3.57708 0.042787
3.5772 0.0429154
3.58111 0.0427904
3.58579 0.0434328
3.58931 0.0429227
3.59338 0.0429572
3.59693 0.0424771
3.60097 0.0424805
3.6051 0.0425767
3.60523 0.0427051
3.61141 0.0448555
3.61154 0.0449839
3.6152 0.0425878
3.6192 0.0425586
3.62317 0.0424992
3.62747 0.0427589
3.6316 0.0428591
3.63641 0.0436353
3.63654 0.0437636
3.63853 0.0385235
3.64103 0.0430395
3.64455 0.0425318
3.64859 0.0425381
3.65289 0.0428013
3.65667 0.0425503
3.66277 0.0446104
3.66677 0.0425683
3.67069 0.0424463
3.67081 0.0425747
3.67485 0.042581
3.67905 0.0427468
3.6828 0.0424619
3.68722 0.0428475
3.69113 0.0427225
3.69497 0.0425308
3.70106 0.044585
3.70503 0.0425044
3.70516 0.0426328
3.70903 0.0424752
3.7131 0.0425126
3.71708 0.0424523
3.7214 0.0427465
3.72547 0.04278
3.72922 0.042495
3.73447 0.0437122
3.73889 0.0388873
3.73902 0.0430492
3.73915 0.0431776
3.7428 0.0427958
3.74658 0.0425454
3.75306 0.0449877
3.75671 0.0425916
3.76063 0.0424725
3.76473 0.0425445
3.76877 0.0425503
3.77281 0.0425527
3.77691 0.0426207
3.77704 0.0427491
3.78095 0.0426241
3.78486 0.0424991
3.79139 0.0450017
3.7953 0.04286
3.79962 0.0431473
3.80295 0.0424455
3.80709 0.0425457
3.81138 0.0428049
3.81509 0.0424837
3.8192 0.0425558
3.82317 0.0424925
3.82926 0.0445501
3.83201 0.0412558
3.83651 0.041713
3.83862 0.038618
3.8426 0.044609
3.84664 0.0425986
3.8509 0.0428301
3.85456 0.0424513
3.85468 0.0425797
3.85869 0.0425499
3.86272 0.0425517
3.86676 0.042557
3.8708 0.0425594
3.87484 0.0425658
3.88093 0.0446234
3.88541 0.043058
3.88913 0.0427419
3.89358 0.0431615
3.89371 0.0432899
3.89691 0.0424558
3.90101 0.0425219
3.90511 0.042591
3.90524 0.0427194
3.90908 0.0425267
3.91303 0.0424357
3.91917 0.0445436
3.92352 0.0428498
3.92746 0.0427554
3.9316 0.0428556
3.93647 0.0436979
3.9366 0.0438263
3.93859 0.0385862
3.94122 0.0432306
3.94468 0.0426567
3.94858 0.0425306
3.95288 0.0427938
3.95666 0.0425428
3.9607 0.0425481
3.96474 0.0425539
3.97084 0.0446145
3.975 0.0427325
3.9792 0.0428983
3.98324 0.0429017
3.98721 0.0428395
3.99112 0.0427145
3.99497 0.0425268
3.999 0.0425297
4.00307 0.0425592
4.00909 0.0445518
4.01313 0.0425414
4.01707 0.0424459
4.0172 0.0425743
4.02121 0.0425491
4.02543 0.042742
4.02928 0.0425543
4.03447 0.0437132
4.03889 0.0388884
4.03902 0.0430503
4.03915 0.0431787
4.04267 0.0426685
4.04658 0.042546
4.05094 0.0428703
4.05466 0.0425536
4.06072 0.0445821
4.06476 0.0425677
4.0687 0.0424797
4.07278 0.0425201
4.07685 0.0425599
4.08085 0.0425317
4.08489 0.0425381
4.08906 0.0426699
4.09306 0.0426411
4.09319 0.0427695
4.09924 0.0447831
4.09937 0.0449115
4.10299 0.0424843
4.10312 0.0426127
4.10712 0.0425829
4.11135 0.0427793
4.1151 0.0424933
4.11914 0.0424986
4.12324 0.0425677
4.1276 0.0428935
4.13164 0.0428964
4.13651 0.0437308
4.13856 0.0385529
4.14093 0.0429405
4.14448 0.0424639
4.15093 0.0448711
4.15105 0.0449995
4.15471 0.0426039
4.15869 0.042547
4.16266 0.0424906
4.16674 0.042531
4.17077 0.0425334
4.17481 0.0425357
4.17898 0.0426705
4.18285 0.0425139
4.18951 0.0451419
4.19419 0.0437671
4.19704 0.0425863
4.20101 0.042524
4.20114 0.0426524
4.20505 0.0425304
4.20905 0.0424971
4.21309 0.0425035
4.2171 0.0424742
4.22127 0.042609
4.22761 0.044916
4.23161 0.042871
4.23443 0.0416591
4.23886 0.038855
4.24123 0.0452593
4.24469 0.0426726
4.24482 0.042801
4.24854 0.0424844
4.24867 0.0426128
4.25296 0.0428759
4.25659 0.0424654
4.25672 0.0425938
4.26069 0.0425369
4.26473 0.0425393
4.26879 0.0425722
4.2728 0.0425435
4.27921 0.0449236
4.27934 0.045052
4.28408 0.0437399
4.28741 0.0430386
4.29132 0.0429136
4.29523 0.0427886
4.29898 0.0425036
4.30301 0.042502
4.30708 0.0425395
4.31131 0.0427364
4.31714 0.0445323
4.3214 0.0427441
4.32153 0.0428725
4.32544 0.0427504
4.32929 0.0425627
4.33448 0.0437216
4.33884 0.0388345
4.3391 0.0431249
4.34256 0.042552
4.3465 0.042461
4.34663 0.0425894
4.35092 0.0428481
4.3546 0.0425003
4.35871 0.0425679
4.36274 0.0425697
4.36877 0.0445641
4.37281 0.0425537
4.37704 0.0427541
4.38111 0.0427886
4.38124 0.042917
4.38534 0.0429831
4.38912 0.0427298
4.39341 0.0429899
4.39699 0.042537
4.40109 0.0426031
4.40721 0.0446879
4.41147 0.0428992
4.41509 0.0424848
4.41919 0.0425533
4.42317 0.042494
4.4274 0.0426915
4.43163 0.0428849
4.4365 0.0437233
4.43884 0.0388338
4.44095 0.0429646
4.44108 0.043093
4.44457 0.0425542
4.44861 0.0425605
4.45291 0.0428237
4.45868 0.0445608
4.46272 0.0425498
4.46676 0.0425591
4.4708 0.0425654
4.47481 0.0425367
4.47898 0.0426714
4.48282 0.0424837
4.48724 0.0428694
4.49102 0.042616
4.49705 0.0446075
4.50115 0.0426568
4.50518 0.0426552
4.50902 0.0424665
4.51313 0.042535
4.5171 0.0424747
4.52127 0.0426094
4.5214 0.0427378
4.52549 0.0428024
4.52927 0.0425485
4.53447 0.0437074
4.53889 0.0388865
4.53902 0.0430484
4.5428 0.0427951
4.5486 0.0445643
4.55306 0.0429702
4.55661 0.0424935
4.55674 0.0426219
4.56066 0.0425028
4.56473 0.0425403
4.56876 0.0425421
4.5728 0.0425485
4.57687 0.0425854
4.58104 0.0427172
4.58745 0.0450914
4.59139 0.0429808
4.5953 0.0428558
4.59949 0.0430187
4.59962 0.0431471
4.60298 0.0424764
4.60709 0.0425455
4.61132 0.0427424
4.61516 0.0425497
4.6192 0.042556
4.62541 0.0447391
4.62554 0.0448675
4.62919 0.042469
4.62932 0.0425974
4.63204 0.0412848
4.6389 0.0389003
4.63916 0.044369
4.64281 0.0428089
4.64676 0.0427179
4.65095 0.0428833
4.65461 0.0425044
4.65868 0.0425408
4.66271 0.0425427
4.66678 0.0425751
4.67079 0.0425464
4.6771 0.0448292
4.6812 0.0428781
4.68543 0.0430726
4.68902 0.0426281
4.69347 0.0430478
4.69696 0.0425015
4.70119 0.042696
4.705 0.0424767
4.7091 0.0425408
4.71509 0.0444972
4.71522 0.0446255
4.71916 0.0425178
4.72332 0.0426496
4.72749 0.0427809
4.73162 0.0428811
4.73656 0.0437856
4.73855 0.0385456
4.74118 0.0431899
4.74457 0.0425538
4.74858 0.0425251
4.75288 0.0427882
4.753 0.0429166
4.75669 0.0425683
4.76073 0.0425736
4.76676 0.0445715
4.77083 0.0425922
4.77487 0.0425985
4.775 0.0427269
4.77913 0.0428266
4.78285 0.0425105
4.78714 0.0427677
4.79105 0.0426427
4.79499 0.0425483
4.79902 0.0425512
4.80511 0.0446009
4.80524 0.0447293
4.80914 0.042586
4.81312 0.0425262
4.81715 0.042528
4.82266 0.0440035
4.82551 0.0428222
4.82929 0.0425688
4.83448 0.0437238
4.8389 0.0388989
4.83903 0.0430608
4.83916 0.0431892
4.84281 0.0428075
4.84653 0.0424908
4.85095 0.0428779
4.85672 0.044616
4.86076 0.0426085
4.86474 0.0425487
4.86871 0.0424923
4.87275 0.0424987
4.87288 0.042627
4.87689 0.0425978
4.87702 0.0427262
4.88105 0.0427296
4.88528 0.0429241
4.88919 0.0427991
4.89528 0.0448538
4.89931 0.04284
4.90297 0.0424611
4.9031 0.0425895
4.9071 0.0425613
4.91136 0.0427894
4.91511 0.0425033
4.91912 0.0424781
4.92325 0.0425782
4.92761 0.0429001
4.93187 0.0431287
4.93652 0.0417246
4.93863 0.0386297
4.94104 0.0430484
4.94664 0.044623
4.951 0.0429311
4.95466 0.0425522
4.9587 0.0425615
4.96271 0.0425362
4.96674 0.0425381
4.97078 0.0425405
4.97478 0.0425117
4.97895 0.0426465
4.97908 0.0427749
4.98584 0.0454997
4.98917 0.0427817
4.99372 0.0432986
4.99693 0.0424685
5.00102 0.0425346
5.00507 0.0425467
5.00904 0.0424863
5.01318 0.042586
5.01718 0.0425527
5.02317 0.0445126
5.02749 0.0427866
5.03173 0.0429841
5.0366 0.0438264
5.03859 0.0385863
5.04122 0.0432307
5.04471 0.0426918
5.04865 0.0425999
5.05298 0.0428941
5.05663 0.0425108
5.0607 0.0425467
5.06477 0.0425841
5.06878 0.0425583
5.07484 0.0445868
5.0791 0.0427975
5.07923 0.0429259
5.08295 0.0426127
5.08709 0.0427129
5.09099 0.0425874
5.09496 0.0425231
5.09907 0.0425922
5.10306 0.0425544
5.10713 0.0425908
5.1131 0.044523
5.11717 0.0425427
5.12146 0.0428018
5.12543 0.0427425
5.12928 0.0425548
5.1345 0.0437448
5.13886 0.0388577
5.13912 0.0431481
5.14258 0.0425752
5.14665 0.0426126
5.15091 0.0428402
5.15104 0.0429686
5.15469 0.0425897
5.1587 0.0425639
5.16476 0.0445894
5.1688 0.0425785
5.17281 0.0425498
5.17293 0.0426781
5.17694 0.0426529
5.18114 0.0428158
5.18492 0.0425624
5.18537 0.0430103
5.18915 0.0427569
5.18928 0.0428853
5.19341 0.042982
5.19702 0.0425602
5.20301 0.0445176
5.20314 0.044646
5.20714 0.0425965
5.20727 0.0427249
5.21139 0.0428166
5.21152 0.042945
5.21511 0.0425
5.21914 0.0425019
5.22325 0.0425709
5.22748 0.0427684
5.22761 0.0428968
5.23164 0.0428997
5.23647 0.043699
5.2366 0.0438274
5.23859 0.0385873
5.24096 0.0429749
5.24109 0.0431033
5.24459 0.0425644
5.24865 0.0425979
5.25471 0.0446239
5.25875 0.0426125
5.26279 0.0426183
5.26747 0.0432631
5.27077 0.0425332
5.27484 0.0425667
5.27904 0.0427325
5.27917 0.0428609
5.28288 0.0425448
5.2873 0.0429304
5.29416 0.0457525
5.29698 0.0425239
5.30115 0.0426557
5.30505 0.0425297
5.30905 0.0424964
5.31312 0.0425299
5.31713 0.0425007
5.32168 0.0430176
5.32542 0.0427242
5.33173 0.0450011
5.33451 0.0417374
5.33865 0.0386448
5.33878 0.0428067
5.3448 0.0447987
5.34865 0.0425937
5.35298 0.042888
5.3531 0.0430164
5.35673 0.0426059
5.36067 0.0425179
5.3608 0.0426463
5.36471 0.0425243
5.36484 0.0426526
5.36875 0.0425261
5.36888 0.0426545
5.37279 0.0425324
5.37689 0.0426045
5.37702 0.0427328
5.3841 0.0457772
5.38737 0.0429964
5.39141 0.0429998
5.39512 0.0426837
5.39941 0.0429399
5.40303 0.0425221
5.40707 0.0425284
5.4113 0.0427254
5.41508 0.0424749
5.42146 0.0448205
5.42159 0.0449488
5.42544 0.0427444
5.42556 0.0428728
5.42928 0.0425567
5.43447 0.0437156
5.4346 0.043844
5.43864 0.0386374
5.4389 0.0429277
5.44281 0.0428027
5.44294 0.0429311
5.44665 0.0426145
5.45094 0.0428731
5.45463 0.0425254
5.45476 0.0426538
5.45867 0.0425307
5.4588 0.0426591
5.46274 0.0425637
5.46677 0.0425695
5.4729 0.0446582
5.47716 0.042873
5.4812 0.0428764
5.48543 0.0430709
5.48921 0.0428175
5.4934 0.0429804
5.49696 0.0425004
5.50106 0.0425665
5.50506 0.0425378
5.51144 0.0448788
5.51156 0.0450072
5.51553 0.0429266
5.51919 0.0425473
5.52323 0.0425507
5.52742 0.0427131
5.53165 0.0429105
5.53646 0.0436867
5.53659 0.0438151
5.53858 0.038575
5.54108 0.0430909
5.54457 0.0425481
5.5447 0.0426765
5.54861 0.0425545
5.55291 0.0428176
5.55668 0.0425627
5.56275 0.0445916
5.56746 0.0432543
5.57086 0.0426216
5.5749 0.0426279
5.57503 0.0427563
5.57913 0.0428249
5.58285 0.0425088
5.58727 0.0428944
5.59105 0.0426411
5.59499 0.0425467
5.60111 0.044632
5.60123 0.0447604
5.60508 0.0425554
5.60521 0.0426837
5.60905 0.042491
5.60918 0.0426194
5.61308 0.0424934
5.61712 0.0424953
5.62167 0.0430122
5.62551 0.04282
5.62923 0.0425039
5.63448 0.043725
5.63887 0.0388691
5.63913 0.0431594
5.64259 0.0425865
5.64653 0.0424956
5.65311 0.0450351
5.65679 0.0426701
5.66077 0.0426132
5.66471 0.0425223
5.66484 0.0426507
5.66875 0.0425281
5.66888 0.0426565
5.67279 0.0425345
5.67292 0.0426629
5.67702 0.0427309
5.68106 0.0427343
5.6856 0.0432483
5.69144 0.0450463
5.69534 0.0429045
5.70031 0.0438348
5.703 0.042494
5.70704 0.0425004
5.71142 0.0428489
5.71514 0.0425322
5.71918 0.0425386
5.72335 0.0426704
5.72931 0.0445996
5.73206 0.0413053
5.73649 0.0416963
5.73861 0.0386014
5.74258 0.0445924
5.74668 0.0426441
5.75095 0.0428757
5.75473 0.0426252
5.75868 0.0425372
5.7588 0.0426656
5.76271 0.042543
5.76284 0.0426714
5.76672 0.0425138
5.76749 0.0432812
5.77082 0.0425823
5.77486 0.0425887
5.78095 0.0446463
5.78544 0.0430809
5.78557 0.0432093
5.78903 0.0426364
5.78915 0.0427648
5.79361 0.0431845
5.79697 0.0425098
5.80107 0.0425759
5.8052 0.0426761
5.80908 0.0425185
5.81315 0.0425559
5.81917 0.0445463
5.82321 0.042533
5.8275 0.0427887
5.83176 0.0430172
5.83657 0.0437934
5.83888 0.0388728
5.84131 0.0433226
5.84471 0.0426865
5.84861 0.0425605
5.85297 0.0428858
5.85662 0.0425025
5.85675 0.0426309
5.86073 0.042574
5.86476 0.0425763
5.87086 0.0446369
5.87506 0.042786
5.87929 0.0429829
5.88396 0.0436254
5.8873 0.0429241
5.89108 0.0426707
5.89524 0.0428025
5.89896 0.0424864
5.90305 0.042547
5.90911 0.0445651
5.91315 0.0425547
5.91722 0.0425921
5.92266 0.0440049
5.92552 0.0428236
5.92923 0.0425075
5.93449 0.0437286
5.93888 0.0388726
5.93913 0.043163
5.94259 0.0425901
5.94663 0.0425964
5.95096 0.0428901
5.95462 0.0425113
5.96078 0.0446376
5.96475 0.042561
5.96879 0.0425668
5.97286 0.0426042
5.977 0.0427073
5.981 0.0426757
5.98535 0.0429986
5.98913 0.0427452
5.99342 0.0430014
6.00034 0.0458818
6.00313 0.0426215
6.00714 0.0425946
6.01143 0.0428538
6.01511 0.0425055
6.01915 0.0425114
6.02319 0.0425177
6.02755 0.0428436
6.03165 0.0429087
6.03649 0.043712
6.03662 0.0438403
6.0386 0.0386003
6.04098 0.0429878
6.04463 0.0426085
6.05098 0.0449214
6.05476 0.0426542
6.05874 0.0425973
6.06281 0.0426376
6.06672 0.0425151
6.06717 0.042963
6.07079 0.042548
6.07092 0.0426764
6.07492 0.0426501
6.07928 0.0429715
6.0829 0.042557
6.08933 0.0449618
6.09357 0.043142
6.09696 0.0425049
6.09837 0.0439113
6.101 0.0425083
6.10507 0.0425442
6.1091 0.0425415
6.11314 0.0425479
6.11715 0.0425221
6.12157 0.0429106
6.12762 0.0449258
6.13168 0.042943
6.13451 0.0417311
6.1389 0.0388959
6.14127 0.0453002
6.14483 0.0428073
6.14864 0.042584
6.15297 0.0428783
6.15309 0.0430067
6.15665 0.04253
6.15678 0.0426584
6.16069 0.0425353
6.16082 0.0426637
6.16473 0.0425377
6.16485 0.0426661
6.1688 0.0425746
6.1728 0.0425459
6.17928 0.0449882
6.18398 0.043645
6.18853 0.044159
6.19123 0.0428187
6.19526 0.0428221
6.19898 0.042506
6.20304 0.0425355
6.20711 0.042569
6.21141 0.0428321
6.21717 0.0445658
6.22144 0.0427776
6.22156 0.042906
6.22544 0.0427488
6.22935 0.0426239
6.23454 0.0437828
6.23887 0.0388646
6.23913 0.0431549
6.24259 0.042582
6.24656 0.0425222
6.24669 0.0426506
6.25095 0.0428781
6.25108 0.0430065
6.25464 0.0425304
6.25476 0.0426588
6.25874 0.0426019
6.26274 0.0425726
6.26887 0.0446609
6.27284 0.0425843
6.27698 0.0426874
6.28114 0.0428192
6.28127 0.0429476
6.28492 0.0425658
6.28537 0.0430137
6.28915 0.0427603
6.29332 0.0428921
6.29344 0.0430205
6.29699 0.0425364
6.30109 0.0426026
6.30721 0.0446868
6.31147 0.0428941
6.31512 0.0425108
6.31557 0.0429587
6.31919 0.0425478
6.32323 0.0425512
6.32746 0.0427486
6.33165 0.042911
6.33659 0.0438116
6.3389 0.038891
6.34104 0.0430529
6.34463 0.0426114
6.34867 0.0426177
6.35284 0.0427524
6.35868 0.0445557
6.36281 0.0426421
6.36746 0.0432558
6.37076 0.0425259
6.37089 0.0426542
6.37487 0.0425944
6.37929 0.0429825
6.37942 0.0431109
6.38288 0.042538
6.3873 0.0429236
6.39108 0.0426702
6.39697 0.0445338
6.3971 0.0446622
6.40104 0.0425516
6.40117 0.04268
6.40521 0.0426824
6.40905 0.0424936
6.41315 0.0425622
6.41716 0.0425334
6.42171 0.0430504
6.42542 0.0427298
6.42933 0.0426043
6.43452 0.0437592
6.43888 0.0388722
6.439 0.0430341
6.44259 0.0425896
6.44865 0.0446156
6.45307 0.0429864
6.45676 0.0426382
6.4608 0.0426474
6.46471 0.0425254
6.46484 0.0426538
6.46875 0.0425272
6.46888 0.0426556
6.47292 0.042662
6.47686 0.0425705
6.47699 0.0426989
6.48102 0.0427023
6.48743 0.0450765
6.49134 0.0429348
6.49525 0.0428098
6.49954 0.043066
6.50031 0.0438334
6.50303 0.0425237
6.50707 0.0425261
6.51136 0.0427892
6.51514 0.0425343
6.51918 0.0425406
6.52546 0.0447894
6.52559 0.0449178
6.52931 0.0425849
6.53207 0.0413074
6.53886 0.0388607
6.53912 0.0443294
6.53925 0.0444578
6.54258 0.0425782
6.54668 0.0426467
6.55098 0.0429093
6.55464 0.0425305
6.55476 0.0426589
6.55867 0.0425358
6.5588 0.0426642
6.56271 0.0425377
6.56284 0.0426661
6.56713 0.0429212
6.57081 0.042573
6.57719 0.044918
6.58123 0.0429046
6.58546 0.0430992
6.58924 0.0428458
6.58936 0.0429742
6.59343 0.0430087
6.59698 0.0425246
6.60108 0.0425908
6.60508 0.0425586
6.60521 0.042687
6.60912 0.0425604
6.61524 0.0446452
6.61921 0.0425641
6.62324 0.0425675
6.6275 0.0427961
6.63167 0.0429274
6.63661 0.0438319
6.6386 0.0385918
6.64122 0.0432362
6.64459 0.042569
6.64862 0.0425674
6.65305 0.0429589
6.6567 0.0425756
6.66074 0.0425809
6.66747 0.0452805
6.6709 0.0426621
6.67503 0.0427618
6.67917 0.0428615
6.68288 0.0425454
6.68718 0.0428026
6.69108 0.0426776
6.69518 0.0427432
6.69903 0.0425555
6.70514 0.0446363
6.70918 0.0426214
6.71315 0.0425616
6.71719 0.0425679
6.72142 0.0427654
6.72542 0.0427327
6.72933 0.0426077
6.73446 0.0437004
6.73459 0.0438288
6.73888 0.0388756
6.73914 0.0431659
6.7426 0.042593
6.74663 0.0425954
6.75099 0.0429202
6.75676 0.0446583
6.76081 0.0426508
6.76478 0.042591
6.76885 0.0426279
6.77289 0.0426343
6.77699 0.0426983
6.78102 0.0427017
6.78493 0.0425768
6.78538 0.0430247
6.78916 0.0427713
6.79538 0.0449544
6.80031 0.0438329
6.803 0.0424921
6.80313 0.0426204
6.80707 0.0425295
6.81139 0.0428198
6.81514 0.0425337
6.81918 0.0425401
6.82335 0.0426719
6.82758 0.0428693
6.82803 0.0433172
6.83194 0.0431952
6.83646 0.0416667
6.8389 0.0388913
6.84101 0.0430221
6.84668 0.0446629
6.85101 0.0429399
6.85467 0.042561
6.85479 0.0426894
6.8587 0.0425664
6.86281 0.0426384
6.86675 0.0425429
6.86752 0.0433103
6.87078 0.0425453
6.87091 0.0426737
6.87485 0.0425788
6.8794 0.0430952
6.88587 0.0455322
6.88952 0.0431336
6.89369 0.0432654
6.89696 0.0425014
6.90106 0.0425676
6.9051 0.0425739
6.90907 0.0425175
6.91315 0.042555
6.91718 0.0425534
6.92327 0.044611
6.9275 0.0427878
6.93179 0.0430474
6.9365 0.0437263
6.93663 0.0438547
6.93862 0.0386146
6.94125 0.043259
6.94471 0.042689
6.94862 0.042563
6.95298 0.0428883
6.95666 0.0425361
6.95679 0.0426645
6.9607 0.0425414
6.96082 0.0426698
6.96477 0.0425789
6.96881 0.0425847
6.97503 0.0447702
6.97515 0.0448986
6.97919 0.0428882
6.984 0.043659
6.98413 0.0437874
6.98842 0.0440446
6.99111 0.0427044
6.99499 0.0425478
6.99909 0.0426168
7.00306 0.042549
7.0071 0.0425579
7.01313 0.0445528
7.01719 0.042569
7.02117 0.0425086
7.02542 0.0427327
7.02933 0.0426077
7.03453 0.0437666
7.03888 0.0388796
7.03914 0.0431699
7.0426 0.042597
7.04664 0.0426028
7.05094 0.0428649
7.05106 0.0429933
7.05472 0.0426145
7.05873 0.0425887
7.06472 0.044552
7.06883 0.0426072
7.0729 0.0426436
7.07681 0.042524
7.08085 0.0425269
7.08492 0.0425604
7.08895 0.0425638
7.09315 0.0427256
7.09328 0.042854
7.09702 0.042563
7.10314 0.0446517
7.10724 0.0426985
7.1114 0.0428287
7.11153 0.0429571
7.11525 0.04264
7.11919 0.042544
7.12322 0.0425475
7.12758 0.0428733
7.13168 0.0429384
7.13661 0.043839
7.13892 0.0389184
7.14104 0.0430492
7.14456 0.042542
7.14863 0.0425794
7.15469 0.0446055
7.15876 0.0426251
7.16277 0.0425959
7.16716 0.0429523
7.17087 0.0426352
7.17498 0.0427037
7.17902 0.0427101
7.17914 0.0428384
7.18286 0.0425223
7.18728 0.042908
7.19382 0.0454106
7.19741 0.0429493
7.20119 0.042696
7.20512 0.0426011
7.20913 0.0425678
7.21313 0.0425391
7.21717 0.0425409
7.22172 0.0430579
7.22542 0.0427334
7.23177 0.0450448
7.23453 0.04175
7.23895 0.0389459
7.23908 0.0431078
7.24488 0.0448741
7.24866 0.0426069
7.25312 0.0430295
7.25677 0.0426502
7.26081 0.0426555
7.26475 0.0425606
7.26488 0.042689
7.26878 0.0425624
7.26891 0.0426908
7.27282 0.0425688
7.27686 0.0425746
7.27699 0.042703
7.28417 0.0458446
7.28731 0.0429354
7.2884 0.0440224
7.29135 0.0429389
7.29538 0.0429423
7.29583 0.0433902
7.29935 0.0428795
7.30307 0.0425589
7.3071 0.0425618
7.3114 0.0428249
7.31515 0.0425389
7.32216 0.0455234
7.32546 0.0427733
7.32559 0.0429016
7.32931 0.0425855
7.33453 0.0437756
7.33889 0.0388885
7.33915 0.0431788
7.33928 0.0433072
7.34261 0.0426059
7.34668 0.0426434
7.35104 0.0429682
7.35466 0.0425543
7.35479 0.0426827
7.35869 0.0425556
7.35882 0.042684
7.36276 0.0425925
7.36712 0.0429139
7.37279 0.0445548
7.37292 0.0446831
7.37721 0.042925
7.38125 0.0429284
7.38535 0.0429946
7.38916 0.0427723
7.39333 0.0429041
7.39346 0.0430325
7.39701 0.0425484
7.4011 0.0426146
7.40507 0.0425507
7.41158 0.0450202
7.41513 0.0425228
7.4192 0.0425597
7.42324 0.0425631
7.42746 0.0427566
7.4317 0.0429541
7.4366 0.0438275
7.43862 0.0386185
7.44112 0.0431345
7.44461 0.0425917
7.44865 0.0425981
7.45285 0.0427639
7.4567 0.0425751
7.46273 0.044573
7.46715 0.0429438
7.4709 0.0426577
7.47494 0.0426641
7.47506 0.0427925
7.47914 0.0428299
7.48285 0.0425138
7.48394 0.0436007
7.48727 0.0428995
7.49105 0.0426461
7.49521 0.0427739
7.50111 0.0446375
7.50512 0.042592
7.50909 0.0425277
7.51312 0.0425301
7.51716 0.0425319
7.52171 0.0430489
7.52542 0.0427283
7.52927 0.0425406
7.53452 0.0437617
7.53887 0.0388706
7.53913 0.043161
7.54259 0.0425881
7.54657 0.0425282
7.55314 0.0450678
7.55679 0.0426717
7.56077 0.0426108
7.56483 0.0426443
7.56887 0.0426501
7.57281 0.0425552
7.57294 0.0426836
7.57698 0.0426894
7.58102 0.0426929
7.58492 0.0425679
7.58537 0.0430158
7.59146 0.0450705
7.59527 0.0428315
7.60033 0.0438551
7.60302 0.0425143
7.60709 0.0425517
7.61132 0.0427447
7.61516 0.0425565
7.61917 0.0425312
7.62334 0.042663
7.6293 0.0445922
7.63206 0.0412979
7.63654 0.0417511
7.63888 0.0388784
7.6426 0.0446126
7.6467 0.0426644
7.651 0.042927
7.65465 0.0425482
7.65478 0.0426766
7.65879 0.0426508
7.66273 0.0425593
7.66286 0.0426877
7.66677 0.0425612
7.66721 0.0430091
7.67083 0.0425946
7.67497 0.0426943
7.68106 0.0447519
7.68557 0.0432176
7.68935 0.0429642
7.69365 0.0432244
7.69701 0.0425497
7.70111 0.0426159
7.70521 0.042685
7.70912 0.0425584
7.71316 0.0425648
7.71921 0.0445828
7.72324 0.0425695
7.7275 0.0427941
7.7318 0.0430537
7.73661 0.0438299
7.73862 0.0386209
7.74125 0.0432653
7.74474 0.0427225
7.74865 0.0425964
7.75301 0.0429218
7.75669 0.0425696
7.76073 0.0425788
7.76477 0.0425852
7.77087 0.0446458
7.77507 0.0427948
7.7793 0.0429918
7.784 0.0436653
7.78734 0.042964
7.79112 0.0427107
7.79519 0.0427452
7.79903 0.0425575
7.80306 0.0425559
7.80911 0.044574
7.81315 0.0425635
7.81719 0.0425659
7.82142 0.0427634
7.82542 0.0427307
7.82927 0.042543
7.83452 0.0437641
7.83888 0.038877
7.83914 0.0431673
7.8426 0.0425944
7.84664 0.0426008
7.85097 0.0428945
7.85462 0.0425157
7.86068 0.0445446
7.86081 0.044673
7.86478 0.0425964
7.86882 0.0426022
7.87286 0.0426046
7.877 0.0427077
7.8811 0.0427733
7.88532 0.0429679
7.88545 0.0430962
7.8891 0.0427145
7.88923 0.0428429
7.8933 0.0428774
7.90037 0.0459133
7.90303 0.0425246
7.9072 0.0426553
7.91143 0.0428523
7.91517 0.0425668
7.91918 0.0425375
7.92334 0.0426693
7.92761 0.0428979
7.93167 0.0429319
7.93648 0.0437041
7.93661 0.0438325
7.93892 0.0389119
7.94103 0.0430427
7.94456 0.0425355
7.95097 0.0428948
7.95465 0.0425471
7.95478 0.0426755
7.95876 0.0426186
7.96277 0.0425933
7.96715 0.0429497
7.97081 0.0425664
7.97497 0.0426972
7.97901 0.0427035
7.98286 0.0425158
7.98952 0.0451439
7.99378 0.0433522
7.99698 0.042522
7.99743 0.0429699
8.00108 0.0425882
8.00515 0.0426277
8.00912 0.0425674
8.01316 0.0425737
8.01717 0.0425444
8.02127 0.0426135
8.02764 0.0449476
8.03171 0.0429649
8.03453 0.041753
8.03863 0.0386254
8.04126 0.0452865
8.04488 0.0428593
8.04866 0.0426078
8.05308 0.0429953
8.05677 0.0426471
8.06071 0.0425546
8.06084 0.042683
8.06475 0.042557
8.06487 0.0426854
8.06878 0.0425628
8.07279 0.042537
8.07936 0.0450755
8.08295 0.0426133
8.08709 0.0427134
8.09103 0.042619
8.09115 0.0427474
8.09503 0.0425898
8.09913 0.0426549
8.10309 0.0425861
8.10713 0.0425874
8.11136 0.0427878
8.11726 0.0446493
8.12283 0.0441702
8.12546 0.0427672
8.12937 0.0426422
8.13456 0.0438012
8.13889 0.038883
8.13914 0.0431733
8.14292 0.0429199
8.14671 0.0426695
8.15096 0.0428891
8.15468 0.0425724
8.15872 0.0425817
8.16273 0.0425565
8.16876 0.0425346
8.16889 0.042663
8.17289 0.0426343
8.177 0.0427063
8.18129 0.0429665
8.18142 0.0430948
8.18494 0.0425847
8.18539 0.0430326
8.18904 0.0426508
8.18917 0.0427792
8.19333 0.042911
8.19346 0.0430394
8.19704 0.0425865
8.20114 0.0426526
8.20723 0.0447058
8.21158 0.0430103
8.21514 0.0425342
8.21921 0.0425712
8.22325 0.0425746
8.22751 0.0428031
8.23171 0.0429655
8.23658 0.0437999
8.23888 0.0388793
8.24113 0.0431385
8.24462 0.0425997
8.24863 0.0425709
8.25475 0.0446592
8.25875 0.0426166
8.26273 0.0425563
8.26286 0.0426847
8.26715 0.0429438
8.2709 0.0426578
8.27497 0.0426952
8.27904 0.0427327
8.27917 0.0428611
8.28288 0.042545
8.2873 0.0429306
8.29096 0.0425488
8.29108 0.0426772
8.29743 0.0449887
8.30108 0.0425897
8.30121 0.0427181
8.30515 0.0426232
8.30912 0.0425628
8.31322 0.0426313
8.31716 0.0425359
8.32171 0.0430529
8.32545 0.0427594
8.3293 0.0425717
8.33455 0.0437928
8.33894 0.0389408
8.33907 0.0431028
8.34484 0.044838
8.34497 0.0449664
8.34866 0.0426019
8.35308 0.0429934
8.35667 0.0425518
8.3568 0.0426802
8.36078 0.0426233
8.36485 0.0426568
8.36878 0.0425614
8.36891 0.0426897
8.37281 0.0425558
8.37685 0.0425616
8.37698 0.04269
8.38114 0.0428218
8.38742 0.0430509
8.39133 0.0429259
8.39537 0.0429293
8.39582 0.0433772
8.39925 0.0427727
8.40309 0.0425805
8.40712 0.0425834
8.41142 0.0428465
8.41517 0.0425605
8.41924 0.0425979
8.41937 0.0427263
8.42552 0.0448467
8.42565 0.0449751
8.42937 0.0426422
8.43459 0.0438322
8.43889 0.0388829
8.43914 0.0431732
8.44292 0.0429199
8.4467 0.0426655
8.451 0.0429241
8.45468 0.0425724
8.45481 0.0427008
8.45871 0.0425698
8.45884 0.0426981
8.46274 0.0425716
8.46713 0.042928
8.4729 0.0446662
8.47717 0.0428769
8.48133 0.0430087
8.48575 0.0433944
8.4894 0.0430126
8.49344 0.043016
8.49702 0.0425631
8.50112 0.0426292
8.50506 0.0425343
8.50916 0.0425984
8.51515 0.0445587
8.51922 0.0425789
8.52326 0.0425823
8.52339 0.0427107
8.52752 0.0428069
8.53168 0.0429382
8.53662 0.0438427
8.53896 0.0389532
8.5412 0.0432124
8.54463 0.0426074
8.54867 0.0426138
8.55296 0.0428769
8.55668 0.0425597
8.56271 0.0445576
8.56284 0.044686
8.56714 0.0429324
8.57079 0.042553
8.57092 0.0426814
8.57496 0.0426877
8.57916 0.0428536
8.57929 0.042982
8.58288 0.0425375
8.58396 0.0436244
8.58717 0.0427947
8.59108 0.0426698
8.59521 0.0427665
8.59905 0.0425788
8.60514 0.0426157
8.60911 0.0425513
8.61324 0.042651
8.61718 0.0425556
8.62173 0.0430725
8.62544 0.0427519
8.62929 0.0425642
8.63458 0.0438165
8.6389 0.0388943
8.63916 0.0431846
8.64262 0.0426117
8.64669 0.0426492
8.65303 0.0449631
8.65316 0.0450915
8.65679 0.0426643
8.66073 0.0425723
8.66486 0.042672
8.6689 0.0426738
8.67293 0.0426762
8.67697 0.042682
8.68114 0.0428138
8.68492 0.0425604
8.68536 0.0430083
8.69145 0.045063
8.6953 0.0428551
8.70035 0.0438787
8.70305 0.0425379
8.70715 0.0426065
8.71144 0.0428656
8.71519 0.0425801
8.7192 0.0425548
8.72336 0.0426866
8.72772 0.0430125
8.73208 0.0433383
8.7366 0.0418099
8.73894 0.0389371
8.74285 0.0448625
8.7466 0.0425602
8.74673 0.0426886
8.75102 0.0429512
8.75468 0.0425724
8.75481 0.0427007
8.75875 0.0426127
8.76275 0.0425795
8.76676 0.0425503
8.7672 0.0429982
8.77079 0.0425526
8.77483 0.042559
8.77496 0.0426874
8.78124 0.0449361
8.7856 0.0432423
8.78938 0.0429889
8.79367 0.0432451
8.79802 0.043568
8.80104 0.0425473
8.80511 0.0425847
8.80911 0.0425555
8.81315 0.0425618
8.81719 0.0425637
8.82334 0.0426673
8.82751 0.0427985
8.8317 0.0429609
8.83651 0.0437371
8.83664 0.0438655
8.83895 0.0389449
8.84132 0.0433325
8.84472 0.0426969
8.84866 0.0426059
8.85296 0.0428691
8.85309 0.0429974
8.8567 0.0425791
8.86071 0.0425533
8.86475 0.0425596
8.87078 0.044554
8.8709 0.0446824
8.8751 0.0428315
8.87991 0.0436052
8.88401 0.0436713
8.88734 0.0429701
8.89099 0.0425883
8.89112 0.0427167
8.89519 0.0427512
8.89904 0.0425635
8.90307 0.0425619
8.90912 0.04458
8.91319 0.0426007
8.9172 0.0425719
8.92143 0.0427694
8.92543 0.0427367
8.92931 0.0425801
8.93456 0.0438012
8.93889 0.038883
8.93914 0.0431733
8.9428 0.0427916
8.94661 0.0425722
8.95097 0.0428971
8.95475 0.0426466
8.96072 0.0445783
8.96084 0.0447067
8.96482 0.0426301
8.96885 0.0426319
8.97289 0.0426343
8.977 0.0427063
8.98109 0.0427719
8.98532 0.0429665
8.98545 0.0430948
8.9891 0.0427131
8.98923 0.0428415
8.99333 0.0429071
9.00027 0.0458146
9.00316 0.0426516
9.0071 0.0425628
9.01146 0.0428842
9.01521 0.0425981
9.01921 0.0425689
9.02331 0.042638
9.02767 0.0429638
9.03171 0.0429667
9.03655 0.04377
9.03892 0.0389116
9.04103 0.0430424
9.04465 0.042632
9.051 0.0449454
9.05478 0.0426782
9.05879 0.0426524
9.0628 0.0426266
9.06722 0.0430101
9.07093 0.042689
9.07496 0.0426898
9.07935 0.0430463
9.08301 0.0426669
9.08941 0.0450406
9.09358 0.0431586
9.0974 0.0429422
9.10112 0.0426261
9.10512 0.0425958
9.10915 0.0425932
9.11319 0.0425995
9.11729 0.0426676
9.12159 0.0429277
9.12526 0.0425721
9.13174 0.0429952
9.13456 0.0417833
9.13869 0.0386908
9.14132 0.0453519
9.14485 0.0428279
9.14869 0.0426397
9.15299 0.0429028
9.15674 0.0426207
9.16084 0.0426882
9.16488 0.0426906
9.16888 0.0426614
9.17286 0.0426015
9.18036 0.0460685
9.18414 0.0437984
9.18856 0.044184
9.19125 0.0428438
9.19529 0.0428472
9.19907 0.0425933
9.2031 0.0425917
9.20714 0.0425946
9.21137 0.0427915
9.21723 0.0446185
9.22216 0.0435038
9.22546 0.0427704
9.22937 0.0426454
9.23456 0.0438044
9.23892 0.0389173
9.23918 0.0432076
9.24264 0.0426347
9.24674 0.0427033
9.25106 0.042989
9.25478 0.0426724
9.25872 0.0425844
9.26273 0.0425591
9.26889 0.0446824
9.27293 0.042672
9.27703 0.0427401
9.28126 0.0429341
9.28139 0.0430624
9.28536 0.0430002
9.28914 0.0427468
9.29343 0.043007
9.29804 0.0435788
9.30105 0.042558
9.30713 0.0446111
9.30726 0.0447395
9.31159 0.043013
9.31559 0.0429848
9.31925 0.0426049
9.32328 0.0426084
9.32755 0.0428369
9.33171 0.0429642
9.33664 0.0438688
9.33869 0.0386909
9.34107 0.0430785
9.34119 0.0432069
9.34472 0.0426996
9.34863 0.0425776
9.35289 0.0428056
9.35883 0.0447062
9.36277 0.042598
9.36354 0.0433654
9.36716 0.0429544
9.37091 0.0426684
9.37498 0.0427058
9.3795 0.0431912
9.38392 0.0435768
9.38696 0.0425872
9.391 0.0425906
9.39702 0.0445826
9.40109 0.0426003
9.40516 0.0426378
9.40923 0.0426747
9.41324 0.042646
9.4173 0.0426789
9.42173 0.0430675
9.42544 0.0427469
9.42932 0.0425903
9.4346 0.0438425
9.43896 0.0389594
9.43909 0.0431213
9.44287 0.042868
9.44867 0.0446372
9.4531 0.043012
9.45682 0.0426988
9.46079 0.0426379
9.46486 0.0426714
9.4689 0.0426732
9.47293 0.0426756
9.47697 0.0426814
9.48114 0.0428132
9.48126 0.0429416
9.48742 0.0450591
9.49132 0.0429173
9.49536 0.0429207
9.5002 0.0437226
9.50032 0.043851
9.50311 0.0426035
9.50715 0.0426059
9.51138 0.0428029
9.51522 0.0426101
9.51925 0.0426125
9.52566 0.0449897
9.52932 0.0425906
9.53207 0.0413131
9.53893 0.0389286
9.53919 0.0443973
9.54265 0.0426461
9.54685 0.0428119
9.55101 0.0429421
9.5548 0.0426917
9.5588 0.0426619
9.56286 0.0426909
9.56719 0.0429852
9.57084 0.0426058
9.57719 0.0449197
9.58123 0.0429064
9.58136 0.0430348
9.58578 0.0434204
9.58943 0.0430386
9.59347 0.043042
9.59705 0.0425891
9.60115 0.0426552
9.60508 0.0425603
9.60915 0.0425933
9.61559 0.0450015
9.61925 0.0426049
9.62328 0.0426083
9.62751 0.0428058
9.63171 0.0429681
9.63665 0.0438727
9.63867 0.0386637
9.6413 0.0433081
9.64469 0.042668
9.64872 0.0426703
9.65305 0.0429646
9.6568 0.0426825
9.66072 0.0425634
9.66716 0.0449746
9.67095 0.0427069
9.67511 0.0428416
9.67931 0.0430075
9.6829 0.042563
9.68399 0.0436499
9.68719 0.0428202
9.69097 0.0425669
9.6911 0.0426952
9.6952 0.0427609
9.69905 0.0425731
9.70516 0.044654
9.70913 0.0425729
9.7132 0.0426103
9.71721 0.0425816
9.72144 0.042779
9.72544 0.0427463
9.72931 0.0425897
9.7346 0.043842
9.73895 0.0389509
9.73921 0.0432412
9.74299 0.0429878
9.74668 0.0426401
9.75094 0.0428716
9.75671 0.0446098
9.75684 0.0447381
9.76078 0.0426294
9.76482 0.0426318
9.76889 0.0426687
9.77293 0.042675
9.77697 0.0426769
9.78113 0.0428087
9.78126 0.0429371
9.78536 0.0430032
9.78927 0.0428782
9.79536 0.044933
9.80038 0.0439087
9.80317 0.0426652
9.80711 0.0425742
9.8114 0.0428294
9.81153 0.0429578
9.81521 0.0426061
9.81932 0.0426742
9.82335 0.0426776
9.82765 0.0429372
9.83197 0.043228
9.83662 0.0418279
9.83893 0.0389241
9.84104 0.0430549
9.84672 0.0446957
9.85104 0.0429727
9.8547 0.0425939
9.85483 0.0427223
9.85877 0.0426342
9.86284 0.0426712
9.8672 0.0429925
9.87091 0.0426754
9.87495 0.0426817
9.87912 0.0428165
9.87925 0.0429449
9.88553 0.0451907
9.88931 0.0429206
9.89367 0.043243
9.89808 0.0436281
9.9011 0.0426073
9.90513 0.0426097
9.90924 0.0426777
9.91315 0.0425557
9.91721 0.0425886
9.92327 0.0446117
9.9275 0.0427924
9.93173 0.0429859
9.93667 0.0438905
9.93869 0.0386815
9.94131 0.0433258
9.94477 0.0427519
9.94868 0.0426259
9.95311 0.0430174
9.95681 0.0426923
9.96082 0.0426665
9.96486 0.0426729
9.96884 0.0426165
9.97512 0.0448682
9.97932 0.0430173
9.98403 0.0436908
9.98416 0.0438192
9.98845 0.0440764
9.99114 0.0427361
9.99518 0.0427356
9.99915 0.0426763

