% time_sec delay_sec
1.18975 0.0891168
1.18975 0.0891168
1.28974 0.089112
1.38976 0.0891299
1.4871 0.391149
1.48978 0.089152
1.58974 0.0891062
1.68976 0.0891325
1.78975 0.0891156
1.78987 0.391251
1.88973 0.0891044
1.98849 0.287861
1.99261 0.0906137
1.99306 0.0950951
1.99652 0.094525
2.08862 0.18259
2.10063 0.0945954
2.10469 0.0946273
2.10876 0.0946598
2.11283 0.0946972
2.11674 0.0945741
2.12126 0.095059
2.12754 0.095287
2.13144 0.0951615
2.13484 0.0945254
2.13923 0.0948773
2.14288 0.0944955
2.14695 0.094533
2.15118 0.0947254
2.15509 0.0946034
2.15932 0.0947998
2.16515 0.0966031
2.16935 0.0947522
2.1732 0.0945634
2.17717 0.0945031
2.18124 0.0945376
2.18707 0.0963321
2.1872 0.0964605
2.1911 0.0951531
2.19123 0.0952815
2.19245 0.0904495
2.19514 0.0951565
2.19942 0.0954088
2.20269 0.0946448
2.20689 0.0948067
2.21282 0.0967003
2.21294 0.0968287
2.21666 0.0944948
2.22128 0.0950769
2.22474 0.094507
2.22881 0.0945415
2.23351 0.095214
2.23691 0.0945728
2.24117 0.0948014
2.2413 0.0949298
2.24495 0.0945505
2.24905 0.094615
2.25508 0.09661
2.25924 0.0947274
2.25937 0.0948558
2.26325 0.0947021
2.26762 0.0950309
2.27149 0.0948733
2.27524 0.0945912
2.27928 0.0945976
2.28409 0.0953684
2.28422 0.0954968
2.28915 0.096396
2.29267 0.0906768
2.29325 0.0952867
2.29665 0.0946511
2.30261 0.0965774
2.30687 0.0947847
2.31132 0.0952073
2.31466 0.094509
2.31869 0.0945108
2.32296 0.0947394
2.3274 0.0951506
2.3315 0.0952197
2.33484 0.0945214
2.33894 0.0945928
2.34494 0.0945364
2.34538 0.0949843
2.34901 0.0945739
2.35318 0.0947086
2.35706 0.094555
2.36109 0.0945603
2.36513 0.0945621
2.36948 0.0948835
2.37317 0.0945313
2.37727 0.0946033
2.38416 0.0974565
2.38429 0.0975849
2.38711 0.0943533
2.39262 0.0906198
2.39307 0.097118
2.39659 0.094594
2.40101 0.0949826
2.40501 0.0949499
2.40886 0.0947611
2.4129 0.0947635
2.41667 0.0945086
2.42164 0.0954413
2.42485 0.0946146
2.43145 0.0971794
2.43491 0.0945927
2.4393 0.0949526
2.43943 0.095081
2.44289 0.0945081
2.44699 0.0945767
2.45122 0.0947691
2.455 0.0945187
2.45926 0.0947462
2.46343 0.0948764
2.46772 0.0951351
2.47317 0.0965537
2.47731 0.0946401
2.48135 0.0946435
2.48698 0.0962473
2.49115 0.0952008
2.49249 0.0904971
2.49519 0.0952042
2.49947 0.0954564
2.50274 0.0946924
2.50703 0.0949516
2.51132 0.0952068
2.51465 0.0945044
2.52122 0.0970401
2.52481 0.0945817
2.52885 0.0945851
2.53353 0.0952265
2.53689 0.0945583
2.54131 0.0949468
2.54491 0.0945053
2.54901 0.0945738
2.55308 0.0946113
2.55709 0.094586
2.56366 0.0951088
2.56764 0.0950525
2.57152 0.0948988
2.57524 0.0945856
2.57934 0.0946542
2.58414 0.095425
2.5892 0.0964526
2.5926 0.0906051
2.59318 0.0952149
2.59658 0.0945793
2.60084 0.0948044
2.605 0.0949312
2.60512 0.0950596
2.6108 0.0966999
2.61125 0.0971478
2.61471 0.0945611
2.61881 0.0946291
2.62323 0.0950177
2.62336 0.0951461
2.62733 0.0950828
2.6315 0.0952141
2.63489 0.094574
2.63922 0.0948677
2.643 0.0946143
2.64903 0.0966093
2.65319 0.0947272
2.65707 0.0945736
2.66112 0.0945828
2.66512 0.0945536
2.66948 0.0948789
2.6732 0.0945618
2.6773 0.0946298
2.68134 0.0946332
2.6871 0.0963655
2.69114 0.0951905
2.69248 0.0904869
2.69517 0.0951939
2.70104 0.097023
2.70507 0.0950091
2.70886 0.0947582
2.7129 0.0947645
2.71668 0.0945096
2.72263 0.0964285
2.72481 0.0945776
2.72888 0.0946121
2.73346 0.0951601
2.73939 0.0970607
2.74305 0.0946622
2.74699 0.0945712
2.75109 0.0946433
2.75501 0.0945212
2.75939 0.0948771
2.7633 0.0947506
2.76343 0.094879
2.76778 0.0951998
2.77147 0.0948516
2.77522 0.0945695
2.78131 0.0946069
2.78144 0.0947353
2.78445 0.0937116
2.79095 0.0961826
2.79256 0.0905573
2.79499 0.0950077
2.79512 0.095136
2.79947 0.0954545
2.80274 0.0946905
2.80697 0.0948874
2.8071 0.0950158
2.81139 0.095275
2.81472 0.0945726
2.81869 0.0945083
2.82292 0.0947058
2.82879 0.0965378
2.83347 0.0951663
2.83693 0.0945993
2.84183 0.0954664
2.84491 0.0945108
2.84901 0.0945753
2.85318 0.0947101
2.85705 0.0945524
2.8611 0.0945617
2.86764 0.0970702
2.87152 0.0948998
2.87524 0.0945866
2.87937 0.0946863
2.88405 0.0953287
2.88911 0.0963563
2.89257 0.090571
2.89359 0.0956287
2.89661 0.0946079
2.90096 0.0949308
2.90496 0.0948942
2.90874 0.0946392
2.91271 0.0945794
2.91909 0.0969204
2.91921 0.0970488
2.92319 0.0949727
2.92745 0.0951973
2.93078 0.094499
2.93488 0.0945641
2.93943 0.0950755
2.94321 0.0948222
2.94699 0.0945717
2.95112 0.0946709
2.95708 0.0965996
2.96113 0.0945921
2.96513 0.0945668
2.9693 0.0947016
2.96943 0.09483
2.97321 0.094579
2.97731 0.0946431
2.98135 0.0946465
2.98731 0.0965699
2.99121 0.0952665
2.99256 0.0905628
2.99499 0.0950131
2.99512 0.0951415
2.99915 0.0951405
3.00268 0.0946332
3.00877 0.0966924
3.01294 0.0948104
3.01679 0.0946217
3.02095 0.0947559
3.0248 0.0945671
3.02916 0.09489
3.03351 0.0952124
3.03685 0.0945131
3.04117 0.0948038
3.04701 0.0966077
3.05111 0.0946624
3.05124 0.0947908
3.05502 0.0945403
3.05907 0.0945496
3.0633 0.094746
3.06746 0.0948797
3.07118 0.0945621
3.07522 0.0945669
3.07932 0.0946349
3.08326 0.0945395
3.08867 0.0939038
3.10268 0.0946303
3.10701 0.0949274
3.1113 0.0951821
3.1147 0.0945465
3.11876 0.0945789
3.12305 0.0948391
3.12693 0.094682
3.13148 0.095199
3.13681 0.0964887
3.14142 0.0950545
3.14492 0.0945157
3.14896 0.094522
3.15312 0.0946568
3.15325 0.0947852
3.15707 0.0945653
3.16107 0.0945395
3.16511 0.0945419
3.16934 0.0947388
3.17524 0.0966049
3.17934 0.0946566
3.18431 0.0955869
3.18898 0.0962294
3.1926 0.0906036
3.19318 0.0952134
3.19658 0.0945778
3.201 0.0949664
3.20496 0.0948986
3.20884 0.0947409
3.21275 0.0946189
3.21288 0.0947473
3.21669 0.0945279
3.22128 0.095079
3.22756 0.0973277
3.2308 0.0945153
3.2349 0.0945844
3.23901 0.0946559
3.23913 0.0947843
3.24291 0.0945309
3.24304 0.0946593
3.24689 0.0944711
3.24702 0.0945995
3.25121 0.0947608
3.25499 0.0945104
3.25926 0.0947379
3.26515 0.0966034
3.26935 0.0947525
3.27317 0.0945326
3.27718 0.0945073
3.28121 0.0945108
3.28134 0.0946391
3.28711 0.0963714
3.29114 0.0951965
3.29249 0.0904928
3.29505 0.0950715
3.29944 0.095421
3.29956 0.0955494
3.30271 0.094657
3.30696 0.0948816
3.3109 0.0947822
3.31667 0.0965164
3.32125 0.0950471
3.32471 0.0944772
3.32888 0.094609
3.33352 0.0952193
3.33688 0.094551
3.34127 0.094908
3.34493 0.0945286
3.349 0.0945661
3.35503 0.096561
3.35929 0.0947757
3.36365 0.0951011
3.36763 0.0950447
3.37151 0.094887
3.37516 0.0945077
3.37933 0.0946424
3.38413 0.0954132
3.38919 0.0964408
3.39259 0.0905933
3.39317 0.0952032
3.39657 0.0945675
3.40086 0.0948277
3.40684 0.0967796
3.41136 0.0952437
3.41469 0.0945454
3.4187 0.0945161
3.42293 0.0947136
3.42741 0.0951599
3.43151 0.095229
3.43485 0.0945306
3.43924 0.0948865
3.44501 0.0966218
3.44892 0.0944829
3.45321 0.0947461
3.45709 0.0945924
3.4611 0.0945666
3.46511 0.0945413
3.46934 0.0947343
3.46946 0.0948627
3.47318 0.0945455
3.47729 0.0946176
3.4842 0.0975024
3.48709 0.0943365
3.49113 0.0951783
3.4926 0.090603
3.49657 0.096594
3.50093 0.0949001
3.50503 0.0949687
3.50885 0.0947488
3.51292 0.0947863
3.51676 0.0945936
3.52131 0.09511
3.52471 0.0944744
3.52919 0.0949257
3.5349 0.0965982
3.53939 0.0950386
3.54304 0.0946568
3.54689 0.0944686
3.55121 0.0947583
3.55499 0.0945079
3.55925 0.0947354
3.55938 0.0948638
3.56342 0.0948696
3.56765 0.0950661
3.57317 0.0965469
3.57733 0.0946644
3.58137 0.0946678
3.58707 0.0963344
3.59114 0.0951905
3.59248 0.0904868
3.59517 0.0951939
3.59918 0.0951617
3.6027 0.0946545
3.60696 0.0948791
3.60709 0.0950075
3.61097 0.0948499
3.61465 0.0945022
3.61869 0.094504
3.62471 0.0964989
3.62881 0.0945478
3.63352 0.0952242
3.63692 0.094591
3.64128 0.0949169
3.64494 0.0945376
3.64898 0.0945439
3.65315 0.0946786
3.65706 0.0945561
3.66366 0.0971268
3.66767 0.0950847
3.67152 0.0948999
3.67524 0.0945868
3.67918 0.0944958
3.68414 0.0954261
3.68921 0.0964537
3.6926 0.0906023
3.69318 0.0952121
3.6933 0.0953405
3.69657 0.0945765
3.7008 0.0947705
3.70093 0.0948989
3.7049 0.0948351
3.70878 0.0946774
3.71471 0.0965751
3.71881 0.0946263
3.72307 0.0948549
3.72746 0.0952079
3.73146 0.0951797
3.73486 0.0945396
3.7394 0.095055
3.74306 0.0946732
3.74697 0.0945512
3.75332 0.0968651
3.75697 0.094469
3.76101 0.0944782
3.76512 0.0945503
3.76935 0.0947472
3.77319 0.0945584
3.77729 0.0946265
3.78133 0.0946299
3.7871 0.0963622
3.79113 0.0951872
3.79248 0.0904835
3.79504 0.0950622
3.79949 0.0954779
3.8051 0.0970497
3.80523 0.0971781
3.80891 0.0948131
3.81285 0.0947221
3.81669 0.0945294
3.82124 0.0950453
3.82137 0.0951737
3.82484 0.0946038
3.82874 0.0944788
3.8331 0.0948046
3.83689 0.0945571
3.84285 0.0964864
3.84689 0.094476
3.85116 0.0947075
3.85507 0.0945854
3.85926 0.0947468
3.86343 0.094877
3.86766 0.0950734
3.8715 0.0948847
3.87522 0.0945715
3.88119 0.0965008
3.88445 0.0937171
3.88887 0.0941057
3.89256 0.0905628
3.89499 0.0970299
3.89935 0.0953315
3.90262 0.0945676
3.90274 0.0946959
3.90697 0.0948894
3.91129 0.0951797
3.91469 0.0945441
3.91482 0.0946725
3.91878 0.0946007
3.92327 0.095052
3.9234 0.0951804
3.92734 0.095086
3.93352 0.0972375
3.93686 0.0945253
3.94147 0.095108
3.94493 0.094534
3.94897 0.0945364
3.95327 0.0947995
3.95705 0.0945486
3.96109 0.0945539
3.96513 0.0945597
3.97109 0.0964919
3.97513 0.0944815
3.97526 0.0946099
3.97933 0.0946473
3.97978 0.0950952
3.98414 0.0954181
3.98894 0.096189
3.98907 0.0963173
3.9926 0.0905982
3.99317 0.0952081
3.9933 0.0953364
3.99657 0.0945724
3.9967 0.0947008
4.00093 0.0948948
4.00499 0.09493
4.00871 0.0946089
4.00884 0.0947373
4.01275 0.0946152
4.01669 0.0945198
4.02313 0.096931
4.02755 0.0952983
4.03152 0.095239
4.03486 0.0945406
4.03928 0.0949277
4.03941 0.0950561
4.04293 0.0945459
4.04306 0.0946743
4.04697 0.0945517
4.0512 0.0947476
4.05504 0.0945594
4.06111 0.0965879
4.06514 0.0945735
4.06941 0.094805
4.07316 0.0945258
4.07723 0.0945657
4.08124 0.0945375
4.0865 0.0957621
4.09085 0.0949061
4.09898 0.0949686
4.10261 0.0945581
4.10687 0.0947851
4.11283 0.0967133
4.11667 0.0945073
4.12132 0.0951205
4.12478 0.0945506
4.12882 0.094554
4.13349 0.0951954
4.13689 0.0945582
4.14118 0.0948179
4.14487 0.0944696
4.15118 0.0967485
4.15497 0.0944813
4.15926 0.0947439
4.16337 0.0948159
4.16763 0.0950474
4.17116 0.0945391
4.17519 0.0945415
4.17923 0.0945478
4.17936 0.0946762
4.1842 0.0954782
4.18913 0.0963774
4.19259 0.0905921
4.19349 0.0955214
4.1965 0.0945006
4.20262 0.0965864
4.20691 0.0948288
4.21091 0.0947996
4.2147 0.0945491
4.2187 0.0945199
4.22293 0.0947173
4.22306 0.0948457
4.22735 0.0951014
4.23148 0.0952016
4.23482 0.0945033
4.24149 0.0971367
4.24495 0.09455
4.24892 0.0944901
4.25322 0.0947533
4.25697 0.0944712
4.26108 0.0945427
4.26511 0.0945451
4.26937 0.0947691
4.27318 0.0945493
4.27947 0.096801
4.28421 0.0954888
4.28715 0.0944024
4.29254 0.0905405
4.29343 0.0974866
4.29658 0.0945775
4.30103 0.0949972
4.30493 0.0948672
4.30884 0.0947446
4.31291 0.0947821
4.31663 0.094461
4.31675 0.0945893
4.32127 0.0950747
4.32474 0.0945047
4.33076 0.0964967
4.33487 0.094549
4.33935 0.0950022
4.34294 0.0945578
4.34688 0.0944668
4.3513 0.0948538
4.35499 0.0945061
4.35928 0.0947647
4.36332 0.0947666
4.36935 0.096761
4.37319 0.0945595
4.37717 0.0945031
4.38137 0.094666
4.38701 0.0962699
4.39117 0.0952233
4.39252 0.0905196
4.39508 0.0950983
4.39943 0.0954128
4.40257 0.0945204
4.4027 0.0946488
4.40695 0.0948734
4.4109 0.0947819
4.41468 0.0945275
4.42125 0.0970636
4.42471 0.0944769
4.42875 0.0944803
4.43278 0.0944827
4.43688 0.0945507
4.44134 0.0949704
4.44496 0.09456
4.449 0.0945663
4.45317 0.094701
4.45926 0.0967576
4.4633 0.0947467
4.46766 0.0950755
4.47151 0.0948907
4.47519 0.0945425
4.47936 0.0946772
4.48417 0.095448
4.4891 0.0963472
4.49263 0.0906281
4.4932 0.0952379
4.49647 0.0944739
4.4966 0.0946023
4.50076 0.0947307
4.50089 0.0948591
4.50492 0.0948575
4.51082 0.0967195
4.5146 0.0944523
4.51883 0.0946487
4.52306 0.0948462
4.52735 0.0951019
4.53152 0.0952332
4.53485 0.0945348
4.53928 0.0949258
4.54306 0.0946725
4.54899 0.0965701
4.55331 0.0948476
4.557 0.0944993
4.56104 0.0945086
4.56511 0.094546
4.56947 0.0948674
4.57319 0.0945542
4.57726 0.0945912
4.5813 0.0945946
4.58142 0.094723
4.58706 0.0963268
4.591 0.0950546
4.59248 0.0904793
4.59504 0.095058
4.6009 0.096887
4.60103 0.0970154
4.60523 0.0951611
4.60885 0.0947506
4.61292 0.0947881
4.61663 0.0944669
4.62265 0.096456
4.62471 0.0944767
4.62907 0.0947996
4.63345 0.0951531
4.63942 0.0970848
4.64307 0.0946863
4.64688 0.0944669
4.65121 0.0947606
4.65499 0.0945102
4.65938 0.0948661
4.66329 0.0947396
4.66342 0.094868
4.66768 0.0950915
4.67117 0.0945522
4.67736 0.0967066
4.68133 0.0946271
4.68434 0.0936033
4.68447 0.0937317
4.69097 0.0962027
4.69258 0.0905775
4.69501 0.0950278
4.69939 0.0953773
4.70266 0.0946133
4.70695 0.0948724
4.71128 0.0951627
4.7147 0.0945542
4.71877 0.0945917
4.72307 0.0948519
4.7232 0.0949802
4.72884 0.0965865
4.73278 0.0944788
4.73682 0.0944847
4.74143 0.0950673
4.74188 0.0955152
4.74496 0.0945596
4.74896 0.0945308
4.75326 0.094794
4.75707 0.0945741
4.76099 0.094451
4.76766 0.0970879
4.77109 0.0944696
4.77513 0.0944759
4.77939 0.0947039
4.78407 0.0953464
4.789 0.0962456
4.79262 0.0906198
4.79319 0.0952296
4.79659 0.094594
4.80082 0.094788
4.80095 0.0949164
4.80485 0.0947864
4.80863 0.0945315
4.80876 0.0946599
4.81286 0.0947284
4.8192 0.0970383
4.82369 0.0954729
4.82814 0.0958891
4.83077 0.0944861
4.83487 0.0945512
4.83942 0.0950666
4.8432 0.0948132
4.84691 0.0944966
4.85121 0.0947553
4.85698 0.0964934
4.86102 0.0944859
4.86512 0.0945545
4.86942 0.0948176
4.87314 0.0945044
4.87727 0.0946036
4.88131 0.094607
4.88707 0.0963392
4.89111 0.0951643
4.89246 0.0904606
4.89489 0.0949109
4.89906 0.0950422
4.90258 0.094535
4.9088 0.096717
4.91284 0.0947066
4.91671 0.094549
4.92133 0.0951311
4.92479 0.0945572
4.92883 0.0945606
4.93347 0.0951709
4.9369 0.0945688
4.94129 0.0949257
4.9469 0.0965004
4.95113 0.0946801
4.95126 0.0948085
4.95504 0.094558
4.95928 0.0947584
4.9636 0.0950526
4.96777 0.0951829
4.97116 0.0945462
4.97517 0.0945175
4.97934 0.0946522
4.98443 0.0957109
4.98866 0.0938887
4.98879 0.0940171
4.99257 0.0905715
4.99347 0.0955009
4.99923 0.0972326
5.00263 0.0945802
5.00696 0.0948802
5.01087 0.0947537
5.01132 0.0952016
5.01465 0.0945032
5.01878 0.0945984
5.02288 0.0946669
5.02737 0.0951172
5.03083 0.0945473
5.03686 0.0965422
5.04147 0.0951081
5.04497 0.0945692
5.04891 0.0944772
5.05324 0.0947715
5.05702 0.0945165
5.06109 0.0945524
5.06503 0.0944615
5.06936 0.0947552
5.0751 0.0964641
5.07936 0.0946749
5.08321 0.0944901
5.08872 0.0959651
5.08885 0.0960935
5.10063 0.0946027
5.10466 0.0945996
5.10867 0.0945738
5.11284 0.0947085
5.11665 0.0944881
5.12133 0.0951325
5.12755 0.0973156
5.13075 0.0944721
5.13476 0.0944438
5.13938 0.0950254
5.14284 0.0944526
5.14691 0.09449
5.15117 0.0947175
5.1513 0.0948459
5.15495 0.0944671
5.15928 0.0947608
5.16502 0.0964668
5.16938 0.0947754
5.17319 0.0945555
5.1772 0.0945303
5.18127 0.0945648
5.18703 0.096297
5.19103 0.095087
5.19251 0.0905117
5.19494 0.094962
5.19932 0.0953076
5.20259 0.0945436
5.20688 0.0947988
5.21081 0.0946993
5.21671 0.0965624
5.22132 0.0951238
5.22479 0.0945539
5.22882 0.0945573
5.2328 0.0944974
5.23686 0.0945264
5.24135 0.0949806
5.24484 0.0944418
5.24891 0.0944753
5.25497 0.0965013
5.25933 0.0948094
5.26356 0.0950063
5.26369 0.0951347
5.2676 0.0950121
5.26773 0.0951405
5.27116 0.094539
5.27522 0.0945724
5.2793 0.0946099
5.28423 0.0955091
5.28916 0.0964083
5.29256 0.0905608
5.29333 0.0953617
5.29345 0.0954901
5.29647 0.0944693
5.30076 0.0947295
5.30684 0.0967787
5.31091 0.0947949
5.3146 0.0944472
5.31472 0.0945756
5.31892 0.0947374
5.31905 0.0948658
5.32321 0.0949976
5.32804 0.0957911
5.33083 0.0945475
5.33477 0.0944531
5.33903 0.0946841
5.34506 0.0966761
5.3489 0.0944711
5.35323 0.0947654
5.35698 0.0944833
5.36106 0.0945237
5.3651 0.09453
5.36945 0.0948514
5.37317 0.0945382
5.37715 0.0944818
5.38423 0.0975262
5.38698 0.0942319
5.39102 0.0950737
5.39262 0.0906268
5.39647 0.0964894
5.40082 0.0947915
5.40482 0.0947588
5.40495 0.0948872
5.4087 0.0946052
5.4129 0.094771
5.41669 0.0945206
5.42133 0.0951343
5.42473 0.0944987
5.4289 0.0946305
5.43486 0.0965598
5.43915 0.0948051
5.44306 0.0946801
5.44691 0.0944919
5.4512 0.0947505
5.45502 0.0945312
5.45937 0.094856
5.46363 0.0950801
5.46767 0.0950859
5.47315 0.0965356
5.47729 0.094622
5.47742 0.0947504
5.48133 0.0946254
5.48146 0.0947538
5.48696 0.0962293
5.49103 0.0950854
5.49251 0.0905101
5.49507 0.0950888
5.49926 0.0952477
5.50253 0.0944837
5.50266 0.0946121
5.50692 0.0948402
5.51086 0.0947447
5.51461 0.0944592
5.51893 0.0947495
5.52477 0.0965504
5.52877 0.0945019
5.53281 0.0945083
5.53685 0.0945141
5.54133 0.0949683
5.54495 0.0945539
5.54899 0.0945603
5.55316 0.094695
5.55694 0.0944401
5.56332 0.0967885
5.56759 0.0950033
5.56772 0.0951317
5.57112 0.094499
5.57516 0.0945053
5.57926 0.0945739
5.58419 0.0954731
5.58912 0.0963723
5.59262 0.0906181
5.59319 0.0952279
5.59659 0.0945923
5.60072 0.094689
5.60085 0.0948174
5.60482 0.0947576
5.60866 0.0945649
5.61469 0.0965558
5.61904 0.0948604
5.61917 0.0949888
5.62334 0.0951206
5.6275 0.0952479
5.63083 0.0945496
5.63487 0.0945525
5.63939 0.0950368
5.64285 0.0944639
5.64692 0.0945013
5.65336 0.0969125
5.65705 0.0945475
5.66102 0.0944906
5.6651 0.0945281
5.66933 0.094725
5.66945 0.0948534
5.67318 0.0945402
5.67715 0.0944799
5.67728 0.0946083
5.68131 0.0946117
5.68714 0.0964067
5.69105 0.0951033
5.69253 0.090528
5.69496 0.0949784
5.69941 0.095398
5.7048 0.0967476
5.70876 0.0946665
5.70889 0.0947948
5.7129 0.0947661
5.71661 0.0944495
5.72155 0.0953516
5.72476 0.0945249
5.72489 0.0946533
5.72879 0.0945283
5.73274 0.0944374
5.73687 0.0945405
5.74284 0.0964697
5.74694 0.0945215
5.7512 0.094753
5.75499 0.0945026
5.75925 0.0947341
5.75938 0.0948625
5.76374 0.0951878
5.76761 0.0950302
5.76774 0.0951586
5.77108 0.0944597
5.77512 0.0944661
5.78121 0.0965237
5.78448 0.09374
5.78877 0.0940002
5.79246 0.0904573
5.79489 0.0969244
5.79901 0.0950004
5.79914 0.0951288
5.80254 0.0944932
5.80693 0.0948501
5.81129 0.0951715
5.81475 0.0946016
5.81866 0.094475
5.82295 0.0947352
5.82308 0.0948636
5.82737 0.0951193
5.83279 0.0965034
5.83683 0.0944924
5.84189 0.0955195
5.84496 0.0945639
5.84887 0.0944379
5.85323 0.0947632
5.85701 0.0945083
5.86099 0.0944514
5.86502 0.0944537
5.87112 0.0965143
5.87519 0.094535
5.87532 0.0946634
5.87942 0.0947319
5.88422 0.0955028
5.8889 0.0961452
5.89255 0.0905544
5.89345 0.0954838
5.89659 0.0945914
5.90088 0.0948516
5.90485 0.0947838
5.90859 0.0944938
5.90872 0.0946222
5.91276 0.0946285
5.91289 0.0947569
5.9167 0.0945376
5.92369 0.097491
5.9275 0.0952515
5.93084 0.0945531
5.93474 0.0944276
5.93939 0.0950403
5.94298 0.0945958
5.94689 0.0944738
5.95122 0.0947675
5.955 0.0945171
5.96103 0.0965149
5.96501 0.0944383
5.96937 0.0947637
5.97312 0.0944816
5.97712 0.0944563
5.98126 0.0945531
5.98138 0.0946814
5.98702 0.0962853
5.99105 0.0951064
5.99253 0.0905311
5.99509 0.0951098
5.99931 0.0952998
6.00258 0.0945358
6.00688 0.0947969
6.01277 0.0966594
6.0129 0.0967878
6.01672 0.0945512
6.02101 0.0948138
6.02473 0.0945006
6.02877 0.094504
6.03348 0.0951765
6.03687 0.0945394
6.04123 0.0948652
6.04489 0.0944859
6.05123 0.0967987
6.05502 0.0945315
6.05899 0.0944746
6.06371 0.095154
6.0673 0.094712
6.07117 0.0945538
6.07518 0.0945275
6.07953 0.0948488
6.08392 0.0952018
6.08882 0.0960689
6.10254 0.096508
6.10686 0.0947764
6.11083 0.0947156
6.11461 0.0944651
6.11881 0.0946304
6.12311 0.0948906
6.12736 0.0951112
6.12749 0.0952396
6.13073 0.094444
6.13476 0.0944469
6.14217 0.0978166
6.14496 0.0945563
6.1489 0.0944614
6.15322 0.0947557
6.15704 0.0945358
6.16108 0.0945411
6.16511 0.0945435
6.16937 0.0947715
6.17306 0.0944233
6.18017 0.0975046
6.18424 0.0955224
6.18719 0.0944359
6.19257 0.090574
6.19334 0.0973918
6.19648 0.0944826
6.20077 0.0947428
6.20484 0.0947723
6.20858 0.0944863
6.20871 0.0946146
6.21288 0.0947494
6.21666 0.0944945
6.22131 0.0951082
6.22464 0.0944099
6.2307 0.0964295
6.2348 0.0944818
6.23938 0.0950323
6.24284 0.0944594
6.24694 0.094528
6.25133 0.0948839
6.25502 0.0945362
6.25932 0.0947988
6.26364 0.095089
6.26931 0.0967294
6.2731 0.0944616
6.2771 0.0944364
6.27723 0.0945647
6.2814 0.0946965
6.28691 0.096172
6.29063 0.0946776
6.29242 0.0904218
6.29498 0.0950005
6.2993 0.0952838
6.30257 0.0945198
6.30683 0.0947439
6.31076 0.0946485
6.31089 0.0947769
6.31458 0.0944291
6.32156 0.0973776
6.32477 0.0945341
6.32868 0.0944091
6.3288 0.0945375
6.33281 0.0945088
6.33684 0.0945106
6.34143 0.0950587
6.34489 0.0944887
6.34893 0.0944951
6.3531 0.0946298
6.35925 0.0967526
6.36358 0.0950301
6.36759 0.0950048
6.37115 0.0945316
6.37512 0.0944718
6.38031 0.0956273
6.38409 0.0953739
6.38422 0.0955023
6.38903 0.0962731
6.39255 0.090554
6.39332 0.0953549
6.39646 0.0944625
6.40066 0.0946254
6.40079 0.0947538
6.40482 0.0947562
6.41084 0.0967466
6.41482 0.0946705
6.41895 0.0947702
6.41908 0.0948986
6.42325 0.0950304
6.42734 0.0950915
6.42747 0.0952199
6.4308 0.0945216
6.43477 0.0944583
6.43926 0.0949115
6.44285 0.094467
6.44891 0.096493
6.4532 0.0947354
6.45333 0.0948638
6.45702 0.0945155
6.46106 0.0945248
6.4651 0.0945312
6.46945 0.0948525
6.47317 0.0945394
6.47712 0.0944479
6.47724 0.0945763
6.48141 0.0947081
6.48692 0.0961836
6.49064 0.0946891
6.49243 0.0904333
6.49486 0.0948836
6.49499 0.095012
6.50095 0.0969344
6.50482 0.0947565
6.50867 0.0945717
6.5088 0.0947001
6.51284 0.0947065
6.51662 0.0944515
6.52168 0.0954821
6.52476 0.094527
6.5288 0.0945304
6.53271 0.0944083
6.53938 0.0970452
6.54284 0.0944556
6.54694 0.0945241
6.55111 0.0946583
6.55124 0.0947867
6.55502 0.0945363
6.55938 0.0948611
6.56373 0.0951825
6.5677 0.0951181
6.57107 0.0944504
6.57732 0.096667
6.58136 0.0946536
6.58437 0.0936299
6.59048 0.0957157
6.59061 0.0958441
6.59241 0.09041
6.59484 0.0948603
6.59929 0.095272
6.60256 0.094508
6.60681 0.0947326
6.61085 0.0947345
6.61472 0.0945739
6.61863 0.0944474
6.62311 0.0948982
6.62872 0.0964733
6.63282 0.0945251
6.63686 0.094531
6.64148 0.0951136
6.64485 0.0944464
6.64901 0.0945731
6.6533 0.0948363
6.65695 0.094453
6.66099 0.0944583
6.6676 0.0970295
6.67103 0.0944111
6.67516 0.0945108
6.6793 0.0946104
6.67942 0.0947388
6.6841 0.0953813
6.6889 0.0961521
6.69249 0.0904952
6.69326 0.0952961
6.69339 0.0954245
6.69653 0.0945321
6.7007 0.0946639
6.70082 0.0947923
6.70476 0.0946934
6.70867 0.0945669
6.71277 0.0946354
6.71912 0.0969499
6.72309 0.0948738
6.72805 0.0957996
6.73081 0.094525
6.73484 0.0945279
6.73939 0.0950433
6.74285 0.0944704
6.74689 0.0944728
6.75125 0.0947976
6.75702 0.0965357
6.76106 0.0945282
6.76504 0.0944684
6.7693 0.0946964
6.76943 0.0948248
6.77315 0.0945117
6.77724 0.0945757
6.78128 0.0945791
6.78141 0.0947075
6.78692 0.096183
6.79064 0.0946885
6.79243 0.0904328
6.79486 0.0948831
6.79928 0.0952677
6.80255 0.0945037
6.8087 0.096619
6.81287 0.094737
6.81662 0.094451
6.82155 0.0953531
6.82476 0.0945264
6.8288 0.0945298
6.83347 0.0951752
6.83684 0.0945109
6.84127 0.0948995
6.84694 0.0965403
6.85114 0.0946889
6.85492 0.0944384
6.85928 0.0947632
6.86358 0.0950264
6.86371 0.0951548
6.86777 0.0951877
6.87104 0.0944227
6.87117 0.0945511
6.87511 0.0944562
6.88017 0.0954832
6.8803 0.0956116
6.88446 0.0957434
6.88901 0.0942407
6.89254 0.0905383
6.8933 0.0953393
6.89901 0.0970088
6.90253 0.0944848
6.90683 0.094748
6.91084 0.0947227
6.91468 0.094535
6.91865 0.0944706
6.92288 0.0946681
6.92737 0.0951184
6.93073 0.0944511
6.93676 0.0964421
6.9415 0.0951363
6.94497 0.0945664
6.94887 0.0944404
6.9531 0.0946373
6.95323 0.0947657
6.95704 0.0945419
6.96108 0.0945472
6.96502 0.0944563
6.96938 0.0947816
6.97528 0.0966476
6.97945 0.0947656
6.98426 0.0955364
6.98893 0.0961788
6.98906 0.0963072
6.99262 0.0906192
6.99306 0.0951006
6.99646 0.094465
7.00076 0.0947252
7.00505 0.0949829
7.00857 0.0944751
7.0087 0.0946035
7.01287 0.0947383
7.01665 0.0944833
7.02091 0.0947109
7.02104 0.0948392
7.02818 0.0979448
7.03081 0.094525
7.03478 0.0944657
7.0394 0.0950473
7.04286 0.0944744
7.0469 0.0944802
7.04703 0.0946086
7.05119 0.0947423
7.05132 0.0948707
7.05498 0.0944919
7.05898 0.0944661
7.06498 0.0964294
7.06941 0.0948041
7.07316 0.094521
7.0772 0.0945298
7.08111 0.0944043
7.08639 0.095656
7.09043 0.0944805
7.09932 0.0953104
7.1025 0.094452
7.10263 0.0945804
7.10685 0.0947723
7.11083 0.0947115
7.11656 0.096414
7.12156 0.0953571
7.12463 0.094402
7.1288 0.0945338
7.13271 0.0944078
7.13284 0.0945362
7.13687 0.094538
7.14129 0.0949266
7.14482 0.0944194
7.14495 0.0945478
7.14889 0.0944568
7.15495 0.0964828
7.15934 0.094822
7.16353 0.0949839
7.16366 0.0951122
7.16761 0.0950208
7.17113 0.0945125
7.17523 0.0945811
7.17927 0.0945874
7.18408 0.0953582
7.18421 0.0954866
7.18901 0.0962575
7.18914 0.0963858
7.19254 0.0905383
7.19343 0.0954677
7.19644 0.0944469
7.2008 0.0947698
7.20682 0.0967568
7.21076 0.0946446
7.21461 0.0944563
7.21896 0.0947777
7.22313 0.0949095
7.22325 0.0950379
7.22741 0.0951612
7.23075 0.0944629
7.23478 0.0944658
7.23934 0.0949852
7.24501 0.0966231
7.24513 0.0967515
7.24892 0.0944843
7.25325 0.0947785
7.25337 0.0949069
7.2569 0.0943992
7.25703 0.0945276
7.26094 0.0944045
7.26107 0.0945329
7.26513 0.0945663
7.26936 0.0947593
7.26949 0.0948877
7.27308 0.0944461
7.27712 0.094452
7.2843 0.0975936
7.28692 0.0941709
7.29096 0.0950127
7.29256 0.0905658
7.29647 0.0964911
7.30076 0.0947311
7.30505 0.0949868
7.30871 0.0946074
7.31287 0.0947422
7.31662 0.0944561
7.32159 0.0953894
7.32172 0.0955178
7.3247 0.0944654
7.3288 0.094531
7.32893 0.0946594
7.33479 0.0964914
7.33941 0.0950562
7.34287 0.0944833
7.34694 0.0945207
7.35117 0.0947172
7.35504 0.09456
7.35927 0.0947525
7.3594 0.0948809
7.36366 0.0951089
7.3677 0.0951108
7.37305 0.0964321
7.37734 0.094674
7.38151 0.0948058
7.38692 0.096184
7.39064 0.0946895
7.39243 0.0904338
7.39499 0.0950125
7.39918 0.0951674
7.39931 0.0952958
7.40245 0.0944034
7.40258 0.0945318
7.40681 0.0947248
7.41087 0.0947577
7.41462 0.0944722
7.41866 0.0944741
7.42465 0.0964344
7.42868 0.0944171
7.42881 0.0945455
7.43272 0.0944234
7.43673 0.0943982
7.43686 0.0945266
7.44138 0.0950119
7.445 0.0945975
7.44891 0.0944754
7.45311 0.0946413
7.45695 0.0944525
7.46362 0.0970894
7.4676 0.0950123
7.46773 0.0951407
7.47102 0.0944067
7.47519 0.0945415
7.47926 0.0945789
7.4842 0.0954781
7.489 0.0962489
7.49252 0.0905258
7.49342 0.0954552
7.49643 0.0944344
7.49656 0.0945628
7.50073 0.0946946
7.50473 0.0946659
7.50857 0.0944731
7.5146 0.0964641
7.51908 0.0948971
7.52324 0.0950289
7.52741 0.0951562
7.53074 0.0944578
7.53478 0.0944607
7.53491 0.0945891
7.53939 0.0950383
7.54285 0.0944655
7.54682 0.0944056
7.54695 0.094534
7.55327 0.0968168
7.55692 0.0944207
7.56102 0.0944882
7.56496 0.0943933
7.56509 0.0945217
7.56932 0.0947186
7.56945 0.094847
7.5732 0.094561
7.57711 0.0944384
7.57724 0.0945668
7.58127 0.0945702
7.58659 0.0958546
7.59063 0.0946797
7.59245 0.090455
7.59489 0.0949053
7.5993 0.0952899
7.59943 0.0954183
7.60472 0.0966705
7.60875 0.0946556
7.61279 0.0946619
7.61664 0.0944737
7.62154 0.0953442
7.62475 0.0945175
7.62879 0.0945209
7.63276 0.0944611
7.6368 0.0944669
7.64286 0.09649
7.64683 0.0944134
7.65113 0.094676
7.65125 0.0948044
7.65491 0.0944256
7.65504 0.094554
7.65892 0.0943998
7.65937 0.0948477
7.66376 0.0952041
7.66766 0.0950776
7.66779 0.0952059
7.67109 0.094472
7.6751 0.0944433
7.67522 0.0945717
7.68119 0.0965009
7.68131 0.0966293
7.68448 0.0937483
7.68897 0.0941996
7.6925 0.0904973
7.69493 0.0969644
7.69905 0.0950403
7.70245 0.0944047
7.70258 0.0945331
7.70681 0.0947306
7.71085 0.0947324
7.71469 0.0945447
7.71869 0.0945115
7.72299 0.0947717
7.72737 0.0951247
7.73269 0.0964115
7.73673 0.0944005
7.74151 0.0951427
7.745 0.0945998
7.74891 0.0944738
7.75327 0.0947992
7.75695 0.0944469
7.76099 0.0944562
7.76503 0.0944626
7.77112 0.0965232
7.7752 0.0945438
7.77532 0.0946722
7.77943 0.0947408
7.78413 0.0954143
7.78894 0.0961851
7.79249 0.0904971
7.79339 0.0954264
7.7964 0.0944057
7.8007 0.0946659
7.80083 0.0947942
7.80473 0.0946642
7.8086 0.0945026
7.81277 0.0946374
7.8129 0.0947658
7.81661 0.0944491
7.82312 0.0969196
7.82754 0.0952869
7.83074 0.0944602
7.83478 0.0944631
7.83927 0.0949163
7.83939 0.0950447
7.84286 0.0944718
7.84298 0.0946002
7.8469 0.0944782
7.85122 0.0947719
7.85488 0.094393
7.85501 0.0945214
7.86094 0.096422
7.86504 0.0944738
7.8694 0.0947991
7.87312 0.094482
7.87713 0.0944567
7.88135 0.0946507
7.88699 0.0962546
7.89061 0.0946628
7.8924 0.0904071
7.89484 0.0948574
7.89497 0.0949858
7.89935 0.0953313
7.90249 0.0944389
7.90681 0.0947292
7.91277 0.0966579
7.91665 0.094484
7.92155 0.0953506
7.92476 0.0945239
7.9287 0.09443
7.93283 0.0945296
7.93686 0.0945315
7.94129 0.0949201
7.94481 0.0944128
7.95122 0.096789
7.95491 0.0944245
7.95933 0.0948155
7.96366 0.0951097
7.9676 0.0950182
7.97119 0.0945722
7.97523 0.0945746
7.97927 0.0945809
7.98407 0.0953517
7.9842 0.0954801
7.989 0.0962509
7.99249 0.0904967
7.99326 0.0952977
7.99339 0.0954261
7.9964 0.0944053
8.00255 0.0945054
8.00675 0.0946734
8.00688 0.0948017
8.01086 0.0947414
8.01464 0.094491
8.01884 0.0946528
8.02294 0.0947219
8.02738 0.0951331
8.03075 0.0944659
8.03479 0.0944688
8.04151 0.0971639
8.04501 0.0946083
8.04892 0.0944852
8.05321 0.0947443
8.05334 0.0948727
8.0569 0.0943961
8.05703 0.0945245
8.06109 0.0945604
8.06513 0.0945627
8.06936 0.0947597
8.07305 0.0944144
8.07318 0.0945428
8.07949 0.0968245
8.08353 0.0948101
8.08638 0.0936294
8.10048 0.0944437
8.10454 0.0944717
8.10854 0.0944419
8.11287 0.0947361
8.11662 0.0944496
8.12161 0.0954139
8.12475 0.0945216
8.13071 0.0964479
8.13469 0.0943718
8.13482 0.0945002
8.1394 0.0950507
8.14318 0.0947973
8.14684 0.0944185
8.14696 0.0945469
8.15135 0.0948948
8.15493 0.0944498
8.1593 0.0947786
8.16362 0.0950728
8.16901 0.0964288
8.17315 0.0945116
8.17712 0.0944553
8.17725 0.0945837
8.18155 0.0948438
8.18648 0.095743
8.18661 0.0958714
8.19064 0.0946965
8.19244 0.0904407
8.19487 0.094891
8.19922 0.0952055
8.20249 0.0944415
8.20684 0.0947628
8.21088 0.0947647
8.21473 0.094577
8.22158 0.0953842
8.22466 0.0944291
8.22873 0.0944636
8.23273 0.0944349
8.23683 0.0944989
8.23696 0.0946273
8.24138 0.0950159
8.24488 0.0944771
8.24888 0.0944483
8.25302 0.094548
8.25314 0.0946764
8.25933 0.0968303
8.26362 0.0950727
8.2676 0.0950123
8.27102 0.0944068
8.27115 0.0945352
8.27522 0.0945726
8.27942 0.0947384
8.2841 0.0953809
8.28903 0.0962801
8.29256 0.0905609
8.29333 0.0953619
8.29647 0.0944695
8.30069 0.0946635
8.30672 0.0966505
8.31079 0.0946706
8.31457 0.0944202
8.31895 0.0947727
8.31908 0.0949011
8.32312 0.0949045
8.32744 0.0951873
8.33077 0.094489
8.33481 0.0944919
8.33933 0.0949801
8.34311 0.0947268
8.34891 0.096496
8.35334 0.0948708
8.35693 0.0944292
8.35706 0.0945576
8.36104 0.0945007
8.36497 0.0944058
8.3651 0.0945342
8.36949 0.0948866
8.37307 0.0944332
8.3732 0.0945616
8.37711 0.094439
8.3814 0.0946992
8.38659 0.0958552
8.3905 0.0945518
8.39255 0.0905528
8.39646 0.0964781
8.40066 0.0946243
8.40507 0.0950084
8.4086 0.0945006
8.40873 0.094629
8.41277 0.0946354
8.4129 0.0947637
8.41664 0.0944777
8.42161 0.095411
8.42469 0.0944558
8.42873 0.0944593
8.4328 0.0944967
8.4394 0.0950506
8.44305 0.0946689
8.44318 0.0947973
8.44683 0.0944145
8.44696 0.0945428
8.45125 0.0948015
8.45506 0.0945782
8.45928 0.0947666
8.45941 0.094895
8.46364 0.095088
8.46771 0.0951249
8.47111 0.0944923
8.47729 0.0966427
8.48146 0.0947577
8.48658 0.0958481
8.49062 0.0946731
8.49242 0.0904173
8.49485 0.0948676
8.49933 0.0953105
8.50247 0.0944181
8.50682 0.0947394
8.51089 0.0947724
8.5146 0.0944563
8.51868 0.0944932
8.52467 0.0964536
8.52873 0.0944674
8.53271 0.0944075
8.53675 0.0944134
8.53687 0.0945417
8.54133 0.0949614
8.54488 0.0944848
8.54501 0.0946132
8.54892 0.0944911
8.55322 0.0947543
8.55694 0.0944371
8.55707 0.0945655
8.56098 0.0944464
8.56759 0.0970176
8.56771 0.097146
8.57105 0.0944304
8.57522 0.0945651
8.57942 0.094731
8.58409 0.0953734
8.5889 0.0961442
8.59252 0.0905184
8.59328 0.0953193
8.59642 0.0944269
8.60072 0.0946871
8.60463 0.0945611
8.60475 0.0946895
8.60847 0.0943684
8.61459 0.0964566
8.6191 0.0949207
8.62327 0.0950525
8.62743 0.0951798
8.63076 0.0944815
8.63483 0.0945155
8.63941 0.095062
8.64287 0.0944891
8.64694 0.0945266
8.65111 0.0946608
8.65691 0.0944133
8.66098 0.0944497
8.66499 0.0944209
8.66512 0.0945493
8.66934 0.0947423
8.66947 0.0948707
8.67319 0.0945536
8.6771 0.094431
8.67723 0.0945594
8.68126 0.0945628
8.68139 0.0946912
8.68658 0.0958472
8.69062 0.0946722
8.69248 0.0904786
8.69491 0.0949289
8.69933 0.0953135
8.70471 0.0966631
8.70875 0.0946481
8.71279 0.0946545
8.71653 0.094369
8.71666 0.0944974
8.72157 0.0953679
8.72477 0.0945412
8.72881 0.0945446
8.73272 0.0944225
8.73686 0.0945256
8.74311 0.0967398
8.74685 0.0944376
8.75115 0.0947002
8.75493 0.0944497
8.75933 0.0948096
8.76378 0.0952243
8.76765 0.0950667
8.76778 0.095195
8.77118 0.0945584
8.77509 0.0944364
8.7799 0.0952101
8.78451 0.0957898
8.78887 0.094096
8.78899 0.0942243
8.79239 0.0903896
8.79482 0.0968567
8.79899 0.0949717
8.80251 0.0944645
8.80684 0.0947587
8.81084 0.0947295
8.81463 0.0944791
8.81866 0.0944809
8.82309 0.0948695
8.82738 0.0951292
8.83273 0.0964471
8.83677 0.0944361
8.84222 0.0958489
8.84497 0.0945743
8.84892 0.0944833
8.85334 0.0948748
8.85696 0.0944564
8.86109 0.094559
8.865 0.094437
8.86936 0.0947623
8.87536 0.0947088
8.88036 0.0956737
8.88414 0.0954203
8.88894 0.0961912
8.8925 0.0905031
8.89327 0.0953041
8.89641 0.0944117
8.9007 0.0946719
8.90474 0.0946703
8.90861 0.0945087
8.91281 0.0946745
8.91662 0.0944552
8.92312 0.0969256
8.92754 0.095293
8.93078 0.0944973
8.93482 0.0945002
8.93927 0.0949223
8.9394 0.0950507
8.94305 0.094669
8.94687 0.0944496
8.95122 0.0947744
8.95488 0.0943956
8.95501 0.094524
8.96097 0.0964557
8.96495 0.0943791
8.96508 0.0945075
8.96898 0.0943809
8.96943 0.0948288
8.97315 0.0945117
8.97712 0.0944553
8.98135 0.0946493
8.98654 0.0958053
8.99064 0.0946925
8.99243 0.0904368
8.99487 0.0948871
8.99912 0.0951042
8.99925 0.0952326
9.00252 0.0944686
9.00672 0.0946366
9.00685 0.094765
9.0128 0.0966898
9.01655 0.094387
9.02126 0.0950624
9.02473 0.0944925
9.02876 0.0944959
9.03286 0.0945644
9.0368 0.094469
9.04129 0.0949198
9.04478 0.094381
9.04491 0.0945094
9.05113 0.0966944
9.05126 0.0968227
9.05491 0.0944272
9.05892 0.0944014
9.06357 0.0950146
9.06369 0.095143
9.06766 0.0950786
9.07106 0.094438
9.07509 0.0944388
9.07961 0.0949237
9.08313 0.0944159
9.08877 0.0960193
9.0889 0.0961477
9.10249 0.0964623
9.10675 0.0946686
9.11075 0.0946388
9.11486 0.0947079
9.11883 0.0946475
9.123 0.0947793
9.12738 0.0951283
9.13071 0.09443
9.13469 0.0943707
9.13482 0.0944991
9.14145 0.0971009
9.14498 0.0945769
9.14882 0.0943887
9.15312 0.0946518
9.15687 0.0943697
9.16097 0.0944372
9.16501 0.0944396
9.16901 0.0944104
9.17311 0.0944789
9.17709 0.0944225
9.18427 0.0955474
9.18708 0.0943326
9.19247 0.0904707
9.19324 0.0972884
9.19638 0.0943792
9.2006 0.0945733
9.20073 0.0947016
9.20496 0.0948912
9.20848 0.0943834
9.21274 0.0946115
9.21287 0.0947399
9.21671 0.0945471
9.22159 0.0953866
9.22466 0.0944314
9.23072 0.0964511
9.23469 0.094375
9.23931 0.0949566
9.24277 0.0943837
9.24687 0.0944523
9.25119 0.094738
9.25491 0.0944214
9.2593 0.0947813
9.26363 0.0950755
9.26902 0.0964314
9.27306 0.094421
9.27716 0.094489
9.28139 0.0946831
9.28151 0.0948114
9.28657 0.095839
9.29061 0.0946641
9.29241 0.0904083
9.29484 0.0948586
9.29913 0.0951108
9.29925 0.0952392
9.30252 0.0944752
9.30675 0.0946682
9.31075 0.094639
9.31088 0.0947673
9.31473 0.0945796
9.32149 0.0973064
9.32162 0.0974348
9.3247 0.0944629
9.32876 0.0944974
9.33273 0.0944336
9.33677 0.0944394
9.34132 0.0949559
9.34485 0.0944486
9.34889 0.094455
9.35315 0.094683
9.35896 0.0964552
9.36354 0.094986
9.36367 0.0951144
9.36761 0.0950229
9.37104 0.0944174
9.37511 0.0944548
9.37994 0.0952597
9.38404 0.0953258
9.38882 0.096065
9.39247 0.0904743
9.39324 0.0952752
9.39638 0.0943828
9.40071 0.0946741
9.40478 0.0947116
9.41077 0.0966709
9.4109 0.0967993
9.41458 0.0944348
9.41897 0.0947873
9.4191 0.0949157
9.42326 0.0950475
9.42698 0.0947269
9.43079 0.0945075
9.43486 0.0945415
9.43935 0.0949987
9.44313 0.0947453
9.4488 0.0963862
9.45323 0.0947609
9.45695 0.0944478
9.46092 0.0943869
9.46499 0.0944204
9.46902 0.0944222
9.47306 0.0944246
9.4771 0.0944304
9.48139 0.0946906
9.48645 0.0957182
9.49049 0.0945433
9.49062 0.0946716
9.49241 0.0904159
9.49485 0.0948662
9.49498 0.0949946
9.50097 0.096952
9.50471 0.0946457
9.50862 0.0945232
9.51272 0.0945917
9.51285 0.0947201
9.51656 0.094399
9.52162 0.0954256
9.5247 0.0944704
9.52874 0.0944739
9.53271 0.094414
9.53932 0.0969847
9.54278 0.0943951
9.54291 0.0945235
9.54698 0.0945609
9.55114 0.0946911
9.55492 0.0944407
9.55893 0.0944109
9.55938 0.0948588
9.56363 0.0950789
9.56764 0.0950537
9.5711 0.0944832
9.57732 0.0966687
9.58136 0.0946554
9.58437 0.0936316
9.59052 0.0957491
9.59244 0.0904433
9.59487 0.0948936
9.59922 0.0952081
9.60249 0.0944441
9.60669 0.094606
9.60682 0.0947343
9.61075 0.0946389
9.6146 0.0944512
9.6187 0.0945192
9.62315 0.0949389
9.62873 0.096483
9.63274 0.0944375
9.63678 0.0944433
9.64142 0.0950571
9.64482 0.094417
9.64885 0.0944193
9.64898 0.0945477
9.65318 0.0947136
9.65693 0.0944315
9.66098 0.0944408
9.66761 0.0970431
9.67107 0.0944559
9.67524 0.0945906
9.67944 0.0947564
9.68399 0.0952705
9.68879 0.0960413
9.68892 0.0961697
9.69251 0.0905128
9.69328 0.0953137
9.69642 0.0944213
9.70071 0.0946815
9.70465 0.0945826
9.70849 0.0943899
9.71282 0.0946841
9.71913 0.0969635
9.7231 0.0948874
9.72742 0.0951742
9.73066 0.0943786
9.73473 0.0944126
9.73934 0.0949902
9.74312 0.0947368
9.74681 0.0943891
9.74693 0.0945175
9.75107 0.0946206
9.7512 0.094749
9.75697 0.0964871
9.76091 0.0943784
9.76495 0.0943808
9.76902 0.0944177
9.77306 0.094424
9.77709 0.0944259
9.78139 0.0946861
9.78658 0.0958421
9.79061 0.0946671
9.79241 0.0904113
9.79484 0.0948616
9.79936 0.0953435
9.8025 0.0944511
9.80875 0.0966638
9.81288 0.0947467
9.81656 0.094395
9.82156 0.0953588
9.82467 0.0944348
9.82874 0.0944693
9.83274 0.0944406
9.83675 0.0944153
9.83688 0.0945437
9.8413 0.0949323
9.84684 0.0964447
9.85117 0.0947217
9.85496 0.0944712
9.8589 0.0943832
9.86361 0.0950592
9.86765 0.095061
9.87104 0.0944244
9.87508 0.0944307
9.87938 0.0946939
9.88431 0.0955931
9.8888 0.0940276
9.89239 0.0903875
9.89328 0.0953168
9.89905 0.0970485
9.90244 0.0943962
9.90674 0.0946553
9.91071 0.094595
9.91084 0.0947234
9.91462 0.0944729
9.91869 0.0945059
9.92301 0.0947972
9.92737 0.095123
9.93071 0.0944247
9.93679 0.0964778
9.94144 0.0950748
9.9449 0.0945009
9.94881 0.0943749
9.95323 0.0947664
9.95694 0.0944413
9.96095 0.0944155
9.96499 0.0944219
9.96897 0.0943655
9.96941 0.0948134
9.97525 0.0966172
9.97945 0.0947662
9.98416 0.0954398
9.98429 0.0955682
9.98896 0.0962106
9.98909 0.096339
9.99249 0.0904875
9.99325 0.0952884
9.99639 0.094396

