% time_sec delay_sec
1.15995 0.0598606
1.15995 0.0598606
1.25996 0.0598643
1.35997 0.0598821
1.45792 0.361843
1.45995 0.0598631
1.55996 0.059867
1.65998 0.0598848
1.75996 0.0598703
1.76059 0.361834
1.85996 0.0598651
1.95927 0.258506
1.96143 0.0613211
1.96332 0.0652205
1.96742 0.0652944
2.05927 0.153108
2.06134 0.0612246
2.06339 0.0652922
2.06744 0.0653127
2.07149 0.0653253
2.07551 0.0653142
2.07944 0.0652068
2.08395 0.0656842
2.08779 0.065492
2.09154 0.065206
2.09838 0.0660013
2.10165 0.0652402
2.10578 0.0653304
2.10969 0.0652073
2.11392 0.0654048
2.11815 0.0656007
2.12209 0.0655097
2.12626 0.0656405
2.13003 0.0653866
2.136 0.0673153
2.1407 0.0659671
2.14435 0.0655883
2.14804 0.0652405
2.15227 0.065433
2.15733 0.0664625
2.16143 0.0613226
2.16156 0.0654845
2.16541 0.0652992
2.16935 0.0652083
2.17346 0.0652763
2.17743 0.065216
2.18425 0.0680035
2.18854 0.0662435
2.19161 0.0652844
2.19568 0.0653189
2.20032 0.0659223
2.20045 0.0660507
2.20375 0.0653167
2.20769 0.0652218
2.21173 0.0652282
2.21589 0.0653589
2.21987 0.065302
2.22618 0.0675819
2.23015 0.0655058
2.23403 0.0653452
2.23796 0.0652488
2.24213 0.0653806
2.2461 0.0653207
2.25008 0.0652598
2.25431 0.0654573
2.25937 0.0664903
2.26139 0.0612813
2.26338 0.0652866
2.26774 0.0656154
2.27348 0.0673179
2.27749 0.0652759
2.28146 0.0652166
2.28601 0.0657306
2.28966 0.0653488
2.29376 0.0654179
2.29857 0.0661887
2.30171 0.0652963
2.30568 0.065236
2.30978 0.065304
2.31588 0.0653449
2.31988 0.0653151
2.32388 0.0652869
2.3281 0.065473
2.32823 0.0656014
2.33189 0.0652225
2.33202 0.0653509
2.33593 0.0652284
2.3407 0.0659705
2.34429 0.0655289
2.34811 0.0653096
2.35427 0.0674329
2.35731 0.0644294
2.36141 0.0613023
2.3634 0.0673244
2.36769 0.0655663
2.37147 0.0653074
2.37541 0.0652159
2.38022 0.0659897
2.38429 0.0660242
2.38858 0.0662815
2.39166 0.0653263
2.39595 0.0655865
2.40172 0.0673217
2.40185 0.0674501
2.40569 0.0652406
2.40969 0.0652114
2.41386 0.0653427
2.41815 0.0656013
2.42266 0.0660832
2.42626 0.0656416
2.43004 0.0653877
2.43016 0.0655161
2.43401 0.0653284
2.43802 0.0653061
2.44427 0.0675203
2.44808 0.0652842
2.45231 0.0654766
2.45731 0.0664439
2.46144 0.0613312
2.46157 0.0654931
2.46541 0.0652998
2.46945 0.0653062
2.47343 0.0652498
2.47744 0.0652245
2.48147 0.0652279
2.4857 0.0654225
2.49166 0.0673488
2.49557 0.065207
2.5005 0.0660983
2.50376 0.0653333
2.50767 0.0652072
2.51171 0.0652096
2.51587 0.0653404
2.51981 0.0652484
2.52392 0.0653175
2.52808 0.0654493
2.53391 0.0652294
2.53805 0.0653315
2.54227 0.065526
2.54619 0.065404
2.55007 0.0652498
2.55417 0.0653188
2.5543 0.0654472
2.55936 0.0664802
2.56135 0.0612401
2.56366 0.0655649
2.56764 0.0655085
2.56777 0.0656369
2.57152 0.0653549
2.57543 0.0652323
2.58152 0.06729
2.58607 0.0657872
2.58972 0.0654055
2.59369 0.0653462
2.59824 0.0658597
2.60167 0.0652552
2.60567 0.0652219
2.60971 0.0652278
2.61381 0.0652968
2.61394 0.0654252
2.61984 0.0672907
2.62388 0.0652774
2.62804 0.0654052
2.62817 0.0655336
2.63201 0.0653453
2.63595 0.0652499
2.64069 0.0659575
2.64434 0.0655787
2.64813 0.0653282
2.65223 0.0654002
2.65733 0.0664648
2.66144 0.0613249
2.66157 0.0654868
2.66538 0.0652665
2.67147 0.0673236
2.67192 0.0677715
2.67547 0.0652776
2.68056 0.0663357
2.68435 0.0660824
2.6887 0.0664053
2.69165 0.0653218
2.69601 0.0656447
2.7004 0.0659987
2.70052 0.0661271
2.70456 0.06613
2.70976 0.0672913
2.71386 0.0653436
2.7184 0.0658556
2.72314 0.0665597
2.72625 0.0656357
2.73013 0.0654791
2.73397 0.0652914
2.73798 0.0652691
2.7424 0.0656547
2.74609 0.065307
2.74622 0.0654354
2.75231 0.0654792
2.75475 0.0638821
2.75488 0.0640105
2.76138 0.0612675
2.76151 0.0666078
2.76535 0.0652402
2.76939 0.0652425
2.77349 0.0653106
2.77747 0.0652542
2.78157 0.0653198
2.78554 0.0652576
2.78954 0.0652294
2.79371 0.0653612
2.79384 0.0654895
2.80049 0.0681131
2.80367 0.065238
2.80767 0.0652093
2.81178 0.0652778
2.81587 0.0653424
2.81985 0.0652815
2.82382 0.0652222
2.82802 0.0653851
2.82815 0.0655135
2.83193 0.0652631
2.83802 0.0673231
2.84222 0.0654693
2.84619 0.0654094
2.85016 0.0653486
2.85427 0.0654176
2.8593 0.0664155
2.86142 0.0613038
2.8634 0.0653091
2.86777 0.0656379
2.87152 0.0653559
2.87543 0.0652333
2.88014 0.0659098
2.88418 0.0659132
2.88962 0.0673259
2.88975 0.0674543
2.8943 0.0659511
2.89475 0.066399
2.89853 0.0661456
2.90167 0.0652532
2.90576 0.0653093
2.9097 0.0652179
2.91386 0.0653491
2.91844 0.0658962
2.9221 0.0655174
2.92815 0.0675365
2.92828 0.0676649
2.93193 0.0652693
2.93604 0.0653373
2.94103 0.0662937
2.94442 0.0656581
2.94811 0.0653104
2.95234 0.0655068
2.95734 0.0664741
2.96145 0.0613342
2.96157 0.0654961
2.96539 0.0652797
2.96943 0.0652861
2.9734 0.0652257
2.98058 0.0683658
2.98449 0.066224
2.98878 0.0664813
2.99173 0.0653978
2.99564 0.0652728
3.00031 0.0659107
3.00458 0.0661448
3.00768 0.0652203
3.01172 0.0652266
3.01816 0.0676339
3.02208 0.0654945
3.02621 0.0655942
3.03012 0.0654692
3.03403 0.0653437
3.03797 0.0652512
3.04213 0.065383
3.04611 0.0653266
3.05015 0.0653354
3.05425 0.0654045
3.05932 0.0644241
3.06134 0.0612319
3.06343 0.0653305
3.06945 0.0673244
3.07346 0.0652773
3.07753 0.0653132
3.08156 0.0653156
3.0855 0.0652212
3.08954 0.0652236
3.09358 0.0652299
3.09838 0.0660026
3.10165 0.0652376
3.10778 0.0673322
3.11181 0.0653133
3.11585 0.0653197
3.11979 0.0652237
3.11992 0.0653521
3.12383 0.0652271
3.12395 0.0653555
3.12808 0.0654523
3.132 0.0653302
3.13603 0.065336
3.14033 0.0655992
3.14078 0.0660471
3.1462 0.0674311
3.15011 0.0652953
3.15409 0.0652359
3.15421 0.0653643
3.15931 0.0664284
3.16139 0.0612816
3.1637 0.0656064
3.16767 0.0655461
3.17149 0.0653262
3.17553 0.0653321
3.17979 0.0655606
3.18431 0.066043
3.1886 0.0663003
3.19158 0.0652479
3.1983 0.0679411
3.2017 0.0652887
3.20576 0.0653137
3.20974 0.0652574
3.21416 0.0656459
3.21817 0.0656207
3.22211 0.0655297
3.22628 0.0656645
3.23003 0.0653795
3.23016 0.0655078
3.23593 0.067246
3.24073 0.0660025
3.24429 0.0655263
3.24811 0.065307
3.25217 0.06534
3.2523 0.0654684
3.25736 0.0664978
3.26147 0.061354
3.26159 0.0655159
3.26541 0.0652995
3.26948 0.065337
3.27342 0.0652455
3.27743 0.0652202
3.28147 0.0652236
3.28871 0.068428
3.29166 0.0653277
3.29601 0.0656506
3.30059 0.0661913
3.30459 0.0661591
3.30769 0.0652306
3.31173 0.065233
3.31589 0.0653637
3.31984 0.0652723
3.32625 0.0676494
3.33009 0.0654449
3.3339 0.0652221
3.33804 0.0653242
3.34211 0.0653587
3.34621 0.0654273
3.35016 0.0653393
3.35426 0.0654084
3.35929 0.0664102
3.35942 0.0665386
3.36147 0.0613607
3.36365 0.0655572
3.36776 0.0656292
3.37151 0.0653431
3.37753 0.0673375
3.38151 0.0652615
3.38605 0.0657755
3.38971 0.0653937
3.38984 0.0655221
3.39368 0.0653344
3.39381 0.0654628
3.39829 0.0659141
3.40169 0.0652785
3.40569 0.0652453
3.40973 0.0652471
3.41578 0.0672697
3.41985 0.0652893
3.42383 0.06523
3.42824 0.0656107
3.4319 0.0652318
3.43203 0.0653602
3.43597 0.0652688
3.44084 0.0661047
3.44423 0.0654691
3.44815 0.0653471
3.4543 0.0674704
3.45735 0.0644669
3.46142 0.0613087
3.46155 0.0654706
3.46767 0.0675623
3.47148 0.0653217
3.47543 0.0652302
3.48055 0.0663235
3.48433 0.0660701
3.48843 0.0661362
3.48856 0.0662646
3.49164 0.0653095
3.49593 0.0655697
3.50029 0.0658926
3.50571 0.0672762
3.50975 0.0652652
3.51388 0.0653654
3.51843 0.0658774
3.51855 0.0660058
3.52278 0.0661998
3.52624 0.0656298
3.53015 0.0655049
3.534 0.0653171
3.53798 0.0652637
3.54429 0.0675406
3.5481 0.0653045
3.55217 0.0653375
3.5573 0.0664332
3.5614 0.0612893
3.56153 0.0654512
3.56541 0.065297
3.56938 0.0652372
3.57342 0.065243
3.57746 0.0652488
3.5815 0.0652523
3.58605 0.0657663
3.58957 0.0652561
3.59569 0.067342
3.60033 0.065932
3.60459 0.0661566
3.60779 0.0653294
3.6118 0.0653006
3.61577 0.0652408
3.61984 0.0652772
3.62394 0.0653463
3.62804 0.0654119
3.63391 0.0672439
3.63795 0.0652359
3.64212 0.0653677
3.64622 0.0654362
3.64635 0.0655646
3.65013 0.0653171
3.65424 0.0653862
3.6593 0.0664191
3.65943 0.0665475
3.66135 0.0612412
3.66366 0.0655661
3.66767 0.0655408
3.6678 0.0656692
3.67152 0.065356
3.6755 0.0652997
3.67979 0.0655593
3.68607 0.0678052
3.68972 0.0654066
3.69369 0.0653433
3.69382 0.0654717
3.6983 0.065923
3.70163 0.0652212
3.7057 0.0652502
3.70971 0.0652249
3.71381 0.065294
3.71394 0.0654224
3.71817 0.0656188
3.72387 0.0672908
3.72816 0.0655302
3.73198 0.0653109
3.73601 0.0653128
3.74088 0.0661447
3.74427 0.0655091
3.7444 0.0656375
3.74806 0.0652587
3.75223 0.0653929
3.75735 0.0664886
3.76146 0.0613487
3.76159 0.0655106
3.76537 0.0652631
3.76948 0.0653317
3.77547 0.067291
3.78056 0.0663324
3.78434 0.066079
3.7887 0.066402
3.79165 0.0653185
3.79569 0.0653219
3.80052 0.0661198
3.80458 0.0661538
3.80769 0.0652293
3.81388 0.0673802
3.81817 0.0656221
3.82208 0.0654961
3.82625 0.0656308
3.83009 0.0654431
3.83394 0.0652554
3.83805 0.0653303
3.84208 0.0653338
3.84612 0.0653401
3.85225 0.0674318
3.85481 0.0639463
3.85939 0.0644929
3.86135 0.0612345
3.86539 0.0672901
3.86939 0.0652446
3.87349 0.0653126
3.87747 0.0652562
3.88157 0.0653253
3.88567 0.0653914
3.88955 0.0652348
3.89384 0.065495
3.8987 0.0663241
3.9046 0.0681877
3.90774 0.0652735
3.91181 0.0653109
3.91578 0.0652516
3.91981 0.0652455
3.91994 0.0653739
3.92391 0.0653117
3.92804 0.0654084
3.93198 0.0653174
3.93596 0.0652611
3.94231 0.0675755
3.94622 0.0654327
3.95013 0.0653096
3.95423 0.0653787
3.95929 0.0664116
3.96141 0.061296
3.9634 0.0653013
3.96769 0.0655639
3.97154 0.0653791
3.97542 0.0652255
3.97978 0.0655513
3.98427 0.0660026
3.98843 0.0661315
3.99381 0.0674845
3.9983 0.065919
4.00176 0.0653456
4.00576 0.065314
4.00973 0.0652537
4.01377 0.0652566
4.0139 0.065385
4.01816 0.0656125
4.02204 0.0654588
4.02627 0.0656518
4.03191 0.0672586
4.03604 0.0653449
4.04088 0.0661458
4.0444 0.0656386
4.04812 0.0653249
4.05232 0.0654863
4.05738 0.0665158
4.06142 0.0613131
4.06155 0.0654751
4.0654 0.0652863
4.06941 0.065261
4.07342 0.0652387
4.07749 0.0652786
4.08412 0.067878
4.08855 0.0662498
4.09162 0.0652941
4.09569 0.0653271
4.09975 0.0653566
4.10369 0.0652612
4.1077 0.0652354
4.11174 0.0652412
4.11577 0.065243
4.12202 0.0674597
4.12247 0.0679076
4.12587 0.0652581
4.13017 0.0655183
4.13401 0.0653266
4.13811 0.0653936
4.14215 0.065397
4.14615 0.0653683
4.15009 0.0652763
4.15432 0.0654738
4.15939 0.0665067
4.16138 0.0612666
4.16337 0.065272
4.1635 0.0654004
4.16776 0.0656319
4.17347 0.0673033
4.17757 0.0653546
4.18157 0.0653264
4.18644 0.0661599
4.18977 0.0654586
4.19432 0.0659721
4.19858 0.0661978
4.19871 0.0663262
4.20172 0.0653054
4.20569 0.065245
4.21175 0.0672671
4.21579 0.0652567
4.21986 0.0652931
4.22396 0.0653621
4.22818 0.0655522
4.22831 0.0656806
4.232 0.0653328
4.23604 0.0653387
4.24072 0.065984
4.24084 0.0661124
4.24431 0.0655425
4.25008 0.0672801
4.25418 0.0653324
4.25736 0.0644741
4.2614 0.0612848
4.2637 0.0676264
4.26768 0.0655493
4.27152 0.0653565
4.27556 0.0653624
4.28024 0.0660077
4.28434 0.0660733
4.28863 0.0663306
4.29158 0.0652471
4.29593 0.06557
4.30186 0.0674647
4.30573 0.0652863
4.30974 0.065261
4.31388 0.0653612
4.31855 0.0660016
4.32211 0.0655254
4.32628 0.0656602
4.33012 0.0654725
4.33397 0.0652848
4.34082 0.0681088
4.34429 0.0655221
4.3481 0.0653027
4.35239 0.0655614
4.35733 0.0664625
4.36146 0.0613497
4.36159 0.0655116
4.36543 0.0653224
4.36947 0.0653287
4.37345 0.0652723
4.37746 0.0652471
4.3815 0.0652505
4.3856 0.0653166
4.39168 0.0673713
4.39181 0.0674997
4.39591 0.0655491
4.40045 0.0660546
4.40058 0.066183
4.40458 0.0661508
4.40779 0.0653236
4.41176 0.0652638
4.4158 0.0652661
4.41984 0.065272
4.42394 0.065341
4.42996 0.067333
4.43009 0.0674614
4.43393 0.065253
4.43807 0.065355
4.4423 0.0655496
4.44624 0.0654586
4.45016 0.0653395
4.45426 0.0654086
4.45939 0.0665037
4.46138 0.0612636
4.46343 0.0653312
4.46766 0.0655316
4.46779 0.06566
4.47151 0.0653468
4.47545 0.0652554
4.48154 0.067313
4.48641 0.0661298
4.48974 0.0654285
4.49372 0.0653692
4.49858 0.0662022
4.50172 0.0653098
4.50569 0.0652415
4.50973 0.0652473
4.51396 0.0654448
4.51986 0.0673103
4.52396 0.0653626
4.52818 0.0655526
4.53203 0.0653644
4.53601 0.065308
4.54075 0.0660156
4.54088 0.066144
4.5444 0.0656368
4.54809 0.0652891
4.55235 0.0655206
4.55739 0.0665189
4.56136 0.0612507
4.56149 0.0654126
4.56537 0.0652589
4.57191 0.06776
4.57203 0.0678884
4.57556 0.0653673
4.58053 0.0662971
4.58443 0.0661721
4.58866 0.0663666
4.59164 0.0653142
4.596 0.0656372
4.60039 0.0659912
4.60458 0.0661536
4.60978 0.0673149
4.61388 0.0653672
4.61843 0.0658792
4.62317 0.0665873
4.62625 0.0656321
4.63012 0.0654721
4.63397 0.0652844
4.63801 0.0652931
4.64243 0.0656788
4.6481 0.0673196
4.6523 0.0654682
4.65487 0.0639995
4.66143 0.0613227
4.66156 0.066663
4.66541 0.0652954
4.66941 0.0652627
4.67351 0.0653307
4.67749 0.0652743
4.68159 0.0653399
4.68556 0.0652777
4.68569 0.0654061
4.68956 0.0652495
4.69373 0.0653813
4.70054 0.0681643
4.70436 0.0659282
4.70779 0.0653227
4.71179 0.0652939
4.71579 0.0652618
4.71592 0.0653902
4.71993 0.0653649
4.72384 0.0652399
4.72807 0.0654339
4.72819 0.0655623
4.73201 0.065343
4.73797 0.0672746
4.74227 0.0655181
4.74624 0.0654582
4.75012 0.065304
4.75435 0.0655015
4.75932 0.0664372
4.76143 0.0613215
4.76342 0.0653268
4.76766 0.0655272
4.76778 0.0656556
4.77154 0.0653735
4.77545 0.065251
4.78016 0.0659274
4.78419 0.0659309
4.78964 0.0673436
4.79371 0.0653608
4.79384 0.0654892
4.79832 0.0659405
4.80165 0.0652388
4.80578 0.0653299
4.80972 0.0652385
4.81395 0.0654359
4.81843 0.0658857
4.82292 0.066337
4.82852 0.0679087
4.83192 0.0652564
4.83605 0.0653555
4.84102 0.0662848
4.84448 0.0657114
4.84813 0.0653326
4.8523 0.0654628
4.85242 0.0655912
4.85736 0.0664963
4.86147 0.0613564
4.8616 0.0655183
4.86538 0.0652673
4.86942 0.0652737
4.87343 0.0652484
4.88054 0.0683263
4.88067 0.0684547
4.88445 0.0661845
4.88868 0.066379
4.89163 0.0652955
4.89175 0.0654239
4.89598 0.0656185
4.90034 0.0659408
4.9046 0.0661694
4.90771 0.0652449
4.91188 0.0653796
4.91819 0.0676585
4.92203 0.0654535
4.92588 0.0652647
4.92633 0.0657126
4.93017 0.0655249
4.93398 0.0653021
4.93806 0.065342
4.94213 0.0653765
4.94613 0.0653478
4.95017 0.0653531
4.95479 0.0659357
4.95491 0.0660641
4.9594 0.0645045
4.96139 0.0612812
4.96373 0.0656371
4.9695 0.0673708
4.97347 0.0652937
4.97754 0.0653306
4.98155 0.0653024
4.98597 0.065688
4.98642 0.0661359
4.98956 0.0652435
4.9943 0.0659516
4.99872 0.0663367
5.00173 0.065316
5.00776 0.0673161
5.01183 0.0653328
5.01587 0.0653392
5.01994 0.0653716
5.02394 0.0653429
5.02807 0.0654396
5.0282 0.065568
5.03198 0.0653175
5.03596 0.0652612
5.04083 0.0661006
5.04606 0.0672935
5.0501 0.0652815
5.0542 0.0653506
5.05936 0.0664724
5.06141 0.0612945
5.06371 0.0656193
5.0674 0.0652746
5.0715 0.0653421
5.07558 0.0653819
5.07949 0.0652594
5.08398 0.0657136
5.08846 0.0661644
5.0916 0.065271
5.09855 0.0681888
5.10172 0.0653097
5.10578 0.0653377
5.10983 0.065347
5.11393 0.065416
5.11406 0.0655444
5.11816 0.0656119
5.1228 0.0662222
5.12627 0.0656523
5.13011 0.0654646
5.13598 0.067296
5.14085 0.0661152
5.14447 0.0657048
5.14813 0.0653259
5.14825 0.0654543
5.15239 0.0655535
5.15739 0.0665208
5.16149 0.0613769
5.16162 0.0655388
5.16547 0.0653535
5.16951 0.0653599
5.17345 0.0652684
5.17749 0.0652742
5.18152 0.0652776
5.18876 0.068482
5.19168 0.0653466
5.1959 0.0655412
5.2006 0.0662062
5.20428 0.0658545
5.20774 0.0652761
5.21178 0.0652785
5.21581 0.0652814
5.21991 0.0653489
5.22588 0.0672782
5.23004 0.0653932
5.23408 0.0653961
5.23814 0.065428
5.24218 0.0654314
5.24619 0.0654027
5.25022 0.065408
5.25433 0.0654771
5.25933 0.0664438
5.25946 0.0665722
5.26138 0.0612659
5.26369 0.0655908
5.26773 0.0655966
5.27192 0.0657625
5.2775 0.067305
5.2816 0.0653573
5.28647 0.0661908
5.2898 0.0654896
5.29474 0.0663888
5.29832 0.0659443
5.30172 0.0653087
5.30572 0.0652754
5.30976 0.0652773
5.31581 0.0672999
5.31995 0.0653822
5.32398 0.0653856
5.32868 0.0660507
5.33211 0.0654462
5.33599 0.0652886
5.34089 0.0661591
5.34442 0.0656519
5.34813 0.0653352
5.35419 0.0673613
5.35737 0.0644862
5.36151 0.0613941
5.36163 0.0655561
5.36766 0.067551
5.37157 0.0654077
5.37555 0.0653513
5.38055 0.0663162
5.38436 0.0660939
5.38846 0.06616
5.38858 0.0662884
5.39166 0.0653333
5.39596 0.0655935
5.40031 0.0659124
5.40572 0.067292
5.40986 0.0653784
5.41418 0.0656697
5.41861 0.0660612
5.42281 0.0662241
5.42627 0.0656541
5.43011 0.0654664
5.43396 0.0652787
5.43807 0.0653497
5.44431 0.0675639
5.44444 0.0676923
5.44813 0.0653278
5.45229 0.065458
5.45242 0.0655864
5.45735 0.0664875
5.46146 0.0613437
5.46158 0.0655056
5.46546 0.0653479
5.46953 0.0653854
5.47344 0.0652628
5.47755 0.0653348
5.48158 0.0653382
5.48568 0.0654044
5.48959 0.0652794
5.49603 0.0676847
5.50041 0.066018
5.50054 0.0661464
5.50429 0.0658609
5.50782 0.0653526
5.51182 0.0653239
5.51579 0.0652601
5.51983 0.0652659
5.51996 0.0653943
5.52387 0.0652693
5.524 0.0653977
5.52813 0.0654944
5.53396 0.0672953
5.538 0.0652873
5.54217 0.0654191
5.54636 0.065581
5.55015 0.0653335
5.55425 0.0654025
5.55944 0.0665599
5.56146 0.0613509
5.56345 0.0653562
5.56772 0.0655877
5.57157 0.065403
5.57548 0.0652804
5.58015 0.0659258
5.58643 0.0681716
5.58977 0.0654536
5.59383 0.0654876
5.59832 0.0659389
5.60168 0.0652682
5.60571 0.0652661
5.60975 0.0652719
5.61392 0.0654032
5.6184 0.0658529
5.61853 0.0659813
5.62398 0.067397
5.6282 0.0655703
5.63198 0.0653198
5.63211 0.0654482
5.63606 0.0653568
5.64086 0.0661265
5.64448 0.0657161
5.64814 0.0653373
5.65227 0.0654404
5.6524 0.0655688
5.65731 0.0664388
5.66147 0.0613611
5.6616 0.065523
5.66548 0.0653693
5.66945 0.0653095
5.67555 0.0673701
5.68054 0.0663142
5.68445 0.0661892
5.68874 0.0664465
5.68887 0.0665749
5.69169 0.065363
5.69592 0.0655575
5.70057 0.0661683
5.70428 0.0658517
5.70774 0.0652772
5.71418 0.0676815
5.71841 0.0658617
5.7227 0.0661219
5.7263 0.0656803
5.73014 0.0654926
5.73402 0.065336
5.73803 0.0653137
5.74219 0.0654455
5.74617 0.0653857
5.75229 0.0674773
5.75486 0.0639919
5.75938 0.0644802
5.7615 0.0613852
5.76541 0.067313
5.76948 0.0653297
5.77351 0.0653355
5.77749 0.0652791
5.78159 0.0653482
5.78569 0.0654143
5.78957 0.0652577
5.79418 0.0658374
5.7985 0.0661213
5.79863 0.0662497
5.80456 0.0681444
5.80776 0.0653004
5.8118 0.0653028
5.81597 0.0654375
5.81994 0.0653766
5.82388 0.0652788
5.8282 0.0655701
5.83202 0.0653507
5.83606 0.0653566
5.84227 0.0675391
5.8424 0.0676675
5.84625 0.0654625
5.85022 0.0654017
5.85432 0.0654707
5.85938 0.0664997
5.86143 0.0613218
5.86374 0.0656467
5.86771 0.0655863
5.87156 0.0654015
5.87547 0.065279
5.88018 0.0659554
5.88422 0.0659588
5.88435 0.0660872
5.88851 0.0662161
5.89473 0.0683992
5.89832 0.0659379
5.90172 0.0653023
5.90581 0.0653585
5.90975 0.065267
5.91417 0.0656556
5.91818 0.0656303
5.92292 0.0663384
5.9259 0.0652855
5.93199 0.0673402
5.93606 0.0653603
5.94086 0.0661301
5.94445 0.0656886
5.94814 0.0653408
5.95244 0.0656034
5.95737 0.0665085
5.96148 0.0613686
5.96161 0.0655306
5.96545 0.0653418
5.96949 0.0653481
5.9735 0.0653229
5.97747 0.0652625
5.98452 0.0682757
5.98862 0.0663251
5.9917 0.065366
5.99592 0.0655606
6.00047 0.0660701
6.00428 0.0658526
6.00774 0.0652782
6.01181 0.0653156
6.01582 0.0652869
6.0221 0.0675381
6.02627 0.0656561
6.03012 0.0654684
6.03399 0.0653078
6.03803 0.0653126
6.04206 0.065316
6.04623 0.0654502
6.05014 0.0653266
6.05027 0.065455
6.05425 0.0653957
6.05941 0.0665254
6.0614 0.0612853
6.06371 0.0656101
6.06743 0.0652965
6.07348 0.0673209
6.07755 0.0653361
6.08162 0.0653701
6.08565 0.065373
6.08959 0.0652786
6.09369 0.0653471
6.0985 0.0661164
6.10177 0.0653553
6.10574 0.0652899
6.11179 0.0673115
6.1159 0.0653667
6.11984 0.0652753
6.12401 0.0654071
6.12832 0.0656904
6.13194 0.0652765
6.13207 0.0654049
6.13608 0.0653796
6.14089 0.0661534
6.14431 0.0655489
6.14444 0.0656772
6.15021 0.0674109
6.15418 0.0653348
6.15431 0.0654632
6.15742 0.0645387
6.16139 0.0612832
6.1637 0.0676248
6.16768 0.0655477
6.17155 0.06539
6.17556 0.0653648
6.18017 0.0659439
6.18424 0.0659784
6.18866 0.0663641
6.19161 0.0652806
6.19584 0.0654751
6.20174 0.0673387
6.20576 0.0653158
6.20987 0.0653879
6.21397 0.0654569
6.21858 0.0660351
6.22214 0.065559
6.22259 0.0660068
6.22627 0.0656586
6.23018 0.0655336
6.23403 0.0653459
6.24085 0.0681388
6.24435 0.0655832
6.24816 0.0653639
6.25242 0.0655914
6.25739 0.0665276
6.2615 0.0613837
6.26162 0.0655457
6.26547 0.0653569
6.26944 0.0652971
6.27351 0.065334
6.27749 0.0652776
6.28153 0.065281
6.28563 0.0653472
6.29171 0.0674019
6.29594 0.0655796
6.30045 0.0660541
6.30429 0.0658619
6.30782 0.0653536
6.31185 0.065356
6.31582 0.0652922
6.31983 0.0652664
6.31996 0.0653948
6.32387 0.0652698
6.324 0.0653982
6.33002 0.0673902
6.33015 0.0675186
6.33396 0.065279
6.338 0.0652838
6.33813 0.0654122
6.34239 0.0656378
6.3463 0.0655158
6.35021 0.0653967
6.35432 0.0654658
6.35444 0.0655941
6.35938 0.0664987
6.3614 0.0612897
6.36371 0.0656146
6.36772 0.0655893
6.3716 0.0654356
6.37554 0.0653442
6.3816 0.0673672
6.38602 0.0657361
6.3898 0.0654828
6.39428 0.0659341
6.39473 0.066382
6.39832 0.0659375
6.40175 0.065333
6.40572 0.0652686
6.40976 0.0652745
6.41418 0.065663
6.41985 0.0673034
6.42389 0.06529
6.4283 0.0656706
6.43209 0.0654202
6.43612 0.0654221
6.44086 0.0661296
6.44445 0.0656881
6.44814 0.0653404
6.45237 0.0655368
6.4574 0.0665352
6.46151 0.0613953
6.46164 0.0655572
6.46548 0.0653724
6.47157 0.0674256
6.47555 0.0653524
6.48051 0.0662822
6.48064 0.0664106
6.48442 0.0661572
6.48865 0.0663518
6.4916 0.0652683
6.49595 0.0655912
6.50044 0.0660385
6.50431 0.0658774
6.50983 0.0673617
6.5138 0.0652856
6.51393 0.065414
6.51841 0.0658638
6.52283 0.0662523
6.5263 0.0656824
6.53014 0.0654947
6.53399 0.065307
6.5381 0.0653819
6.5422 0.0654481
6.54816 0.0673768
6.55233 0.0654943
6.55489 0.0640256
6.56146 0.0613488
6.56159 0.0666891
6.56543 0.065322
6.56943 0.0652892
6.57354 0.0653573
6.57758 0.0653631
6.58161 0.0653665
6.58558 0.0653043
6.58571 0.0654327
6.58962 0.0653077
6.59369 0.0653422
6.60057 0.0681875
6.60457 0.0661385
6.60784 0.0653735
6.61181 0.0653136
6.61581 0.0652814
6.61594 0.0654098
6.61998 0.0654112
6.62388 0.0652862
6.62821 0.0655775
6.63205 0.0653892
6.63802 0.0673209
6.64231 0.0655643
6.64619 0.0654072
6.64632 0.0655356
6.65016 0.0653463
6.65029 0.0654747
6.65427 0.0654154
6.65933 0.0664444
6.66144 0.0613287
6.66375 0.0656536
6.66773 0.0655972
6.67161 0.0654435
6.67548 0.0652859
6.68019 0.0659623
6.68423 0.0659657
6.68967 0.0673785
6.69435 0.0660036
6.69839 0.0660071
6.70179 0.0653714
6.70581 0.0653654
6.70975 0.0652739
6.71418 0.0656625
6.71847 0.0659256
6.72213 0.0655468
6.72258 0.0659947
6.72856 0.0679476
6.73196 0.0652952
6.736 0.0653011
6.74099 0.0662614
6.74452 0.0657537
6.74814 0.0653398
6.74827 0.0654682
6.75234 0.0655051
6.7574 0.0665386
6.76151 0.0613987
6.76164 0.0655606
6.76545 0.0653408
6.76943 0.0652809
6.77347 0.0652867
6.78064 0.0684268
6.78442 0.0661567
6.78865 0.0663512
6.7916 0.0652677
6.79595 0.0655906
6.80043 0.0660379
6.80431 0.0658808
6.80774 0.0652753
6.81191 0.06541
6.81841 0.06788
6.82258 0.065995
6.8263 0.0656818
6.83014 0.0654941
6.83399 0.0653064
6.83813 0.0654125
6.84223 0.0654786
6.84617 0.0653877
6.85018 0.0653619
6.85479 0.0659445
6.85492 0.0660729
6.85941 0.0645093
6.8614 0.061286
6.86371 0.0656108
6.86383 0.0657392
6.8695 0.0673756
6.87351 0.0653296
6.87751 0.0653003
6.88158 0.0653348
6.886 0.0657205
6.88965 0.0653387
6.89426 0.0659184
6.89849 0.0661129
6.90176 0.065349
6.90773 0.0672811
6.9118 0.0653018
6.9159 0.0653709
6.91994 0.0653722
6.92391 0.0653129
6.9282 0.0655691
6.93205 0.0653809
6.93599 0.0652894
6.94086 0.0661289
6.94625 0.0674818
6.95009 0.0652758
6.95432 0.0654733
6.95942 0.0665333
6.9614 0.0612893
6.96371 0.0656141
6.96772 0.0655888
6.97156 0.0654001
6.97554 0.0653437
6.98022 0.0659891
6.98438 0.0661209
6.98867 0.0663781
6.99162 0.0652946
6.99832 0.0679567
7.00172 0.0653043
7.00582 0.0653709
7.00986 0.0653767
7.01396 0.0654458
7.01819 0.0656382
7.02216 0.0655779
7.02261 0.0660258
7.02594 0.065323
7.03017 0.0655175
7.0361 0.0674151
7.04087 0.066137
7.04449 0.0657266
7.04818 0.0653818
7.05241 0.0655782
7.05744 0.0665766
7.06152 0.0614051
7.06165 0.065567
7.06549 0.0653822
7.06953 0.0653886
7.07354 0.0653623
7.07752 0.0653049
7.08155 0.0653077
7.08844 0.0681604
7.09165 0.0653164
7.09574 0.0653805
7.09984 0.0654416
7.10381 0.0653807
7.10775 0.0652848
7.11179 0.0652906
7.11592 0.0653898
7.11996 0.0653911
7.1263 0.0677026
7.13002 0.0653697
7.13399 0.0653064
7.13803 0.0653112
7.13816 0.0654396
7.14257 0.0658252
7.14623 0.0654464
7.15021 0.0653895
7.15431 0.0654586
7.15947 0.0665848
7.16142 0.0613097
7.16366 0.0655683
7.16773 0.0656053
7.17158 0.0654165
7.17761 0.0674109
7.18158 0.0653348
7.186 0.0657205
7.18645 0.0661684
7.18978 0.0654671
7.19471 0.0663663
7.19862 0.0662413
7.20176 0.065349
7.20573 0.0652846
7.20977 0.0652865
7.21582 0.067309
7.21986 0.0652941
7.2239 0.0652975
7.22837 0.0657404
7.23216 0.0654899
7.23613 0.0654296
7.24094 0.0662033
7.24449 0.0657272
7.24815 0.0653484
7.25421 0.0673744
7.25744 0.0645615
7.26152 0.0614033
7.26164 0.0655652
7.2677 0.0675873
7.27161 0.065444
7.27558 0.0653876
7.28052 0.0662863
7.28442 0.0661613
7.28852 0.0662274
7.29173 0.0654007
7.29596 0.0655952
7.30025 0.065852
7.30582 0.0673916
7.30986 0.0653806
7.31396 0.0654497
7.31858 0.0660278
7.32287 0.066288
7.3263 0.065683
7.33014 0.0654953
7.33402 0.0653387
7.33813 0.0654097
7.34437 0.0676239
7.34816 0.0653567
7.35239 0.0655531
7.35738 0.0665124
7.36152 0.0614036
7.36164 0.0655656
7.36549 0.0653768
7.36943 0.0652819
7.37346 0.0652838
7.3776 0.0653869
7.38164 0.0653903
7.38561 0.065328
7.38968 0.0653625
7.39595 0.0676084
7.40046 0.0660661
7.4043 0.0658739
7.40783 0.0653656
7.41183 0.0653369
7.41584 0.0653042
7.41997 0.0654068
7.42401 0.0654102
7.42817 0.065538
7.434 0.0673389
7.43805 0.0653309
7.44221 0.0654627
7.44641 0.0656245
7.45022 0.0654081
7.45433 0.0654772
7.45946 0.0665724
7.46144 0.0613323
7.46375 0.0656571
7.46773 0.0655968
7.4716 0.0654391
7.47548 0.0652854
7.47952 0.0652918
7.48644 0.0681766
7.48977 0.0654586
7.4947 0.0663538
7.49842 0.0660377
7.50182 0.0654021
7.50575 0.0653027
7.50976 0.0652774
7.51395 0.0654398
7.51857 0.066018
7.52389 0.0673053
7.52824 0.0656069
7.53202 0.0653565
7.53609 0.0653934
7.54086 0.0661281
7.54451 0.0657488
7.54817 0.06537
7.55231 0.0654731
7.55744 0.0665687
7.5615 0.0613898
7.56163 0.0655517
7.56551 0.0653941
7.56945 0.0653031
7.57557 0.0673908
7.5805 0.0662728
7.58441 0.0661478
7.58864 0.0663423
7.59172 0.0653872
7.59585 0.0654844
7.60046 0.0660602
7.60059 0.0661885
7.60389 0.0654551
7.60776 0.0652975
7.6142 0.0677058
7.61815 0.0655975
7.6227 0.0661145
7.62629 0.0656729
7.63013 0.0654852
7.63404 0.0653597
7.63812 0.0653996
7.64221 0.0654657
7.64619 0.0654059
7.65234 0.0675287
7.65491 0.0640433
7.65937 0.0644654
7.66148 0.0613704
7.66542 0.0673293
7.66952 0.0653771
7.67356 0.0653789
7.6776 0.0653848
7.68157 0.0653254
7.6857 0.0654227
7.68961 0.0652977
7.69422 0.0658774
7.69854 0.0661613
7.69867 0.0662896
7.70457 0.0681532
7.7078 0.0653403
7.71181 0.0653116
7.71581 0.0652834
7.71594 0.0654118
7.71998 0.0654131
7.72401 0.0654125
7.72821 0.0655754
7.73205 0.0653872
7.73609 0.065393
7.74234 0.0676102
7.74628 0.0654985
7.75022 0.0654065
7.75436 0.0655067
7.75945 0.0665668
7.76144 0.0613267
7.76375 0.0656515
7.7676 0.0654668
7.76772 0.0655952
7.7716 0.0654415
7.77548 0.0652878
7.78019 0.0659643
7.78426 0.0659988
7.78855 0.066256
7.79435 0.0680224
7.79839 0.066009
7.80179 0.0653734
7.80581 0.0653673
7.80988 0.0654042
7.81418 0.0656644
7.8186 0.066052
7.82261 0.0660237
7.82594 0.0653209
7.83202 0.0673756
7.83609 0.0653958
7.84087 0.0661345
7.84446 0.0656929
7.84814 0.0653452
7.84827 0.0654736
7.85244 0.0656078
7.85741 0.066544
7.86152 0.0614041
7.86164 0.065566
7.86546 0.0653462
7.86953 0.0653836
7.87353 0.0653544
7.87757 0.0653602
7.88449 0.068245
7.88859 0.0662944
7.88872 0.0664228
7.8917 0.0653704
7.89593 0.0655649
7.9005 0.0661016
7.90431 0.0658783
7.90777 0.0653078
7.91181 0.0653142
7.91588 0.0653482
7.92257 0.0680092
7.92633 0.0657104
7.93017 0.0655227
7.93411 0.0654283
7.93815 0.0654331
7.94244 0.0656903
7.94619 0.0654048
7.95013 0.0653168
7.95427 0.065417
7.95946 0.0665783
7.96148 0.0613693
7.96379 0.0656942
7.96773 0.0656027
7.9735 0.0653196
7.9776 0.0653876
7.98157 0.0653283
7.98644 0.0661619
7.98977 0.0654606
7.99422 0.0658768
7.99864 0.0662619
8.00178 0.0653696
8.00579 0.0653464
8.01182 0.0673373
8.01586 0.0653269
8.01986 0.0652976
8.024 0.0653978
8.02822 0.0655839
8.03209 0.0654267
8.03607 0.0653664
8.04087 0.0661396
8.04449 0.0657292
8.05017 0.0673685
8.05417 0.0653235
8.05741 0.0645273
8.06154 0.0614308
8.06372 0.0676441
8.0677 0.0655669
8.07154 0.0653816
8.07558 0.0653864
8.07962 0.0653923
8.08398 0.0657141
8.08852 0.0662271
8.09163 0.0653026
8.09567 0.0653045
8.10182 0.0674243
8.10582 0.0653693
8.10982 0.0653435
8.11396 0.0654437
8.11409 0.0655721
8.11857 0.0660213
8.12309 0.0665037
8.12597 0.0653575
8.12642 0.0658054
8.1302 0.065552
8.13405 0.0653643
8.14087 0.0681572
8.1444 0.0656332
8.14821 0.0654139
8.15244 0.0656024
8.15744 0.0665697
8.16154 0.0614298
8.16167 0.0655917
8.16542 0.0653096
8.16946 0.065316
8.17353 0.0653529
8.17751 0.0652965
8.18167 0.0654283
8.18565 0.0653661
8.19173 0.065404
8.19596 0.0655985
8.2005 0.0661041
8.20434 0.0659119
8.20787 0.0654037
8.21184 0.0653438
8.21597 0.065444
8.21998 0.0654182
8.22402 0.0654216
8.23008 0.0674447
8.2302 0.0675731
8.23414 0.0654619
8.23812 0.0654005
8.24222 0.0654667
8.24234 0.0655951
8.24622 0.0654379
8.24635 0.0655663
8.25026 0.0654432
8.25436 0.0655123
8.25946 0.0665764
8.26144 0.0613323
8.26375 0.0656571
8.26773 0.0655968
8.2716 0.0654391
8.27763 0.0674335
8.2816 0.0653575
8.28634 0.0660626
8.28647 0.066191
8.2898 0.0654897
8.29429 0.065941
8.29474 0.0663889
8.29769 0.0653054
8.30178 0.0653711
8.30575 0.0653067
8.30979 0.0653125
8.31406 0.0655411
8.31998 0.0674343
8.32402 0.0654209
8.3284 0.0657665
8.33205 0.0653876
8.33218 0.065516
8.33612 0.0654246
8.34093 0.0661983
8.34446 0.0656911
8.34814 0.0653434
8.34827 0.0654718
8.35238 0.0655438
8.3525 0.0656722
8.35735 0.0664799
8.36151 0.0614023
8.36164 0.0655642
8.36767 0.0675551
8.3716 0.065435
8.37557 0.0653746
8.38063 0.0664017
8.38428 0.0660199
8.38851 0.0662145
8.38864 0.0663429
8.39172 0.0653877
8.39595 0.0655823
8.40027 0.0658736
8.40456 0.0661293
8.40988 0.0654022
8.41399 0.0654713
8.41411 0.0655997
8.4186 0.0660494
8.42289 0.0663096
8.42635 0.0657397
8.43023 0.0655831
8.43408 0.0653954
8.43812 0.0654041
8.44254 0.0657898
8.44821 0.0674266
8.45247 0.0656374
8.4574 0.0665306
8.46149 0.0613827
8.46162 0.0655446
8.4655 0.065387
8.46944 0.0652961
8.47357 0.0653952
8.47755 0.0653388
8.48159 0.0653422
8.48588 0.0655995
8.48966 0.0653461
8.49594 0.0675919
8.50048 0.0660807
8.50061 0.0662091
8.50429 0.0658574
8.50784 0.0653803
8.51185 0.0653515
8.51598 0.0654517
8.51999 0.0654259
8.52403 0.0654293
8.52822 0.0655883
8.53207 0.0654
8.53806 0.0673628
8.54229 0.0655406
8.54642 0.0656402
8.55021 0.0653927
8.55434 0.0654929
8.55944 0.066557
8.56143 0.0613169
8.56374 0.0656417
8.56771 0.0655853
8.57162 0.0654628
8.5755 0.0653091
8.57954 0.0653154
8.58589 0.067624
8.58602 0.0677524
8.58967 0.0653539
8.59437 0.0660269
8.59841 0.0660303
8.60181 0.0653947
8.60574 0.0652953
8.60978 0.0653011
8.61395 0.0654324
8.61407 0.0655608
8.61859 0.0660416
8.62275 0.0661734
8.62826 0.0656306
8.63205 0.0653801
8.63217 0.0655085
8.63612 0.0654171
8.64088 0.0661518
8.64101 0.0662802
8.64451 0.0657413
8.64816 0.0653625
8.64829 0.0654909
8.65246 0.0656251
8.65746 0.0665924
8.66143 0.0613201
8.66156 0.0654821
8.66541 0.0652933
8.66947 0.0653268
8.67556 0.0673834
8.68062 0.0663937
8.6844 0.0661403
8.68863 0.0663349
8.69171 0.0653797
8.69587 0.0655081
8.70061 0.0662122
8.70388 0.0654477
8.70779 0.0653212
8.7142 0.0676983
8.71814 0.0655901
8.72272 0.0661382
8.72631 0.0656966
8.73016 0.0655089
8.73413 0.0654496
8.73817 0.0654583
8.74246 0.0657156
8.74621 0.0654301
8.75019 0.0653732
8.75493 0.0660842
8.75946 0.0645557
8.76151 0.0613946
8.76551 0.0674117
8.76951 0.0653662
8.77348 0.0653058
8.77759 0.0653778
8.78163 0.0653812
8.78573 0.0654474
8.78964 0.0653224
8.7938 0.0654502
8.7986 0.066221
8.80434 0.0679246
8.80783 0.0653685
8.81181 0.0653086
8.81597 0.0654434
8.81995 0.0653825
8.82008 0.0655109
8.82398 0.0653859
8.82821 0.0655799
8.83209 0.0654228
8.83613 0.0654286
8.84093 0.0662024
8.84106 0.0663308
8.84626 0.0654729
8.8502 0.0653849
8.8543 0.065454
8.85946 0.0665763
8.86154 0.0614295
8.86372 0.0656259
8.8677 0.0655696
8.87161 0.065447
8.87549 0.0652933
8.88049 0.0662582
8.88427 0.0660048
8.88856 0.0662621
8.89436 0.0680284
8.8984 0.066015
8.90179 0.0653794
8.90585 0.0654044
8.90979 0.065313
8.91422 0.0657015
8.91861 0.066058
8.92261 0.0660298
8.92594 0.0653269
8.92639 0.0657748
8.93206 0.0674128
8.9361 0.0654018
8.94087 0.0661405
8.94453 0.0657617
8.94828 0.0654762
8.95244 0.0656104
8.95744 0.0665777
8.96142 0.0613094
8.96155 0.0654713
8.96549 0.0653798
8.96956 0.0654133
8.97353 0.065353
8.97757 0.0653588
8.98449 0.0682436
8.98859 0.066293
8.98872 0.0664214
8.99173 0.0654001
8.99596 0.0655946
9.0004 0.0660029
9.00389 0.0654601
9.00777 0.0653086
9.01184 0.065346
9.01591 0.0653795
9.01604 0.0655079
9.02209 0.06753
9.02594 0.0653284
9.03024 0.0655886
9.03402 0.0653347
9.03415 0.0654631
9.03815 0.0654328
9.04225 0.065499
9.04626 0.0654737
9.0503 0.065479
9.0544 0.0655481
9.05937 0.0664832
9.06151 0.0614026
9.06382 0.0657274
9.06779 0.0656631
9.0735 0.0673335
9.07762 0.0654109
9.08166 0.0654138
9.08563 0.0653544
9.08967 0.0653573
9.09371 0.0653637
9.09861 0.0662342
9.10172 0.0653097
9.10576 0.0653105
9.11184 0.0673631
9.11588 0.0653527
9.11999 0.0654207
9.12402 0.0654241
9.12821 0.0655791
9.13212 0.0654571
9.13619 0.065494
9.14094 0.066205
9.14446 0.0656978
9.14818 0.0653812
9.15434 0.0654877
9.15738 0.064501
9.16155 0.0614361
9.1636 0.0675209
9.16373 0.0676493
9.1677 0.0655722
9.17164 0.0654768
9.17562 0.0654204
9.18061 0.0663852
9.18439 0.0661319
9.18869 0.0663891
9.18881 0.0665175
9.19176 0.065434
9.19586 0.0655001
9.20182 0.067426
9.20585 0.0654076
9.2098 0.0653161
9.21396 0.0654474
9.21832 0.0657682
9.22274 0.0661568
9.22598 0.0653607
9.22642 0.0658086
9.2302 0.0655552
9.23405 0.0653675
9.24091 0.0681915
9.24437 0.0656048
9.24825 0.0654477
9.25241 0.065574
9.25744 0.0665723
9.26154 0.0614324
9.26167 0.0655944
9.26542 0.0653123
9.26946 0.0653187
9.27357 0.0653867
9.2776 0.0653925
9.28164 0.0653959
9.28561 0.0653337
9.2917 0.0673884
9.29593 0.0655661
9.30053 0.0661379
9.3039 0.0654667
9.30777 0.065309
9.31184 0.0653465
9.31598 0.0654467
9.32002 0.065452
9.32405 0.0654554
9.33001 0.0673812
9.33014 0.0675096
9.33401 0.0653322
9.33812 0.0654032
9.34273 0.0659829
9.34626 0.0654757
9.34639 0.0656041
9.35027 0.0654499
9.35437 0.065519
9.3594 0.0665208
9.36149 0.061374
9.36379 0.0656989
9.36774 0.0656074
9.37206 0.0658977
9.37552 0.0653272
9.38168 0.0674476
9.38578 0.065497
9.38972 0.0654031
9.39433 0.0659828
9.39805 0.0656667
9.4018 0.0653817
9.40577 0.0653213
9.40981 0.0653271
9.41394 0.0654273
9.41407 0.0655557
9.42 0.0674489
9.42403 0.0654355
9.42826 0.0656255
9.4322 0.0655346
9.43614 0.0654431
9.44095 0.0662169
9.44448 0.0657097
9.4446 0.0658381
9.44816 0.0653619
9.44829 0.0654903
9.4524 0.0655623
9.45736 0.0664985
9.4615 0.0613858
9.46163 0.0655477
9.4655 0.06539
9.47197 0.0678249
9.47559 0.0653972
9.48075 0.0665215
9.4844 0.0661398
9.48863 0.0663343
9.49171 0.0653792
9.49581 0.0654453
9.50045 0.0660561
9.50388 0.0654471
9.50981 0.0673442
9.51394 0.0654277
9.51861 0.066064
9.52291 0.0663242
9.52637 0.0657543
9.53015 0.0655004
9.53412 0.0654411
9.53817 0.0654498
9.54226 0.065516
9.54813 0.0673474
9.55236 0.0655271
9.55492 0.0640584
9.56152 0.0614087
9.56165 0.066749
9.56543 0.0653157
9.5695 0.0653532
9.57354 0.065359
9.57758 0.0653648
9.58161 0.0653682
9.58635 0.0660734
9.58969 0.0653721
9.59372 0.0653755
9.60063 0.0682519
9.60431 0.0658834
9.60777 0.065309
9.61184 0.0653464
9.61598 0.0654466
9.62002 0.0654519
9.62405 0.0654553
9.62822 0.0655871
9.6321 0.06543
9.63809 0.0673928
9.64226 0.0655078
9.64635 0.0655724
9.64648 0.0657008
9.65027 0.0654493
9.6544 0.0655495
9.65943 0.0665513
9.66155 0.0614396
9.66373 0.0656361
9.66774 0.0656108
9.67197 0.0658078
9.67553 0.0653346
9.67957 0.0653409
9.68425 0.0659834
9.68969 0.0673961
9.69437 0.0660213
9.6984 0.0660247
9.7018 0.0653891
9.70576 0.0653168
9.7098 0.0653226
9.71435 0.0658396
9.71862 0.0660676
9.72259 0.0660083
9.72826 0.0676417
9.73207 0.0654056
9.73614 0.0654426
9.74107 0.0663368
9.7445 0.0657323
9.74818 0.0653845
9.75242 0.0655849
9.75736 0.06649
9.76149 0.0613772
9.76162 0.0655392
9.76546 0.0653504
9.76947 0.0653217
9.77357 0.0653897
9.78075 0.0685338
9.78453 0.0662636
9.78875 0.0664581
9.7917 0.0653746
9.79593 0.0655692
9.80051 0.0661138
9.80388 0.0654466
9.80778 0.06532
9.81192 0.0654197
9.81819 0.067664
9.82258 0.0660007
9.82636 0.0657497
9.83021 0.065562
9.83415 0.0654676
9.83816 0.0654453
9.84226 0.0655114
9.84633 0.0655489
9.85021 0.0653947
9.85483 0.0659773
9.85496 0.0661057
9.85948 0.0645772
9.86147 0.0613539
9.86374 0.0656437
9.86387 0.0657721
9.86951 0.0673773
9.86963 0.0675057
9.87361 0.0654286
9.87758 0.0653722
9.88156 0.0653129
9.88566 0.065379
9.88579 0.0655074
9.8897 0.0653824
9.89424 0.0658959
9.89866 0.0662811
9.9018 0.0653887
9.90789 0.0674453
9.91193 0.0654309
9.91597 0.0654372
9.92 0.0654386
9.92404 0.065442
9.92821 0.0655738
9.93211 0.0654478
9.93615 0.0654536
9.94093 0.0661957
9.94631 0.0675447
9.95022 0.0654049
9.95432 0.0654739
9.95944 0.0665611
9.96153 0.0614144
9.96371 0.0656108
9.96768 0.0655544
9.97198 0.0658176
9.97551 0.0653133
9.9799 0.0656702
9.98442 0.0661526
9.98871 0.0664099
9.99165 0.0653224
9.99806 0.0676966

