% time_sec delay_sec
1.16899 0.0685546
1.16899 0.0685546
1.26899 0.0685498
1.36901 0.0685676
1.46642 0.370661
1.46898 0.0685414
1.56899 0.0685524
1.66898 0.0685392
1.76898 0.0685445
1.76911 0.37068
1.86899 0.0685506
1.96764 0.267207
1.97172 0.069916
1.97185 0.0740779
1.97568 0.0738753
2.06766 0.161824
2.08007 0.0742354
2.08395 0.0740743
2.08792 0.0740105
2.09195 0.0740123
2.09598 0.0740062
2.10011 0.0741064
2.10603 0.0739773
2.11007 0.0739826
2.11418 0.0740516
2.11841 0.0742475
2.12267 0.0744761
2.12638 0.074159
2.12683 0.0746069
2.13029 0.0740335
2.1342 0.073908
2.13897 0.0746451
2.14461 0.0762519
2.14842 0.0740158
2.15284 0.0743994
2.15643 0.0739578
2.16047 0.0739631
2.16567 0.0751245
2.16974 0.0739835
2.17179 0.0699806
2.17371 0.0739192
2.17772 0.0738939
2.18239 0.0745364
2.18579 0.0738973
2.19187 0.075948
2.19626 0.0742853
2.20058 0.0745691
2.20451 0.0744742
2.20807 0.0739971
2.21211 0.0740034
2.21615 0.0740058
2.22012 0.0739489
2.22423 0.074018
2.22817 0.0739241
2.23428 0.0760089
2.23822 0.0738956
2.23867 0.0743435
2.24239 0.0740274
2.24636 0.0739676
2.25033 0.0739067
2.25444 0.0739758
2.25841 0.0739189
2.26242 0.0738936
2.26787 0.0753122
2.268 0.0754406
2.27181 0.0700054
2.27207 0.0742957
2.27576 0.073951
2.28249 0.0766476
2.28646 0.0745686
2.28992 0.0739957
2.29389 0.0739364
2.2987 0.0747072
2.30197 0.0739432
2.30603 0.0739762
2.31004 0.0739509
2.31414 0.07402
2.31818 0.0740218
2.31831 0.0741502
2.32414 0.0739338
2.32849 0.0742482
2.33227 0.0739978
2.33631 0.0740036
2.34096 0.0746174
2.34455 0.0741758
2.34837 0.0739565
2.35279 0.074348
2.35641 0.0739376
2.36244 0.0759314
2.36564 0.0730835
2.37179 0.0699835
2.37192 0.0761622
2.3758 0.0739912
2.38035 0.0745082
2.38442 0.0745427
2.38871 0.0747999
2.39191 0.0739732
2.39595 0.0739766
2.39608 0.074105
2.4005 0.0744936
2.40437 0.0743325
2.41008 0.0760034
2.41411 0.0739895
2.41853 0.0743766
2.42292 0.0747301
2.42638 0.0741601
2.42683 0.074608
2.43029 0.0740346
2.43427 0.0739753
2.43828 0.073953
2.44238 0.0740191
2.44635 0.0739593
2.45289 0.0764598
2.45648 0.0740015
2.46042 0.0739095
2.46567 0.0751251
2.46971 0.0739531
2.47176 0.0699541
2.47369 0.0738967
2.47782 0.0739998
2.4825 0.0746422
2.48583 0.073941
2.48987 0.0739444
2.49422 0.0742673
2.50075 0.0767619
2.50466 0.0746191
2.50806 0.0739825
2.51209 0.0739849
2.51613 0.0739872
2.52007 0.0738953
2.52417 0.0739643
2.52834 0.0740961
2.53225 0.0739701
2.53625 0.0739409
2.54253 0.0741729
2.54644 0.0740508
2.55032 0.0738966
2.55443 0.0739657
2.5584 0.0739088
2.56251 0.0739808
2.56789 0.0753338
2.57184 0.0700309
2.57196 0.0741929
2.57209 0.0743213
2.57581 0.0740076
2.58024 0.0743962
2.5844 0.074528
2.58985 0.0759407
2.59427 0.0743125
2.59837 0.0743781
2.5985 0.0745065
2.60193 0.073902
2.60205 0.0740304
2.60605 0.0739972
2.61009 0.074003
2.61407 0.0739437
2.61843 0.0742685
2.62285 0.0746571
2.62842 0.0761972
2.63227 0.0739922
2.63621 0.0738968
2.64095 0.0746044
2.64447 0.0740971
2.64838 0.0739751
2.65236 0.0739187
2.65643 0.0739562
2.66048 0.0739654
2.66564 0.0750917
2.66974 0.0739819
2.67179 0.0699829
2.67374 0.0739526
2.68069 0.076871
2.68447 0.0746009
2.68883 0.0749238
2.69191 0.0739687
2.69614 0.0741632
2.70065 0.0746456
2.70469 0.0746485
2.70834 0.0742691
2.71206 0.073956
2.71879 0.0766476
2.7234 0.0752066
2.72683 0.0746021
2.73026 0.0739976
2.73038 0.074126
2.73423 0.0739383
2.73824 0.0739159
2.74253 0.0741732
2.74635 0.0739538
2.75039 0.0739631
2.75436 0.0739038
2.76055 0.0740404
2.76343 0.0728868
2.76977 0.0751962
2.77179 0.0699837
2.77375 0.0739575
2.77779 0.0739633
2.78246 0.0746057
2.78579 0.0739044
2.78993 0.0740046
2.79428 0.0743275
2.79883 0.0748371
2.80197 0.0739447
2.80806 0.0760013
2.81203 0.0739247
2.81613 0.0739893
2.8201 0.0739284
2.82421 0.0739975
2.82827 0.074032
2.83218 0.0739099
2.83629 0.0739819
2.841 0.0746579
2.84645 0.0760731
2.85042 0.0739954
2.85452 0.0740645
2.85847 0.0739725
2.86244 0.0739161
2.86789 0.0753348
2.87184 0.0700319
2.87197 0.0741938
2.87209 0.0743222
2.87581 0.0740086
2.88027 0.0744282
2.8843 0.0744317
2.8886 0.0746889
2.89186 0.0739244
2.89878 0.0768092
2.90192 0.0739001
2.90205 0.0740285
2.90601 0.0739562
2.91008 0.0739931
2.91412 0.073996
2.9187 0.074543
2.92267 0.0744837
2.92642 0.0741977
2.9304 0.0741384
2.93629 0.0760009
2.94128 0.0749406
2.94468 0.074305
2.94837 0.0739572
2.95279 0.0743448
2.95644 0.0739654
2.96048 0.0739747
2.96565 0.075105
2.96969 0.0739329
2.97174 0.0699339
2.97379 0.074001
2.97783 0.0740028
2.9825 0.0746452
2.98891 0.0770165
2.99186 0.0739163
2.99621 0.0742392
3.00044 0.0744292
3.0047 0.0746633
3.00807 0.0739955
3.01211 0.0740019
3.01627 0.0741327
3.02012 0.0739474
3.02742 0.0772163
3.02755 0.0773447
3.03037 0.0741161
3.03428 0.0739906
3.03867 0.074346
3.04239 0.0740299
3.04637 0.0739735
3.05041 0.0739822
3.05451 0.0740513
3.05843 0.0739322
3.06246 0.0739375
3.06772 0.0731443
3.08182 0.0739625
3.08589 0.0739965
3.08992 0.0739988
3.09396 0.0740052
3.09851 0.0745211
3.10204 0.0740129
3.10605 0.0739905
3.11002 0.0739257
3.11611 0.0759833
3.11624 0.0761117
3.12017 0.073999
3.12421 0.0740024
3.12834 0.0740991
3.13225 0.0739771
3.13629 0.0739829
3.14091 0.0745655
3.14453 0.0741551
3.14844 0.074033
3.15447 0.076028
3.15848 0.0739854
3.16255 0.0740223
3.1678 0.0752429
3.17181 0.0700023
3.17194 0.0741642
3.17206 0.0742926
3.17578 0.0739789
3.18024 0.0743986
3.18443 0.0745615
3.18872 0.0748188
3.1919 0.073957
3.19606 0.0740888
3.20048 0.0744774
3.20602 0.0759774
3.21012 0.0740326
3.21442 0.0742928
3.21455 0.0744212
3.21843 0.0742675
3.22269 0.0744961
3.22641 0.0741829
3.23028 0.0740263
3.23426 0.073967
3.2383 0.0739758
3.24455 0.07619
3.24468 0.0763184
3.24836 0.0739539
3.24849 0.0740823
3.25243 0.0739868
3.25288 0.0744347
3.25647 0.0739932
3.26054 0.0740296
3.26567 0.0751247
3.26974 0.0739838
3.27176 0.0699498
3.27381 0.0740208
3.27782 0.0739955
3.28249 0.0746379
3.28583 0.0739366
3.28986 0.07394
3.29614 0.0761859
3.30072 0.0747098
3.30084 0.0748381
3.30472 0.0746776
3.30485 0.074806
3.30808 0.0740058
3.31212 0.0740082
3.31615 0.0740106
3.32009 0.0739191
3.3242 0.0739882
3.32836 0.07412
3.32849 0.0742484
3.33429 0.0760142
3.3383 0.0739711
3.34236 0.0740056
3.34634 0.0739458
3.34647 0.0740742
3.35041 0.0739862
3.35439 0.0739268
3.35846 0.0739672
3.3625 0.073973
3.36789 0.075326
3.37182 0.0700192
3.37208 0.0743095
3.3758 0.0739958
3.38022 0.0743844
3.3865 0.0766302
3.38996 0.0740406
3.39426 0.0743008
3.39842 0.0744326
3.40198 0.0739565
3.40601 0.0739544
3.41008 0.0739873
3.41418 0.0740564
3.41431 0.0741848
3.41844 0.0742839
3.42421 0.076022
3.4285 0.0742575
3.43228 0.0740071
3.43622 0.0739156
3.44097 0.0746232
3.44449 0.074116
3.4484 0.0739939
3.45283 0.0743854
3.45645 0.073975
3.46245 0.0759378
3.46575 0.0731911
3.46972 0.0739656
3.4718 0.0699978
3.47581 0.0760223
3.48068 0.074842
3.48446 0.0745886
3.48856 0.0746547
3.48869 0.0747831
3.4919 0.0739564
3.49606 0.0740882
3.50042 0.0744111
3.50439 0.0743513
3.50833 0.0742598
3.51414 0.0760291
3.51881 0.0746526
3.52304 0.0748466
3.52746 0.0752352
3.53028 0.0740233
3.53426 0.073964
3.53824 0.0739106
3.54266 0.0742962
3.54637 0.0739796
3.55243 0.0760011
3.55287 0.076449
3.55647 0.0739907
3.56054 0.0740271
3.56567 0.0751223
3.56977 0.0740125
3.57175 0.0699473
3.57381 0.0740183
3.57785 0.0740241
3.58252 0.0746665
3.58605 0.0741564
3.58986 0.0739341
3.59421 0.074257
3.59853 0.0745443
3.60472 0.0766919
3.60484 0.0768202
3.60805 0.0739762
3.61205 0.0739475
3.61616 0.0740161
3.6201 0.0739241
3.6242 0.0739931
3.6283 0.0740588
3.63224 0.0739678
3.63628 0.0739737
3.64237 0.0760313
3.6466 0.0742115
3.65039 0.073964
3.65449 0.074033
3.65847 0.0739761
3.66251 0.073982
3.66793 0.0753661
3.67184 0.0700321
3.67197 0.074194
3.67209 0.0743224
3.67578 0.0739776
3.68024 0.0743973
3.6844 0.0745291
3.68869 0.0747864
3.69427 0.0763265
3.69856 0.0745699
3.70202 0.0739965
3.70608 0.0740255
3.71009 0.0740002
3.71419 0.0740693
3.71842 0.0742657
3.72269 0.0744943
3.72643 0.0742082
3.73223 0.0759746
3.73627 0.0739596
3.74113 0.0747916
3.74453 0.074156
3.74844 0.074034
3.7528 0.0743593
3.75646 0.07398
3.7605 0.0739892
3.76563 0.0750884
3.76973 0.0739786
3.77179 0.0699796
3.77374 0.0739493
3.77781 0.0739862
3.78447 0.0766143
3.78883 0.0749204
3.79191 0.0739653
3.79626 0.0742882
3.80065 0.0746383
3.80471 0.0746723
3.80808 0.0740045
3.81215 0.074042
3.81618 0.0740404
3.82265 0.0764792
3.82682 0.0745972
3.83035 0.07409
3.83432 0.0740307
3.8383 0.0739772
3.84234 0.0739806
3.84638 0.073987
3.85045 0.0740274
3.85443 0.073968
3.86055 0.0760552
3.86343 0.0728848
3.86791 0.073338
3.87182 0.0700169
3.87375 0.0759762
3.87785 0.0740315
3.88247 0.0746112
3.8858 0.0739099
3.88993 0.0740101
3.89429 0.074333
3.89474 0.0747809
3.89883 0.0748425
3.90197 0.0739502
3.90601 0.0739525
3.91207 0.0759746
3.91617 0.0740269
3.9202 0.0740208
3.92417 0.0739585
3.9283 0.0740553
3.93224 0.0739643
3.93622 0.0739079
3.94109 0.0747473
3.94455 0.0741734
3.95038 0.0759733
3.95449 0.0740256
3.95846 0.0739687
3.96243 0.0739083
3.96782 0.0752608
3.97186 0.0700552
3.97199 0.0742171
3.97581 0.0740007
3.98023 0.0743893
3.98439 0.0745211
3.98856 0.07465
3.99189 0.0739516
3.99606 0.0740834
4.00202 0.0760092
4.00602 0.0739609
4.01012 0.0740289
4.01416 0.0740318
4.01842 0.0742594
4.02262 0.0744252
4.0264 0.0741703
4.03037 0.074111
4.03422 0.0739232
4.04113 0.0768095
4.04466 0.0742855
4.04838 0.0739718
4.05245 0.0740048
4.0529 0.0744527
4.05652 0.0740422
4.06046 0.0739537
4.06565 0.0751116
4.06979 0.0740363
4.07778 0.0739565
4.08188 0.0740256
4.08586 0.0739663
4.09188 0.0759578
4.09595 0.073974
4.10065 0.0746425
4.10408 0.0740364
4.10808 0.0740106
4.11212 0.0740164
4.11616 0.0740183
4.12017 0.0739925
4.12414 0.0739332
4.13042 0.0761819
4.13427 0.0739735
4.13869 0.07436
4.1424 0.0740439
4.14641 0.0740152
4.15035 0.0739232
4.15445 0.0739923
4.15843 0.0739354
4.16253 0.0740074
4.16802 0.0754571
4.1718 0.0699908
4.17218 0.0744095
4.17584 0.0740296
4.18247 0.076629
4.18689 0.0749979
4.1899 0.0739771
4.19477 0.0748101
4.19883 0.0748446
4.20198 0.0739523
4.20608 0.0740203
4.21008 0.073991
4.21418 0.0740601
4.22011 0.0759567
4.22024 0.0760851
4.22422 0.074009
4.22844 0.0741991
4.22857 0.0743274
4.23225 0.0739797
4.23629 0.0739855
4.24097 0.0746309
4.24457 0.0741894
4.24841 0.0740011
4.25284 0.0743926
4.25851 0.0760364
4.26255 0.0740255
4.26575 0.0731948
4.27184 0.0700326
4.27197 0.0762113
4.27581 0.0740092
4.28037 0.0745262
4.28446 0.0745918
4.28876 0.0748491
4.29196 0.0740223
4.29606 0.0740885
4.30051 0.0745082
4.30442 0.0743782
4.31013 0.0760531
4.31426 0.0741365
4.31881 0.0746484
4.32268 0.0744918
4.32685 0.0746266
4.33025 0.073991
4.33038 0.0741193
4.33422 0.0739316
4.33897 0.0746416
4.34243 0.0740687
4.34836 0.0759664
4.34849 0.0760948
4.35297 0.0745278
4.35647 0.0739889
4.36044 0.073928
4.36569 0.0751476
4.36973 0.0739756
4.37178 0.0699766
4.37384 0.0740476
4.37784 0.0740223
4.38252 0.0746647
4.38585 0.0739635
4.38989 0.0739669
4.39425 0.0742898
4.40071 0.0767183
4.40484 0.0747977
4.40804 0.0739705
4.41215 0.074039
4.41618 0.0740414
4.42022 0.0740472
4.4242 0.0739879
4.42836 0.0741197
4.43227 0.0739937
4.43897 0.0766577
4.43909 0.0767861
4.44256 0.0741964
4.4465 0.0741055
4.45041 0.0739864
4.45451 0.0740554
4.45843 0.0739324
4.46246 0.0739382
4.46792 0.0753568
4.47183 0.0700229
4.47196 0.0741848
4.47209 0.0743132
4.47584 0.0740306
4.48026 0.0744192
4.48442 0.074551
4.48987 0.0759638
4.49429 0.0743356
4.49884 0.0748491
4.50198 0.0739567
4.50607 0.0740168
4.51011 0.0740226
4.51409 0.0739633
4.51422 0.0740917
4.51845 0.0742881
4.52268 0.0744856
4.52844 0.0762163
4.53229 0.0740113
4.53626 0.0739549
4.541 0.0746625
4.54453 0.0741553
4.54835 0.0739359
4.5528 0.0743585
4.55649 0.0740103
4.56053 0.0740196
4.56576 0.0752125
4.56973 0.0739704
4.57178 0.0699714
4.57383 0.0740424
4.58065 0.0768323
4.58456 0.0746906
4.58879 0.0748851
4.5919 0.0739611
4.59613 0.0741556
4.60052 0.0745097
4.60471 0.074672
4.60834 0.0742616
4.61209 0.0739795
4.61881 0.0766712
4.62343 0.0752341
4.62746 0.0752375
4.63038 0.074119
4.63422 0.0739312
4.63827 0.07394
4.64256 0.0741973
4.6465 0.0741063
4.65038 0.0739521
4.65647 0.0760098
4.66054 0.0740294
4.66342 0.0728758
4.66979 0.0752163
4.67181 0.0700038
4.67377 0.0739776
4.67781 0.0739834
4.68248 0.0746258
4.68581 0.0739245
4.68995 0.0740247
4.69418 0.0742192
4.69888 0.0748883
4.70202 0.0739959
4.70804 0.0759863
4.71205 0.0739408
4.71618 0.074037
4.72019 0.0740117
4.72422 0.0740152
4.72832 0.0740808
4.73226 0.0739898
4.7363 0.0739957
4.74105 0.0747067
4.7465 0.0761219
4.75038 0.0739509
4.75051 0.0740793
4.75461 0.0741484
4.75849 0.0739942
4.76246 0.0739338
4.76791 0.0753525
4.77186 0.0700496
4.77198 0.0742115
4.77583 0.0740262
4.78029 0.0744459
4.78432 0.0744493
4.78861 0.0747066
4.79191 0.0739732
4.79858 0.0766042
4.80204 0.074014
4.80603 0.0739768
4.8101 0.0740137
4.81421 0.0740828
4.81869 0.0745326
4.81882 0.074661
4.82318 0.0749839
4.82743 0.075209
4.83038 0.0741255
4.83631 0.0760191
4.84127 0.0749316
4.84473 0.0743582
4.84839 0.0739794
4.85287 0.0744292
4.85646 0.0739876
4.86051 0.0739969
4.86576 0.075221
4.8698 0.0740489
4.87186 0.0700499
4.87381 0.0740237
4.87779 0.0739633
4.88246 0.0746057
4.8888 0.0769143
4.89188 0.0739424
4.89201 0.0740708
4.89611 0.0741369
4.89624 0.0742653
4.90047 0.0744593
4.90473 0.0746879
4.90841 0.0743397
4.91213 0.0740265
4.9162 0.07406
4.92018 0.0740031
4.92646 0.0762479
4.9269 0.0766958
4.93043 0.0741718
4.93424 0.073949
4.93831 0.0739889
4.94238 0.0740234
4.94639 0.0739946
4.95043 0.0739999
4.9544 0.0739406
4.95453 0.074069
4.95844 0.0739499
4.9636 0.0750772
4.96373 0.0752056
4.96802 0.0734475
4.9718 0.0699979
4.97206 0.0742882
4.9778 0.0759942
4.98244 0.0745883
4.98654 0.0746544
4.98994 0.0740188
4.99475 0.0747896
4.99885 0.0748552
5.00199 0.0739628
5.006 0.0739433
5.01004 0.0739451
5.01626 0.0761312
5.02019 0.0740185
5.0242 0.0739897
5.02833 0.0740865
5.03224 0.0739644
5.03634 0.0740364
5.04096 0.074619
5.04458 0.0742086
5.0484 0.0739882
5.05446 0.0760143
5.05856 0.074065
5.06256 0.0740352
5.06779 0.0752282
5.08019 0.0743541
5.0841 0.0742321
5.08846 0.0745545
5.09189 0.073949
5.09599 0.074017
5.10012 0.0741137
5.10025 0.0742421
5.10604 0.0760013
5.10617 0.0761297
5.11008 0.0739938
5.11021 0.0741222
5.11432 0.0741913
5.11854 0.0743872
5.12293 0.0747407
5.12306 0.0748691
5.12684 0.0746187
5.13024 0.0739831
5.13037 0.0741114
5.13425 0.0739548
5.13899 0.0746648
5.14473 0.0763684
5.14851 0.0741012
5.15296 0.0745199
5.15643 0.0739499
5.15655 0.0740783
5.16056 0.0740525
5.16572 0.0751788
5.16976 0.0740067
5.17178 0.0699727
5.17383 0.0740437
5.17787 0.0740495
5.18255 0.0746919
5.18588 0.0739906
5.18988 0.073959
5.19616 0.0762048
5.20086 0.0748531
5.20454 0.0745014
5.20844 0.0743709
5.21219 0.0740849
5.2162 0.0740566
5.22017 0.0739958
5.22414 0.0739365
5.22844 0.0741966
5.23433 0.0760597
5.23872 0.0743944
5.24244 0.0740783
5.24644 0.0740495
5.25048 0.0740549
5.25446 0.0739955
5.25458 0.0741239
5.25849 0.0740008
5.26253 0.0740067
5.26785 0.0752935
5.26798 0.0754218
5.2718 0.0699906
5.27218 0.0744093
5.27577 0.0739633
5.28032 0.0744802
5.28692 0.0770456
5.29006 0.0741364
5.29499 0.0750356
5.29845 0.0744628
5.29858 0.0745911
5.30211 0.0740839
5.30614 0.0740818
5.31008 0.0739864
5.31421 0.0740865
5.31866 0.0745052
5.32424 0.0760493
5.32894 0.0746976
5.33237 0.0740931
5.33637 0.0740638
5.34115 0.0748059
5.34455 0.0741703
5.34839 0.0739821
5.35285 0.0744047
5.35647 0.0739943
5.36253 0.0760232
5.36574 0.0731798
5.36971 0.0739543
5.37189 0.0700837
5.3758 0.0760149
5.38067 0.0748346
5.38448 0.0746124
5.38858 0.0746785
5.38871 0.0748069
5.39192 0.0739802
5.39609 0.074112
5.40044 0.0744309
5.40444 0.0743982
5.40832 0.0742445
5.41457 0.0764617
5.41887 0.074708
5.42319 0.0749993
5.42685 0.0746205
5.43037 0.0741133
5.43435 0.074054
5.43832 0.0739966
5.44268 0.0743195
5.4464 0.0740029
5.453 0.0765696
5.45649 0.074014
5.45662 0.0741424
5.46053 0.0740193
5.46572 0.0751732
5.46979 0.0740323
5.47187 0.0700644
5.47383 0.0740381
5.4778 0.0739817
5.48248 0.0746241
5.48594 0.0740513
5.48988 0.0739574
5.49424 0.0742803
5.49888 0.0748871
5.50455 0.0765245
5.50839 0.074319
5.50852 0.0744474
5.51221 0.0740992
5.51618 0.0740353
5.52022 0.0740412
5.52425 0.0740446
5.52825 0.0740129
5.53229 0.0740193
5.53633 0.0740251
5.54255 0.0762111
5.54662 0.0742278
5.55041 0.0739803
5.55085 0.0744282
5.55451 0.0740494
5.55848 0.0739885
5.56249 0.0739632
5.56784 0.0752846
5.56797 0.075413
5.57188 0.070079
5.57201 0.074241
5.57586 0.0740557
5.58028 0.0744443
5.58445 0.074576
5.58874 0.0748333
5.59473 0.0767902
5.59858 0.0745857
5.60207 0.0740434
5.6061 0.0740413
5.61017 0.0740782
5.61417 0.07405
5.61866 0.0744998
5.62295 0.07476
5.62647 0.0742483
5.63237 0.0761119
5.63644 0.074132
5.64112 0.0747734
5.64474 0.074363
5.64839 0.0739841
5.65285 0.0744068
5.65653 0.0740585
5.66051 0.0740016
5.66574 0.0751946
5.66971 0.0739564
5.67176 0.0699574
5.67382 0.0740284
5.67779 0.073968
5.68458 0.0767245
5.68471 0.0768529
5.689 0.0750933
5.69195 0.0740098
5.69605 0.074076
5.69618 0.0742044
5.70069 0.0746868
5.70441 0.0743702
5.70454 0.0744986
5.70838 0.0743058
5.71219 0.074086
5.7161 0.0739605
5.72296 0.0767855
5.727 0.0747751
5.7304 0.0741395
5.73427 0.0739829
5.73829 0.0739606
5.74232 0.073964
5.74245 0.0740924
5.74642 0.0740325
5.75037 0.0739445
5.75447 0.0740136
5.76054 0.0760426
5.76374 0.0731956
5.768 0.0734231
5.77185 0.0700398
5.77377 0.0759992
5.77788 0.0740544
5.78249 0.0746341
5.78595 0.0740612
5.79028 0.0743525
5.79431 0.0743559
5.79876 0.0747682
5.80203 0.0740042
5.8061 0.0740416
5.81219 0.0760948
5.81623 0.0740844
5.8202 0.0740235
5.82033 0.0741519
5.82426 0.074054
5.82833 0.0740885
5.83227 0.0739976
5.83631 0.0740034
5.84105 0.074711
5.84458 0.0742033
5.85047 0.0760653
5.85458 0.0741176
5.85855 0.0740567
5.86259 0.0740626
5.86784 0.0752832
5.87188 0.0700776
5.87201 0.0742395
5.87586 0.0740542
5.88031 0.0744739
5.88435 0.0744773
5.88864 0.0747346
5.89198 0.0740362
5.89608 0.0741024
5.9021 0.0760944
5.90606 0.0740053
5.90619 0.0741337
5.91013 0.0740423
5.91443 0.0743024
5.91843 0.0742772
5.92318 0.0749853
5.92635 0.0741235
5.92648 0.0742518
5.93032 0.0740641
5.93423 0.0739386
5.94112 0.0767938
5.94471 0.0743354
5.9484 0.0739877
5.94853 0.0741161
5.95301 0.0745698
5.95648 0.0739999
5.96052 0.0740092
5.96571 0.075167
5.96975 0.073995
5.97183 0.0700271
5.97376 0.0739697
5.97786 0.0740378
5.98241 0.0745518
5.98587 0.0739789
5.99195 0.0760297
5.99631 0.0743358
6.00085 0.0748454
6.00441 0.0743711
6.00454 0.0744995
6.00848 0.0744041
6.0122 0.0740909
6.0162 0.0740622
6.02018 0.0740053
6.02422 0.0740116
6.03037 0.076132
6.0305 0.0762604
6.03437 0.074083
6.03873 0.0744073
6.04245 0.0740912
6.04636 0.0739687
6.0504 0.0739735
6.0545 0.0740425
6.05848 0.0739856
6.06255 0.074026
6.06781 0.0752501
6.08187 0.0760337
6.08591 0.0740198
6.08998 0.0740538
6.09395 0.073994
6.09862 0.0746348
6.09875 0.0747632
6.10203 0.0740022
6.10602 0.0739679
6.11013 0.0740354
6.11423 0.0741045
6.12022 0.0760673
6.12426 0.0740539
6.12858 0.0743373
6.13233 0.0740518
6.13634 0.0740265
6.14101 0.0746718
6.14457 0.0741957
6.14838 0.0739724
6.15284 0.074395
6.15858 0.076101
6.16255 0.0740239
6.16575 0.0731932
6.17187 0.0700661
6.172 0.0762448
6.17582 0.0740116
6.18043 0.0745908
6.18437 0.0744969
6.18879 0.0748826
6.192 0.0740558
6.19597 0.0739936
6.1961 0.074122
6.20039 0.0743822
6.20445 0.0744117
6.21013 0.0760515
6.21436 0.0742322
6.21897 0.0748103
6.22284 0.0746537
6.22749 0.075264
6.23031 0.0740521
6.23428 0.0739928
6.239 0.0746717
6.24246 0.0740988
6.24842 0.0760275
6.24855 0.0761559
6.253 0.0745578
6.2565 0.074019
6.26047 0.0739621
6.2606 0.0740905
6.26573 0.0751821
6.26983 0.0740723
6.27181 0.0700072
6.27377 0.0739809
6.27788 0.0740529
6.28242 0.0745669
6.28588 0.073994
6.28992 0.0739974
6.29428 0.0743204
6.30084 0.0768461
6.30455 0.0745088
6.30839 0.07432
6.30852 0.0744484
6.31211 0.0740029
6.31621 0.0740675
6.32022 0.0740417
6.32425 0.0740451
6.32842 0.0741769
6.33229 0.0740198
6.33902 0.0767149
6.34264 0.0742847
6.34656 0.0741627
6.35047 0.0740436
6.35457 0.0741126
6.35855 0.0740557
6.36256 0.0740304
6.36785 0.0752861
6.36797 0.0754145
6.37192 0.0701117
6.37205 0.0742736
6.3758 0.073991
6.38057 0.0747302
6.38435 0.0744768
6.38448 0.0746052
6.38992 0.076018
6.39499 0.0750288
6.39857 0.0745843
6.402 0.0739798
6.40213 0.0741082
6.4061 0.0740439
6.41014 0.0740497
6.41443 0.0743099
6.4187 0.074538
6.42299 0.0747981
6.42856 0.0763343
6.43234 0.0740671
6.43638 0.0740689
6.44112 0.0747765
6.44458 0.0742066
6.44471 0.074335
6.4484 0.0739872
6.4525 0.0740553
6.4565 0.0740265
6.46055 0.0740358
6.46574 0.0751977
6.46971 0.0739555
6.46984 0.0740839
6.47189 0.0700849
6.47382 0.0740275
6.48077 0.0769459
6.48455 0.0746757
6.48468 0.0748041
6.48878 0.0748702
6.49198 0.0740435
6.49608 0.0741097
6.50056 0.074557
6.50069 0.0746854
6.50444 0.0743959
6.50841 0.0743395
6.51213 0.0740264
6.5188 0.0766558
6.52322 0.0750276
6.52687 0.0746488
6.527 0.0747772
6.5304 0.0741416
6.53425 0.0739539
6.53899 0.0746678
6.54233 0.0739665
6.54643 0.0740351
6.5504 0.0739782
6.5565 0.0760359
6.56053 0.0740244
6.56373 0.0731902
6.56972 0.0751456
6.57184 0.0700304
6.57379 0.0740042
6.57783 0.07401
6.58238 0.074524
6.58597 0.0740795
6.58991 0.0739856
6.59427 0.0743086
6.5989 0.0749114
6.60204 0.074019
6.60841 0.0763566
6.6122 0.0740889
6.6162 0.0740567
6.61633 0.0741851
6.62023 0.074058
6.62427 0.0740614
6.62834 0.074096
6.63231 0.0740361
6.63635 0.0740419
6.6411 0.074753
6.64657 0.0761993
6.65087 0.0744411
6.65452 0.0740623
6.65849 0.0740014
6.6626 0.0740695
6.66785 0.075294
6.66798 0.0754224
6.67193 0.0701196
6.67205 0.0742815
6.67587 0.0740611
6.68032 0.0744808
6.68436 0.0744842
6.68852 0.0746131
6.68865 0.0747415
6.69192 0.073977
6.69864 0.0766707
6.70204 0.0740183
6.70217 0.0741467
6.70607 0.0740122
6.70652 0.0744601
6.71014 0.0740492
6.71443 0.0743093
6.71873 0.0745725
6.71886 0.0747009
6.7227 0.0745132
6.72639 0.0741609
6.73029 0.074036
6.73042 0.0741643
6.73638 0.0760931
6.74125 0.0749083
6.74478 0.0744006
6.7484 0.0739867
6.74852 0.0741151
6.75291 0.0744715
6.75651 0.0740299
6.76055 0.0740392
6.76571 0.075166
6.76981 0.0740562
6.77186 0.0700572
6.77385 0.074062
6.77789 0.0740639
6.78243 0.0745779
6.7889 0.0770148
6.79198 0.074043
6.79621 0.0742375
6.80069 0.0746848
6.80444 0.0743993
6.80457 0.0745277
6.80844 0.0743701
6.81216 0.0740569
6.81623 0.0740904
6.82021 0.074034
6.827 0.0767934
6.83053 0.0742694
6.83437 0.0740817
6.83902 0.0746984
6.84248 0.0741255
6.84643 0.0740345
6.85043 0.0740087
6.85454 0.0740778
6.85845 0.0739547
6.86371 0.0751793
6.86803 0.0734523
6.87181 0.0700027
6.87207 0.074293
6.87219 0.0744214
6.8778 0.0759951
6.88248 0.0746207
6.88658 0.0746869
6.88991 0.0739856
6.89471 0.0747564
6.89875 0.0747598
6.90202 0.0739958
6.90612 0.0740678
6.91013 0.0740426
6.91629 0.0761629
6.92032 0.0741475
6.9243 0.0740882
6.92846 0.074216
6.9323 0.0740278
6.93637 0.0740647
6.94099 0.0746473
6.94458 0.0742058
6.94849 0.0740798
6.95458 0.0761369
6.95858 0.0740904
6.96256 0.07403
6.96785 0.0752857
6.97188 0.0700762
6.97214 0.0743665
6.9758 0.0739906
6.98035 0.0745076
6.98438 0.074511
6.98451 0.0746393
6.98867 0.0747682
6.99191 0.0739726
6.99608 0.0741044
7.00037 0.0743646
7.00607 0.0760345
7.01024 0.074152
7.01435 0.0742211
7.01844 0.0742851
7.01857 0.0744135
7.02274 0.0745443
7.02747 0.0752479
7.03029 0.074036
7.03427 0.0739767
7.03901 0.0746866
7.04475 0.0763902
7.04844 0.0740287
7.04857 0.0741571
7.05299 0.0745446
7.05645 0.0739747
7.05658 0.074103
7.06052 0.0740145
7.06575 0.0752075
7.06979 0.0740355
7.0779 0.0740801
7.08184 0.0739857
7.08588 0.0739886
7.08991 0.0739915
7.096 0.0760441
7.10054 0.0745364
7.10407 0.0740276
7.10813 0.0740601
7.11217 0.0740659
7.11618 0.0740366
7.12021 0.074038
7.12425 0.0740414
7.12841 0.0741732
7.12854 0.0743016
7.13437 0.0760985
7.13905 0.0747255
7.14283 0.0744721
7.14649 0.0740933
7.15046 0.0740364
7.15456 0.0741055
7.15851 0.0740135
7.16251 0.0739842
7.16786 0.0753021
7.16799 0.0754305
7.1719 0.0700926
7.17215 0.0743829
7.17587 0.0740692
7.18043 0.0745862
7.18658 0.0767036
7.19036 0.0744335
7.19497 0.0750132
7.19875 0.0747598
7.19888 0.0748882
7.20202 0.0739958
7.20215 0.0741242
7.20612 0.0740599
7.21018 0.0740928
7.21422 0.0740957
7.21435 0.0742241
7.2187 0.0745455
7.22428 0.0760896
7.22876 0.0745156
7.23241 0.0741368
7.23639 0.0740765
7.24119 0.0748502
7.24462 0.0742457
7.24475 0.0743741
7.2484 0.0739953
7.25286 0.0744179
7.25651 0.0740385
7.26254 0.0760324
7.26267 0.0761608
7.26578 0.0732161
7.26975 0.0739907
7.27193 0.0701201
7.27584 0.0760512
7.28077 0.0749332
7.28455 0.0746798
7.28865 0.0747459
7.29199 0.0740476
7.29622 0.0742421
7.30038 0.0743705
7.30467 0.0746262
7.30832 0.0742468
7.31435 0.0762417
7.31896 0.0748031
7.32313 0.0749349
7.32325 0.0750633
7.32687 0.0746494
7.3304 0.0741422
7.33428 0.0739856
7.33902 0.0746956
7.34248 0.0741227
7.34655 0.0741601
7.35296 0.0765362
7.35665 0.0741712
7.36055 0.0740442
7.36575 0.0752021
7.36981 0.0740572
7.37189 0.0700893
7.37385 0.074059
7.37786 0.0740337
7.3824 0.0745478
7.3859 0.074006
7.38993 0.0740094
7.39429 0.0743323
7.39893 0.0749352
7.40456 0.0765375
7.40853 0.0744604
7.41222 0.0741121
7.41622 0.0740794
7.42023 0.0740536
7.42427 0.074057
7.4283 0.0740565
7.42843 0.0741849
7.43234 0.0740628
7.43635 0.0740375
7.4426 0.0762547
7.44666 0.0742714
7.44679 0.0743998
7.45048 0.074055
7.45458 0.0741241
7.45849 0.074001
7.4626 0.074073
7.46798 0.075422
7.47192 0.0701152
7.47205 0.0742771
7.47587 0.0740607
7.48042 0.0745777
7.48445 0.0745811
7.48874 0.0748383
7.49496 0.0770175
7.49867 0.0746846
7.50207 0.074049
7.50614 0.074078
7.51014 0.0740527
7.51421 0.0740867
7.51869 0.0745364
7.51882 0.0746648
7.52299 0.0747966
7.52638 0.0741565
7.53241 0.0761485
7.53648 0.0741687
7.54112 0.074775
7.54477 0.0743956
7.54843 0.0740168
7.55288 0.0744394
7.55654 0.0740601
7.56051 0.0739992
7.56576 0.0752193
7.56983 0.0740784
7.57188 0.0700794
7.57384 0.0740491
7.57788 0.074055
7.58467 0.0768114
7.5889 0.0749892
7.59197 0.0740341
7.5961 0.0741313
7.60071 0.074707
7.60446 0.0744215
7.60837 0.074295
7.6085 0.0744234
7.61209 0.0739818
7.61613 0.0739847
7.61625 0.0741131
7.62308 0.0769065
7.62699 0.0747677
7.63039 0.0741321
7.63052 0.0742605
7.6343 0.0740066
7.63901 0.0746855
7.64247 0.0741126
7.64645 0.0740528
7.65042 0.0739959
7.65452 0.0740649
7.66065 0.0761561
7.66376 0.0732119
7.66805 0.0734705
7.67186 0.0700521
7.67381 0.0760426
7.67785 0.0740316
7.68247 0.0746113
7.68596 0.0740695
7.69032 0.0743925
7.69435 0.0743959
7.6988 0.0748081
7.70207 0.0740441
7.70611 0.0740505
7.71219 0.0761036
7.71633 0.074187
7.72023 0.07406
7.72036 0.0741884
7.72427 0.0740594
7.72846 0.0742223
7.73231 0.0740341
7.73635 0.0740399
7.74112 0.074782
7.74461 0.0742392
7.75048 0.0760702
7.75461 0.0741536
7.75474 0.074282
7.75849 0.0739954
7.75862 0.0741238
7.76259 0.0740674
7.76785 0.075292
7.77192 0.0701175
7.77205 0.0742795
7.77218 0.0744079
7.77587 0.0740631
7.78032 0.0744828
7.78439 0.0745173
7.78868 0.0747745
7.79192 0.0739789
7.79602 0.074045
7.80204 0.076037
7.80217 0.0761654
7.80652 0.0744621
7.81014 0.0740511
7.81456 0.0744397
7.81886 0.0746988
7.82273 0.0745422
7.82286 0.0746706
7.82651 0.0742873
7.83036 0.0740996
7.83427 0.0739741
7.84112 0.0767981
7.84125 0.0769265
7.84472 0.0743398
7.84484 0.0744682
7.84853 0.0741205
7.85302 0.0745742
7.85648 0.0740042
7.86055 0.0740446
7.86571 0.0751714
7.86979 0.0740305
7.87183 0.0700275
7.87379 0.0740012
7.87783 0.0740071
7.88251 0.0746495
7.88597 0.0740766
7.89196 0.076034
7.89618 0.0742118
7.90088 0.0748768
7.90457 0.0745251
7.90848 0.0744026
7.9122 0.0740894
7.91614 0.073995
7.92021 0.0740314
7.92424 0.0740348
7.93043 0.0761863
7.93056 0.0763147
7.93437 0.0740752
7.9345 0.0742035
7.93904 0.074719
7.9427 0.0743372
7.94644 0.0740517
7.95052 0.0740921
7.95452 0.0740639
7.9585 0.074007
7.96251 0.0739817
7.96799 0.075428
7.97196 0.0701522
7.97221 0.0744426
7.97587 0.0740627
7.98247 0.0746142
7.98702 0.0751282
7.9899 0.0739791
7.9948 0.0748432
7.99877 0.0747804
8.00204 0.0740164
8.00605 0.0739932
8.01015 0.0740613
8.01425 0.0741303
8.02025 0.0760897
8.02425 0.0740447
8.0286 0.0743591
8.03235 0.0740736
8.03632 0.0740133
8.041 0.0746581
8.04113 0.0747865
8.04462 0.0742476
8.04841 0.0739962
8.05251 0.0740642
8.05857 0.0760897
8.06257 0.0740432
8.06577 0.0732125
8.0802 0.0743586
8.08411 0.0742326
8.08852 0.0746172
8.09202 0.0740779
8.09605 0.0740797
8.10022 0.0742115
8.10415 0.0741111
8.11021 0.0761355
8.11434 0.0742189
8.11895 0.0747966
8.12334 0.0751506
8.12751 0.0752824
8.13033 0.0740705
8.13046 0.0741989
8.1343 0.0740112
8.13902 0.0746901
8.1428 0.0744367
8.14847 0.0760775
8.15301 0.0745688
8.15654 0.074061
8.16058 0.0740703
8.16581 0.0752633
8.16985 0.0740912
8.17186 0.0700572
8.17379 0.0739998
8.17789 0.0740718
8.18244 0.0745858
8.1859 0.0740129
8.18994 0.0740164
8.1943 0.0743393
8.20089 0.0748794
8.2046 0.0745588
8.20473 0.0746872
8.20844 0.07437
8.21223 0.0741191
8.21623 0.0740909
8.22024 0.0740651
8.22428 0.0740685
8.22847 0.0742314
8.23235 0.0740743
8.23914 0.0768316
8.2426 0.0742419
8.24661 0.0742132
8.25052 0.0740901
8.25462 0.0741592
8.2585 0.074005
8.2626 0.074073
8.26785 0.0752936
8.26798 0.075422
8.27192 0.0701152
8.27205 0.0742771
8.27218 0.0744055
8.2759 0.0740918
8.28032 0.0744804
8.2866 0.0767263
8.29025 0.0743277
8.29038 0.0744561
8.29499 0.0750358
8.29858 0.0745913
8.29871 0.0747197
8.30204 0.0740179
8.30614 0.074082
8.31008 0.0739905
8.31418 0.0740596
8.3187 0.0745404
8.32274 0.0745439
8.32878 0.0765585
8.33244 0.0741629
8.33638 0.0740714
8.34119 0.0748452
8.34471 0.074338
8.3484 0.0739902
8.3525 0.0740622
8.35654 0.0740686
8.36052 0.0740117
8.36574 0.0752007
8.36987 0.074118
8.37192 0.070111
8.37583 0.0760383
8.38089 0.0750486
8.38454 0.0746668
8.38877 0.0748613
8.39197 0.0740346
8.39607 0.0741007
8.3962 0.0742291
8.4004 0.074392
8.40469 0.0746477
8.40834 0.0742684
8.41219 0.0740836
8.41898 0.0748247
8.42315 0.0749565
8.42328 0.0750849
8.42693 0.0747061
8.43049 0.0742299
8.43433 0.0740422
8.43902 0.07469
8.44267 0.0743082
8.4428 0.0744366
8.44645 0.0740538
8.45042 0.073993
8.45667 0.0762061
8.46057 0.0740583
8.46576 0.0752122
8.46983 0.0740713
8.47188 0.0700723
8.47383 0.0740421
8.47781 0.0739857
8.48248 0.0746281
8.48601 0.074118
8.48992 0.073993
8.49427 0.0743159
8.49894 0.0749499
8.50454 0.0765211
8.50842 0.0743467
8.51223 0.0741268
8.51624 0.0740986
8.52025 0.0740728
8.52428 0.0740762
8.52835 0.0741067
8.53232 0.0740469
8.53636 0.0740527
8.54094 0.0746008
8.54668 0.0763039
8.54681 0.0764323
8.55047 0.0740396
8.55091 0.0744875
8.5546 0.0741398
8.55473 0.0742682
8.55848 0.0739856
8.55861 0.074114
8.56258 0.0740576
8.56784 0.0752822
8.56797 0.0754106
8.57194 0.0701388
8.57207 0.0743008
8.57589 0.0740844
8.58031 0.0744729
8.58044 0.0746013
8.58435 0.0744764
8.58864 0.0747336
8.59495 0.07701
8.59867 0.0746772
8.60207 0.0740415
8.60613 0.0740705
8.61017 0.0740764
8.6142 0.0740792
8.61872 0.0745601
8.62301 0.0748203
8.6264 0.0741802
8.63025 0.0739925
8.63637 0.074064
8.6365 0.0741923
8.64127 0.074927
8.64476 0.0743882
8.64842 0.0740094
8.64855 0.0741378
8.65291 0.0744631
8.65653 0.0740526
8.6606 0.0740891
8.66579 0.0752469
8.66986 0.074102
8.67191 0.070103
8.67383 0.0740417
8.67787 0.0740475
8.68466 0.076804
8.68889 0.0749817
8.69197 0.0740266
8.69613 0.074155
8.70074 0.0747307
8.70087 0.0748591
8.70445 0.0744141
8.70836 0.0742875
8.70849 0.0744159
8.71221 0.0741028
8.71628 0.0741368
8.7231 0.0769302
8.72702 0.0747914
8.73041 0.0741558
8.73054 0.0742842
8.73439 0.0740964
8.73907 0.0747442
8.74272 0.0743625
8.74647 0.0740769
8.75045 0.07402
8.75455 0.0740891
8.75849 0.0740011
8.76378 0.0752489
8.76804 0.0734596
8.77182 0.0700101
8.77387 0.0760978
8.77785 0.0740247
8.78252 0.0746671
8.78598 0.0740942
8.79021 0.0742888
8.79437 0.0744166
8.79873 0.0747395
8.80213 0.0741039
8.80614 0.0740786
8.81219 0.0761007
8.81623 0.0740902
8.82033 0.0741578
8.82424 0.0740328
8.82437 0.0741612
8.82834 0.0740984
8.82847 0.0742268
8.83234 0.0740697
8.83638 0.0740755
8.84106 0.0747209
8.84119 0.0748492
8.84459 0.0742136
8.8484 0.0739943
8.85469 0.0742292
8.85863 0.0741333
8.86257 0.0740418
8.86783 0.0752664
8.86795 0.0753948
8.87193 0.0701231
8.87219 0.0744134
8.87587 0.0740686
8.88062 0.0747767
8.8844 0.0745233
8.88869 0.0747806
8.89192 0.0739849
8.89602 0.0740511
8.90205 0.0760431
8.90611 0.0740513
8.91018 0.0740882
8.91447 0.0743484
8.9146 0.0744768
8.91886 0.0747049
8.92274 0.0745483
8.92287 0.0746766
8.92652 0.0742933
8.93027 0.0740083
8.9343 0.0740112
8.94113 0.0768041
8.94126 0.0769325
8.94478 0.0744085
8.94853 0.074123
8.95302 0.0745767
8.95648 0.0740068
8.96059 0.0740783
8.96575 0.0752051
8.96982 0.0740602
8.97186 0.0700572
8.97379 0.0739998
8.97783 0.0740057
8.9825 0.0746481
8.98596 0.0740752
8.99199 0.0760637
8.99621 0.0742415
9.00078 0.0747782
9.00447 0.0744326
9.00848 0.0744034
9.0121 0.0739929
9.01223 0.0741213
9.01617 0.0740264
9.02024 0.0740628
9.02421 0.0740035
9.03049 0.0762522
9.0344 0.07411
9.03453 0.0742384
9.03904 0.0747187
9.0425 0.0741458
9.04651 0.0741205
9.05055 0.0741259
9.05453 0.0740665
9.05853 0.0740407
9.06254 0.0740149
9.06805 0.0754884
9.08192 0.0760774
9.08589 0.0740013
9.08602 0.0741297
9.09006 0.0741326
9.09397 0.0740106
9.09874 0.0747527
9.10211 0.0740849
9.10617 0.0741169
9.11018 0.0740871
9.1146 0.0744757
9.12037 0.0762128
9.12428 0.074071
9.12441 0.0741994
9.1286 0.0743544
9.13238 0.0741039
9.13632 0.0740125
9.14107 0.0747235
9.14459 0.0742163
9.14472 0.0743447
9.14844 0.074028
9.15286 0.0744196
9.15649 0.0740091
9.16257 0.0740484
9.16578 0.0732177
9.17196 0.0701528
9.17209 0.0763315
9.17587 0.0740672
9.18074 0.0749037
9.18087 0.0750321
9.18452 0.0746504
9.18881 0.0749076
9.19202 0.0740809
9.19599 0.0740186
9.20035 0.074341
9.2047 0.0746589
9.21018 0.0761082
9.21435 0.0742227
9.2187 0.0745435
9.22299 0.0748037
9.22751 0.0752856
9.23046 0.0742021
9.23431 0.0740144
9.23905 0.0747244
9.24251 0.0741515
9.2485 0.0761113
9.25298 0.0745403
9.25311 0.0746687
9.25651 0.0740326
9.25664 0.074161
9.26058 0.074073
9.26581 0.0752659
9.26985 0.0740939
9.2719 0.0700949
9.27382 0.0740336
9.27786 0.0740394
9.28254 0.0746818
9.286 0.0741089
9.29035 0.0744318
9.29426 0.0743069
9.30079 0.0768015
9.3046 0.0745615
9.30848 0.0744038
9.31223 0.0741218
9.31623 0.0740935
9.32027 0.0740988
9.32431 0.0741023
9.32851 0.0742652
9.33235 0.074073
9.33882 0.0765147
9.34299 0.0746298
9.34312 0.0747582
9.34664 0.0742509
9.35052 0.0740968
9.35463 0.0741658
9.35857 0.0740778
9.36264 0.0741148
9.36786 0.0753043
9.36799 0.0754327
9.37193 0.0701258
9.37219 0.0744161
9.37591 0.0741025
9.38065 0.0748106
9.38443 0.0745572
9.39029 0.0763862
9.39491 0.0749491
9.39862 0.0746331
9.40205 0.0740285
9.40615 0.0740966
9.41019 0.0741024
9.4142 0.0740742
9.41871 0.074555
9.41884 0.0746834
9.42301 0.0748152
9.42864 0.0764176
9.43258 0.0743099
9.4364 0.07409
9.43653 0.0742184
9.44121 0.0748638
9.44473 0.0743565
9.44842 0.0740088
9.45252 0.0740808
9.45656 0.0740872
9.46054 0.0740263
9.46576 0.0752153
9.46986 0.0741015
9.47184 0.0700363
9.47383 0.0740411
9.48088 0.0770568
9.48453 0.0746583
9.48466 0.0747866
9.48876 0.0748528
9.49197 0.0740261
9.49607 0.0740922
9.50071 0.074703
9.50445 0.0744135
9.50836 0.0742909
9.51215 0.07404
9.51887 0.0767277
9.519 0.0768561
9.52329 0.0750995
9.52695 0.0747207
9.53041 0.0741473
9.53438 0.0740879
9.53906 0.0747357
9.54239 0.0740344
9.54252 0.0741628
9.54659 0.0742003
9.55044 0.074011
9.55656 0.0760998
9.56066 0.0741505
9.56376 0.0732151
9.56988 0.0753068
9.57187 0.0700632
9.57379 0.0740059
9.57783 0.0740117
9.58251 0.0746541
9.58635 0.0744635
9.59026 0.0743385
9.5943 0.0743419
9.59897 0.0749759
9.60211 0.0740835
9.60848 0.0764205
9.61223 0.0741217
9.61623 0.0740935
9.61636 0.0742219
9.62027 0.0740988
9.62431 0.0741022
9.62848 0.074234
9.63235 0.0740769
9.63639 0.0740827
9.64104 0.0746964
9.64117 0.0748248
9.64674 0.0763644
9.65052 0.0740962
9.65097 0.0745441
9.65466 0.0741964
9.6586 0.0741084
9.66258 0.074052
9.668 0.0754361
9.67184 0.0700359
9.6721 0.0743262
9.67592 0.0741098
9.68034 0.0744984
9.68437 0.0745018
9.68854 0.0746307
9.68867 0.0747591
9.69206 0.074123
9.69866 0.0766883
9.70219 0.0741643
9.70615 0.074092
9.71019 0.0740979
9.71461 0.0744864
9.71887 0.0747145
9.72272 0.0745268
9.72285 0.0746552
9.72653 0.074303
9.73028 0.074018
9.7304 0.0741464
9.7364 0.0761062
9.74145 0.075112
9.74475 0.0743791
9.74844 0.0740314
9.74857 0.0741598
9.75299 0.0745513
9.75659 0.0741098
9.76053 0.0740178
9.76585 0.075304
9.76985 0.0740969
9.7719 0.0700979
9.77383 0.0740366
9.77786 0.0740424
9.78254 0.0746848
9.78888 0.0769934
9.79196 0.0740215
9.79209 0.0741499
9.79619 0.074216
9.80077 0.0747607
9.80445 0.0744129
9.80849 0.0744148
9.81217 0.0740666
9.8163 0.0741628
9.82021 0.0740397
9.82694 0.0767329
9.8306 0.0743373
9.83441 0.0741145
9.83906 0.0747312
9.84252 0.0741583
9.84659 0.0741957
9.85047 0.0740416
9.85457 0.0741106
9.85852 0.0740226
9.86374 0.0752121
9.86803 0.073454
9.87194 0.0701328
9.8722 0.0744232
9.87784 0.0760358
9.88245 0.0745988
9.88258 0.0747272
9.88592 0.0740259
9.89027 0.0743488
9.89437 0.0744144
9.89879 0.0747995
9.90206 0.0740356
9.90616 0.0741036
9.91013 0.0740432
9.91623 0.0761009
9.91635 0.0762293
9.92039 0.0742138
9.9243 0.0740889
9.92846 0.0742207
9.93237 0.0740946
9.93641 0.0741005
9.94106 0.0747142
9.94464 0.0742687
9.94842 0.0740143
9.95458 0.0761376
9.95471 0.076266
9.95861 0.0741182
9.96255 0.0740267
9.96268 0.0741551
9.96794 0.0753797
9.97185 0.0700457
9.97224 0.0744644
9.97589 0.0740885
9.98035 0.0745082
9.98442 0.0745427
9.98871 0.0748
9.98883 0.0749284
9.99204 0.0740977
9.99601 0.0740354

