% time_sec delay_sec
1.11658 0.0164303
1.11658 0.0164303
1.21657 0.0164142
1.31656 0.0164094
1.41441 0.318267
1.41656 0.0164121
1.51656 0.0164095
1.61688 0.0167231
1.71656 0.0164068
1.7172 0.318383
1.81656 0.0164076
1.91589 0.215068
1.91824 0.0180706
1.91992 0.0217637
1.92389 0.0216973
1.92401 0.0218257
2.01588 0.109661
2.01795 0.0177765
2.01981 0.0216523
2.02395 0.0217635
2.02408 0.0218919
2.0281 0.0218737
2.03193 0.0216769
2.03599 0.0217012
2.04042 0.022093
2.04429 0.0219347
2.04442 0.0220631
2.0481 0.0217137
2.05409 0.0216481
2.05422 0.0217765
2.05819 0.0217149
2.06224 0.0217275
2.06626 0.0217169
2.07028 0.0217029
2.07436 0.02175
2.07848 0.0218367
2.08251 0.0218311
2.08645 0.0217362
2.09323 0.0244906
2.09662 0.0218287
2.10063 0.0218005
2.10456 0.021704
2.10469 0.0218324
2.10863 0.0217364
2.11392 0.0229921
2.11802 0.0178477
2.11815 0.0220097
2.11828 0.0221381
2.12254 0.0223666
2.12626 0.0220495
2.13016 0.021924
2.13394 0.0216701
2.14083 0.0245212
2.14435 0.0219973
2.14817 0.0217779
2.15239 0.0219704
2.15618 0.0217199
2.16022 0.0217253
2.16426 0.0217311
2.16823 0.0216747
2.1723 0.0217082
2.17634 0.0217135
2.18278 0.0241188
2.18707 0.0223588
2.1911 0.0223582
2.19501 0.0222332
2.19929 0.0224855
2.20256 0.0217215
2.20676 0.0218833
2.20689 0.0220117
2.21089 0.0219825
2.21589 0.0229463
2.21602 0.0230747
2.21804 0.0178657
2.21987 0.021711
2.21999 0.0218394
2.22384 0.0216517
2.23015 0.0239316
2.23403 0.0217542
2.23416 0.0218826
2.23809 0.0217862
2.24213 0.0217896
2.2461 0.0217297
2.25008 0.0216688
2.2502 0.0217972
2.25431 0.0218663
2.25816 0.021681
2.26216 0.0216557
2.26621 0.021665
2.27232 0.021733
2.2764 0.0217734
2.28056 0.0219052
2.28473 0.022037
2.28486 0.0221654
2.28915 0.0224227
2.29312 0.0223633
2.29652 0.0217277
2.30088 0.0220507
2.30492 0.022057
2.31087 0.0239812
2.31402 0.0210721
2.31805 0.0178788
2.31988 0.0237409
2.32001 0.0238693
2.32401 0.0218243
2.32823 0.0220104
2.33202 0.0217599
2.33606 0.0217658
2.34083 0.0225079
2.34442 0.0220663
2.34811 0.0217186
2.35234 0.021919
2.35821 0.0237539
2.36231 0.0218052
2.36629 0.0217443
2.37038 0.0218089
2.37464 0.022033
2.37894 0.0222961
2.38269 0.0220111
2.38711 0.0223967
2.39101 0.0222718
2.39486 0.0220841
2.40089 0.024076
2.40489 0.0220266
2.40886 0.0219662
2.41386 0.02293
2.41399 0.0230584
2.41802 0.0178484
2.41828 0.0221387
2.42266 0.0224922
2.42626 0.0220506
2.43016 0.0219251
2.43401 0.0217374
2.43802 0.0217151
2.44212 0.0217812
2.44225 0.0219096
2.44821 0.0238384
2.45231 0.0218856
2.45622 0.0217636
2.46029 0.0218
2.4642 0.0216735
2.46433 0.0218019
2.46836 0.0218037
2.47227 0.0216817
2.47632 0.021691
2.48083 0.0221734
2.48487 0.0221768
2.49102 0.0222774
2.49506 0.0222809
2.49934 0.0225331
2.49947 0.0226615
2.50261 0.0217691
2.5069 0.0220283
2.51087 0.0219639
2.51587 0.0229277
2.516 0.0230561
2.51795 0.017781
2.51994 0.0217858
2.52392 0.0217265
2.52821 0.0219867
2.53199 0.0217323
2.53805 0.0237572
2.54227 0.021935
2.54631 0.0219413
2.55019 0.0217872
2.5543 0.0218562
2.55815 0.0216709
2.56225 0.0217429
2.56623 0.0216866
2.5703 0.021724
2.57646 0.0238468
2.58062 0.0219618
2.58479 0.0220936
2.58908 0.0223509
2.59318 0.02242
2.59645 0.021656
2.59658 0.0217844
2.60084 0.0220095
2.605 0.0221363
2.60875 0.0218542
2.61394 0.0230126
2.61804 0.0178687
2.61817 0.0220307
2.62272 0.0225476
2.62817 0.0239593
2.63201 0.0217544
2.63608 0.0217873
2.64082 0.0224949
2.64434 0.0219877
2.64813 0.0217372
2.65223 0.0218092
2.65236 0.0219376
2.65618 0.0217183
2.66022 0.0217276
2.66628 0.0237526
2.67038 0.0218043
2.6747 0.0220946
2.67852 0.0218748
2.67928 0.0226422
2.68274 0.0220693
2.68697 0.0222638
2.6871 0.0223922
2.69101 0.0222672
2.69505 0.0222706
2.69937 0.0225619
2.70251 0.0216695
2.70873 0.0218348
2.70886 0.0219632
2.71155 0.0206229
2.71168 0.0207513
2.71827 0.0181027
2.71853 0.0235714
2.72314 0.0229687
2.72327 0.0230971
2.72625 0.0220447
2.73013 0.0218881
2.73397 0.0217004
2.73798 0.0216781
2.7424 0.0220637
2.74622 0.0218444
2.75013 0.0217253
2.75622 0.0237829
2.76029 0.0218026
2.76433 0.0218044
2.7683 0.0217401
2.76843 0.0218685
2.77243 0.0218397
2.77638 0.0217517
2.7808 0.0221368
2.7847 0.0220119
2.78483 0.0221403
2.78874 0.0220153
2.79499 0.0242295
2.79934 0.0225311
2.80261 0.0217671
2.80697 0.0220925
2.81126 0.0223516
2.81587 0.0229298
2.81805 0.0178763
2.81985 0.0216905
2.81997 0.0218189
2.82395 0.0217596
2.82815 0.0219225
2.83206 0.0218005
2.83603 0.0217441
2.84087 0.0225484
2.84619 0.0238352
2.85016 0.0217576
2.85427 0.0218266
2.85821 0.0217346
2.86219 0.0216783
2.86231 0.0218067
2.86623 0.0216875
2.8703 0.021725
2.8746 0.0219881
2.87854 0.0218967
2.88469 0.0240141
2.88898 0.0222546
2.89346 0.0227054
2.89661 0.021813
2.90083 0.0220075
2.90483 0.0219708
2.90874 0.0218443
2.91386 0.0229365
2.91399 0.0230649
2.918 0.0178237
2.91844 0.0223052
2.91857 0.0224336
2.92255 0.0223743
2.92629 0.0220882
2.93014 0.0219005
2.93027 0.0220289
2.93604 0.0237631
2.94103 0.0227027
2.94442 0.0220671
2.94811 0.0217194
2.94824 0.0218478
2.95234 0.0219158
2.95618 0.0217276
2.96023 0.0217369
2.96424 0.0217116
2.96834 0.0217836
2.97475 0.0241597
2.97853 0.021888
2.9793 0.0226554
2.98321 0.0225304
2.98718 0.0224682
2.99109 0.0223432
2.99499 0.0222182
2.99903 0.0222171
3.00255 0.0217099
3.00682 0.021944
3.01076 0.0218525
3.01089 0.0219809
3.01602 0.0210564
3.01804 0.0178642
3.01987 0.0217095
3.02634 0.0241483
3.03012 0.0218782
3.03025 0.0220066
3.03403 0.0217527
3.0381 0.0217886
3.04213 0.021792
3.04611 0.0217356
3.05015 0.0217444
3.05438 0.0219418
3.05817 0.0216943
3.06432 0.0238166
3.06836 0.0218052
3.07234 0.0217443
3.07637 0.0217491
3.08054 0.0218798
3.08441 0.0217187
3.08454 0.0218471
3.08867 0.0219473
3.09306 0.0223037
3.09656 0.0217678
3.10268 0.0238521
3.10701 0.0221325
3.11085 0.0219393
3.1113 0.0223872
3.11598 0.0230354
3.11799 0.0178185
3.11992 0.0217611
3.12395 0.0217645
3.12821 0.0219896
3.132 0.0217392
3.13603 0.021745
3.14078 0.0224561
3.1444 0.0220456
3.14819 0.0217952
3.15421 0.0237901
3.15822 0.0217475
3.16229 0.0217845
3.16627 0.0217241
3.16639 0.0218525
3.17024 0.0216643
3.17037 0.0217927
3.17428 0.0216701
3.17851 0.021867
3.17896 0.0223149
3.18283 0.0221583
3.18712 0.0224156
3.19318 0.0244352
3.19658 0.0217828
3.20087 0.022043
3.20484 0.0219753
3.20496 0.0221036
3.20871 0.0218176
3.20884 0.021946
3.21429 0.0233617
3.21804 0.0178677
3.21817 0.0220297
3.2183 0.0221581
3.22256 0.0223866
3.22628 0.0220735
3.23016 0.0219169
3.234 0.0217291
3.23804 0.0217379
3.24442 0.0240805
3.24823 0.0218444
3.2523 0.0218774
3.25621 0.0217553
3.26015 0.0216633
3.26028 0.0217917
3.26426 0.0217314
3.26823 0.021675
3.26836 0.0218034
3.2724 0.0218057
3.27253 0.0219341
3.27634 0.0217177
3.2832 0.0245399
3.28711 0.0223981
3.29102 0.0222731
3.29114 0.0224015
3.29505 0.0222765
3.29944 0.0226261
3.30258 0.0217337
3.30683 0.0219583
3.3109 0.0219873
3.31589 0.0229511
3.31602 0.0230795
3.31795 0.0177732
3.31984 0.0216813
3.31997 0.0218096
3.32394 0.0217503
3.32823 0.0220105
3.33403 0.0237763
3.33804 0.0217332
3.33817 0.0218616
3.34224 0.0218961
3.34621 0.0218363
3.35016 0.0217483
3.35426 0.0218174
3.3582 0.0217294
3.36224 0.0217352
3.36622 0.0216788
3.37234 0.0237636
3.37644 0.0218183
3.38061 0.0219501
3.38477 0.0220819
3.38919 0.0224675
3.39317 0.0224082
3.39657 0.0217726
3.40086 0.0220328
3.4048 0.0219379
3.40493 0.0220663
3.41091 0.0240177
3.41405 0.0211085
3.41806 0.0178841
3.41818 0.022046
3.42396 0.0237842
3.42837 0.022148
3.43203 0.0217692
3.43597 0.0216778
3.4361 0.0218061
3.44084 0.0225137
3.44436 0.0220065
3.44815 0.0217561
3.45238 0.0219565
3.45619 0.0217371
3.46232 0.0238283
3.46626 0.0217235
3.46639 0.0218519
3.47036 0.0217881
3.47466 0.0220473
3.47927 0.0226299
3.48273 0.022057
3.48696 0.0222515
3.491 0.0222549
3.49484 0.0220672
3.49497 0.0221956
3.50093 0.024122
3.50491 0.0220453
3.50885 0.0219539
3.51388 0.0229528
3.5183 0.0181245
3.51855 0.0224148
3.52278 0.0226088
3.52291 0.0227372
3.52624 0.0220388
3.53015 0.0219139
3.534 0.0217261
3.53798 0.0216727
3.54253 0.0221867
3.54624 0.0218701
3.5523 0.0238917
3.55621 0.0217528
3.56028 0.0217893
3.56419 0.0216667
3.56432 0.0217951
3.56829 0.0217347
3.57227 0.0216749
3.57239 0.0218033
3.57637 0.0217464
3.58086 0.0221977
3.58098 0.0223261
3.58553 0.0228401
3.59101 0.024284
3.59505 0.0222706
3.59905 0.0222384
3.60257 0.0217312
3.60696 0.0220842
3.61084 0.0219265
3.6159 0.0229566
3.61804 0.017872
3.61984 0.0216862
3.61997 0.0218146
3.62394 0.0217553
3.62817 0.0219493
3.63199 0.02173
3.63603 0.0217358
3.64212 0.0237934
3.64225 0.0239218
3.64635 0.0219736
3.65013 0.0217261
3.65026 0.0218545
3.65424 0.0217952
3.65821 0.0217383
3.66225 0.0217441
3.66623 0.0216877
3.6703 0.0217252
3.67428 0.0216688
3.68062 0.0239798
3.68479 0.0220948
3.68908 0.022352
3.69318 0.0224171
3.69657 0.0217815
3.7008 0.0219755
3.70477 0.0219117
3.70865 0.0217541
3.70878 0.0218825
3.71394 0.0230098
3.71804 0.0178659
3.71817 0.0220278
3.71829 0.0221562
3.72256 0.0223848
3.72586 0.0216509
3.7263 0.0220988
3.73198 0.0237367
3.7321 0.0238651
3.73614 0.0218502
3.74088 0.0225537
3.7444 0.0220465
3.74819 0.0217961
3.75235 0.0219303
3.7562 0.0217421
3.76024 0.0217514
3.76422 0.021695
3.77038 0.0238178
3.7747 0.0220913
3.77928 0.0226388
3.78274 0.0220659
3.7871 0.0223889
3.79101 0.0222639
3.79504 0.0222673
3.79936 0.0225546
3.80251 0.0216622
3.80891 0.0240349
3.81164 0.0207089
3.81176 0.0208373
3.81605 0.0210925
3.81804 0.0178692
3.82253 0.0243697
3.82625 0.0220398
3.82637 0.0221682
3.83009 0.0218521
3.83022 0.0219805
3.83394 0.0216644
3.83805 0.0217393
3.84208 0.0217428
3.84612 0.0217491
3.85007 0.0216611
3.8543 0.0218586
3.86029 0.0238174
3.86433 0.0218024
3.8683 0.0217421
3.87234 0.0217445
3.87246 0.0218729
3.87638 0.0217537
3.88054 0.0218855
3.88484 0.0221457
3.88875 0.0220208
3.89346 0.0226972
3.89922 0.024425
3.90262 0.0217726
3.90697 0.0220945
3.91129 0.0223848
3.91591 0.0229674
3.91795 0.0177776
3.91994 0.0217829
3.92391 0.0217207
3.92817 0.0219458
3.93198 0.0217264
3.93596 0.0216701
3.94083 0.0225095
3.94096 0.0226379
3.94442 0.0220639
3.95025 0.0238638
3.95423 0.0217877
3.95436 0.0219161
3.9582 0.0217308
3.96218 0.0216704
3.96231 0.0217988
3.96628 0.0217419
3.97032 0.0217483
3.9743 0.0216919
3.97895 0.0223056
3.98266 0.0219895
3.98279 0.0221179
3.98894 0.0242324
3.99317 0.0224131
3.99657 0.0217775
4.0008 0.0219715
4.00487 0.0220067
4.00499 0.022135
4.00871 0.0218139
4.0139 0.0229723
4.01803 0.0178596
4.01816 0.0220215
4.02249 0.0223157
4.02627 0.0220608
4.03024 0.0220015
4.03396 0.0216854
4.04088 0.0245716
4.0444 0.0220476
4.04825 0.0218623
4.05232 0.0218953
4.05626 0.0218043
4.06021 0.0217158
4.06421 0.0216871
4.06832 0.0217586
4.07226 0.0216706
4.07925 0.0246259
4.08259 0.0219108
4.0865 0.0217888
4.09085 0.0221112
4.09461 0.0218291
4.09898 0.0221736
4.09911 0.022302
4.10261 0.0217632
4.10687 0.0219902
4.11078 0.0218671
4.11091 0.0219955
4.1159 0.0229588
4.11802 0.0178471
4.11991 0.0217546
4.12388 0.0216953
4.13017 0.0239441
4.13401 0.0217356
4.13414 0.021864
4.13811 0.0218026
4.14215 0.021806
4.14615 0.0217773
4.15009 0.0216853
4.15022 0.0218137
4.15432 0.0218828
4.15817 0.0216975
4.16228 0.0217695
4.16827 0.0237328
4.1684 0.0238612
4.17244 0.0218468
4.17257 0.0219752
4.17635 0.0217237
4.17648 0.0218521
4.18064 0.0219839
4.18484 0.0221468
4.18913 0.0224041
4.19349 0.0227265
4.1965 0.0217057
4.20089 0.0220597
4.20691 0.0240506
4.21091 0.0220046
4.21406 0.0211122
4.21806 0.0178879
4.21999 0.0238472
4.22396 0.0217712
4.22831 0.0220896
4.232 0.0217419
4.23604 0.0217477
4.24084 0.0225214
4.24444 0.0220799
4.24815 0.0217633
4.25239 0.0219637
4.25826 0.0237986
4.2623 0.0217876
4.26627 0.0217273
4.2664 0.0218557
4.27027 0.0216946
4.2704 0.021823
4.27466 0.022051
4.27479 0.0221794
4.27896 0.0223141
4.28274 0.0220602
4.28715 0.0224459
4.29106 0.0223209
4.29658 0.0237993
4.30103 0.0222022
4.30493 0.0220722
4.30884 0.0219497
4.31388 0.0229486
4.314 0.023077
4.31829 0.0181202
4.31855 0.0224106
4.32255 0.0223823
4.32628 0.0220692
4.33012 0.0218815
4.33397 0.0216938
4.33807 0.0217647
4.34217 0.0218309
4.3423 0.0219593
4.34823 0.0238569
4.35239 0.0219704
4.35621 0.021751
4.36018 0.0216902
4.36031 0.0218186
4.36422 0.021692
4.36434 0.0218204
4.36826 0.0216979
4.37242 0.0218326
4.37634 0.0217135
4.38098 0.0223243
4.38701 0.0243133
4.39117 0.0224284
4.39508 0.0223034
4.39943 0.0226178
4.4027 0.0218538
4.40695 0.0220784
4.4109 0.021987
4.4158 0.0228535
4.41593 0.0229819
4.41826 0.0180924
4.41984 0.021681
4.41996 0.0218094
4.42394 0.02175
4.42823 0.0220102
4.43201 0.0217558
4.43807 0.0237808
4.4423 0.0219586
4.44624 0.0218676
4.44637 0.021996
4.45016 0.0217485
4.45426 0.0218176
4.45439 0.021946
4.45817 0.0216945
4.46227 0.0217665
4.46625 0.0217096
4.47029 0.021716
4.47635 0.0237415
4.47648 0.0238698
4.48064 0.0219849
4.48481 0.0221167
4.4891 0.0223739
4.4932 0.022443
4.4966 0.0218074
4.50089 0.0220641
4.50492 0.0220625
4.50864 0.0217454
4.50877 0.0218738
4.51396 0.0230322
4.51806 0.0178883
4.51819 0.0220502
4.52255 0.0223761
4.52818 0.0239784
4.53203 0.0217734
4.53216 0.0219018
4.53614 0.0218454
4.54088 0.022553
4.5444 0.0220458
4.54809 0.0216981
4.54822 0.0218264
4.55235 0.0219296
4.55623 0.0217724
4.56027 0.0217817
4.56627 0.023745
4.5664 0.0238734
4.57037 0.0217928
4.57434 0.0217364
4.57925 0.0226035
4.58315 0.0224785
4.58706 0.0223535
4.591 0.0222597
4.59504 0.0222631
4.59936 0.0225544
4.60523 0.0243829
4.60885 0.0219557
4.61157 0.0206465
4.6183 0.0181262
4.61856 0.0235949
4.62317 0.0229963
4.62625 0.0220411
4.62638 0.0221695
4.63012 0.0218811
4.63397 0.0216934
4.63801 0.0217021
4.64243 0.0220878
4.64637 0.0219968
4.65012 0.0217143
4.65621 0.0237719
4.66028 0.0217916
4.66432 0.0217934
4.66832 0.0217602
4.67245 0.0218598
4.6764 0.0217718
4.68082 0.022157
4.68485 0.0221604
4.68876 0.0220354
4.69501 0.0242496
4.69939 0.0225823
4.69952 0.0227107
4.70266 0.0218184
4.70695 0.0220775
4.71128 0.0223678
4.71592 0.0229775
4.71826 0.018088
4.71993 0.0217739
4.72397 0.0217773
4.72819 0.0219713
4.73201 0.021752
4.73605 0.0217578
4.74092 0.0225972
4.74624 0.023884
4.74637 0.0240124
4.75025 0.0218414
4.75435 0.0219105
4.75823 0.0217563
4.7622 0.021696
4.76233 0.0218243
4.76625 0.0217052
4.77032 0.0217427
4.77429 0.0216863
4.77856 0.0219143
4.78471 0.0240318
4.789 0.0222723
4.79319 0.0224347
4.79659 0.0217991
4.80095 0.0221214
4.80485 0.0219915
4.80876 0.0218649
4.81395 0.0230233
4.81831 0.0181328
4.81856 0.0224231
4.82305 0.0228744
4.8259 0.0216931
4.82635 0.022141
4.83026 0.022016
4.83605 0.0237813
4.84102 0.0226938
4.84448 0.0221204
4.84813 0.0217416
4.84826 0.0218699
4.85242 0.0220002
4.85621 0.0217498
4.86025 0.021759
4.86435 0.0218276
4.86833 0.0217712
4.87433 0.0237345
4.87477 0.0241824
4.87926 0.0226159
4.88317 0.0224909
4.88707 0.0223659
4.89111 0.0223693
4.89489 0.022116
4.89502 0.0222444
4.89906 0.0222473
4.90258 0.02174
4.90685 0.0219686
4.91162 0.0227102
4.91594 0.0209837
4.91806 0.0178888
4.91992 0.0217652
4.92633 0.0241384
4.93017 0.0219339
4.93398 0.0217111
4.93411 0.0218395
4.93806 0.021751
4.94213 0.0217855
4.94613 0.0217568
4.95017 0.0217621
4.95427 0.0218311
4.9544 0.0219595
4.95819 0.021712
4.96425 0.0237381
4.96437 0.0238665
4.96841 0.0218515
4.96854 0.0219799
4.97245 0.0218539
4.97632 0.0216997
4.97645 0.0218281
4.98062 0.0219599
4.98481 0.0221228
4.98879 0.0220606
4.99347 0.0227059
4.99648 0.0216851
5.00263 0.0238021
5.00696 0.0220853
5.01132 0.0224066
5.016 0.0230549
5.01801 0.017838
5.01994 0.0217806
5.02394 0.0217519
5.02407 0.0218803
5.0282 0.021977
5.03211 0.0218549
5.03609 0.0217985
5.04083 0.0225096
5.04433 0.0219707
5.04446 0.0220991
5.04814 0.0217504
5.05433 0.0239048
5.0583 0.0218271
5.06231 0.0217974
5.06631 0.0217721
5.07038 0.021809
5.07433 0.0217205
5.07853 0.0218853
5.0827 0.02202
5.08638 0.0216723
5.08651 0.0218007
5.09317 0.0244272
5.0965 0.0217111
5.09663 0.0218395
5.10063 0.0218078
5.10466 0.0218046
5.10479 0.021933
5.10867 0.0217788
5.1088 0.0219072
5.11393 0.0230034
5.11803 0.017859
5.11816 0.0220209
5.11829 0.0221493
5.1228 0.0226312
5.12627 0.0220613
5.13011 0.0218736
5.13399 0.021717
5.13809 0.0217879
5.14447 0.0241305
5.14825 0.0218633
5.15239 0.0219625
5.15617 0.021712
5.1563 0.0218404
5.16031 0.0218146
5.16425 0.0217232
5.16829 0.021729
5.17242 0.0218287
5.17255 0.021957
5.17637 0.0217407
5.18312 0.0244655
5.18389 0.0252329
5.18716 0.0224521
5.19116 0.0224205
5.19507 0.0222955
5.19945 0.022641
5.20259 0.0217486
5.20272 0.021877
5.20688 0.0220038
5.20701 0.0221322
5.21094 0.0220328
5.21581 0.0228688
5.21594 0.0229971
5.21802 0.0178504
5.21991 0.0217579
5.22389 0.0216986
5.22831 0.0220872
5.23395 0.0236935
5.23408 0.0238219
5.23802 0.0217086
5.23814 0.021837
5.24218 0.0218404
5.24619 0.0218117
5.25022 0.021817
5.25433 0.0218861
5.25824 0.021763
5.26228 0.0217688
5.26625 0.0217124
5.27244 0.0238634
5.27641 0.0217857
5.2807 0.0220459
5.28487 0.0221777
5.28929 0.0225634
5.29345 0.0226952
5.2966 0.0218028
5.30089 0.022063
5.3048 0.021937
5.30493 0.0220653
5.31091 0.0240167
5.31408 0.0211387
5.31828 0.0181054
5.31841 0.0222673
5.31853 0.0223957
5.32398 0.0238114
5.32855 0.0223313
5.32868 0.0224597
5.33211 0.0218552
5.33599 0.0216976
5.33612 0.021826
5.34089 0.0225681
5.34442 0.0220609
5.34813 0.0217442
5.3524 0.0219757
5.35621 0.0217564
5.36228 0.0237854
5.36625 0.0217122
5.36638 0.0218406
5.37035 0.0217768
5.37433 0.0217204
5.37478 0.0221683
5.37926 0.0226226
5.38276 0.0220808
5.38698 0.0222753
5.39115 0.0224071
5.39487 0.022091
5.395 0.0222194
5.40095 0.0241418
5.40495 0.0220923
5.40883 0.0219386
5.41418 0.023257
5.41803 0.0178604
5.41848 0.0223418
5.41861 0.0224702
5.42281 0.0226331
5.42627 0.0220631
5.43011 0.0218754
5.43396 0.0216877
5.43409 0.0218161
5.43807 0.0217587
5.44255 0.02221
5.44627 0.0218934
5.45242 0.0240122
5.45623 0.0217761
5.46027 0.0217814
5.46427 0.0217487
5.46831 0.0217545
5.46844 0.0218829
5.47238 0.021792
5.47633 0.021704
5.48094 0.0222837
5.48485 0.0221587
5.49103 0.0243072
5.49507 0.0222939
5.49939 0.0225812
5.50266 0.0218172
5.50692 0.0220452
5.50705 0.0221736
5.51086 0.0219498
5.51131 0.0223977
5.51592 0.0229758
5.51797 0.017798
5.51996 0.0218033
5.524 0.0218067
5.52813 0.0219034
5.53204 0.0217814
5.53608 0.0217872
5.54217 0.0238449
5.5423 0.0239733
5.54636 0.02199
5.55015 0.0217425
5.55028 0.0218708
5.55425 0.0218115
5.55822 0.0217507
5.56223 0.0217254
5.56631 0.0217658
5.57035 0.0217721
5.57432 0.0217157
5.58067 0.0240267
5.58483 0.0221417
5.58912 0.022399
5.59319 0.022433
5.59659 0.0217974
5.60085 0.0220225
5.60482 0.0219626
5.60879 0.0218983
5.61392 0.0229905
5.61827 0.0181
5.61853 0.0223903
5.62269 0.0225221
5.6259 0.0216909
5.62634 0.0221388
5.63198 0.0237456
5.63606 0.0217658
5.64086 0.0225355
5.64448 0.0221251
5.64814 0.0217463
5.64826 0.0218747
5.6524 0.0219778
5.65625 0.0217895
5.66025 0.0217637
5.6642 0.0216728
5.66433 0.0218012
5.67035 0.0237956
5.67433 0.0217224
5.67478 0.0221703
5.67926 0.0226206
5.68317 0.0224956
5.68727 0.0225618
5.69105 0.0223084
5.69509 0.0223118
5.69941 0.0226031
5.70255 0.0217107
5.70889 0.0240167
5.71168 0.0207529
5.71597 0.0210126
5.71828 0.0181088
5.7227 0.0245477
5.7263 0.0220894
5.73014 0.0219016
5.73402 0.021745
5.73803 0.0217227
5.73816 0.0218511
5.74219 0.0218545
5.74617 0.0217947
5.75011 0.0217067
5.75434 0.0219041
5.76028 0.0238047
5.76438 0.0218565
5.76839 0.0218272
5.77236 0.0217674
5.7764 0.0217767
5.78057 0.0219085
5.78486 0.0221687
5.78877 0.0220437
5.79335 0.0225917
5.79914 0.0243506
5.80267 0.0218266
5.80693 0.0220552
5.81129 0.0223766
5.81597 0.0230249
5.81802 0.017843
5.81994 0.0217856
5.82388 0.0216878
5.82401 0.0218162
5.8282 0.0219791
5.83202 0.0217597
5.83606 0.0217656
5.84092 0.0226015
5.84432 0.0219654
5.84445 0.0220938
5.85022 0.0238274
5.85432 0.0218797
5.85829 0.0218189
5.8622 0.0216963
5.86233 0.0218247
5.86631 0.0217643
5.87035 0.0217707
5.87435 0.0217454
5.87858 0.0219423
5.87903 0.0223902
5.88275 0.0220741
5.88903 0.024317
5.89358 0.0228172
5.89659 0.0217965
5.90088 0.0220566
5.90485 0.0219889
5.90498 0.0221173
5.90872 0.0218272
5.91417 0.0232429
5.91805 0.0178774
5.91818 0.0220393
5.91831 0.0221677
5.92292 0.0227474
5.92305 0.0228758
5.9259 0.0216945
5.93019 0.0219547
5.93397 0.0217008
5.94086 0.0245559
5.94445 0.0220976
5.94814 0.0217498
5.94827 0.0218782
5.95244 0.0220124
5.95622 0.021762
5.96026 0.0217713
5.96424 0.0217115
5.9684 0.0218457
5.97247 0.0218831
5.97856 0.0239397
5.98388 0.0232044
5.98702 0.022312
5.98715 0.0224404
5.99118 0.0224398
5.99509 0.0223149
5.99931 0.0225049
5.99944 0.0226333
6.00258 0.0217409
6.00688 0.0220019
6.01085 0.0219416
6.01582 0.0228743
6.01595 0.0230027
6.01806 0.017891
6.01992 0.0217674
6.02396 0.0217738
6.03012 0.0238941
6.03412 0.0218452
6.03803 0.0217216
6.03816 0.02185
6.04219 0.0218534
6.0461 0.0217308
6.04623 0.0218592
6.05014 0.0217356
6.05425 0.0218047
6.05822 0.0217478
6.0623 0.0217881
6.06832 0.0237826
6.07233 0.021736
6.07246 0.0218644
6.07646 0.0218381
6.08062 0.0219654
6.08456 0.0218705
6.08895 0.022224
6.09318 0.0224209
6.09651 0.0217216
6.10061 0.0217872
6.10699 0.0241267
6.11128 0.0223685
6.1141 0.0211566
6.11798 0.0178073
6.11984 0.023701
6.11997 0.0238294
6.12401 0.0218161
6.12832 0.0220994
6.13207 0.0218139
6.13608 0.0217886
6.14089 0.0225624
6.14444 0.0220862
6.14825 0.0218629
6.15239 0.0219661
6.15819 0.0237348
6.15832 0.0238632
6.16229 0.021786
6.16627 0.0217257
6.1664 0.0218541
6.1704 0.0218253
6.17479 0.0221818
6.17857 0.0219308
6.18277 0.0220937
6.18719 0.0224794
6.19097 0.022226
6.19661 0.0238328
6.2009 0.0220762
6.20497 0.0221057
6.20884 0.0219481
6.21397 0.0230443
6.21801 0.0178342
6.21858 0.0224441
6.22259 0.0224159
6.22627 0.0220676
6.23018 0.0219426
6.23403 0.0217549
6.2381 0.0217948
6.2422 0.0218609
6.24233 0.0219893
6.24816 0.0237897
6.25242 0.0220004
6.25624 0.0217811
6.26022 0.0217242
6.26034 0.0218526
6.26428 0.0217577
6.26441 0.0218861
6.26835 0.0217946
6.27245 0.0218632
6.2764 0.0217751
6.28089 0.0222265
6.28101 0.0223548
6.28704 0.0243439
6.29107 0.0223305
6.2912 0.0224589
6.29511 0.0223339
6.29943 0.0226173
6.3027 0.0218533
6.30695 0.0220774
6.31089 0.0219819
6.31582 0.0228796
6.318 0.0178301
6.31996 0.0218038
6.324 0.0218072
6.32816 0.021939
6.32829 0.0220674
6.33204 0.0217819
6.33813 0.023838
6.34239 0.0220468
6.34617 0.0217964
6.3463 0.0219248
6.35021 0.0218057
6.35432 0.0218748
6.35829 0.0218179
6.3623 0.0217926
6.36628 0.0217362
6.37025 0.0216764
6.37038 0.0218048
6.37644 0.0238303
6.38095 0.0222959
6.38486 0.0221709
6.38915 0.0224282
6.39345 0.0226884
6.39358 0.0228168
6.39659 0.021796
6.40079 0.0219589
6.40495 0.0220896
6.40867 0.0217725
6.40879 0.0219009
6.41418 0.0232504
6.41831 0.0181382
6.41844 0.0223001
6.41857 0.0224285
6.42273 0.0225603
6.4283 0.0240964
6.43209 0.0218292
6.43612 0.0218311
6.44086 0.0225386
6.44445 0.0220971
6.44814 0.0217494
6.44827 0.0218778
6.45237 0.0219458
6.45625 0.0217887
6.46029 0.0217979
6.46625 0.0237301
6.46638 0.0238585
6.47035 0.021778
6.47478 0.0221695
6.47859 0.0219496
6.47936 0.022717
6.48314 0.0224636
6.48705 0.0223387
6.49064 0.0218942
6.49108 0.0223421
6.49499 0.0222171
6.49941 0.0226017
6.50495 0.0241067
6.50893 0.0220336
6.51162 0.0206933
6.51828 0.0181108
6.51841 0.0234511
6.51854 0.0235795
6.52283 0.0226613
6.5263 0.0220914
6.53014 0.0219037
6.53399 0.021716
6.5381 0.0217909
6.5422 0.0218571
6.5463 0.0219256
6.55015 0.0217403
6.55624 0.023798
6.56028 0.0217865
6.56438 0.0218511
6.56834 0.0217868
6.57248 0.0218864
6.57636 0.0217322
6.58084 0.0221835
6.58488 0.022187
6.58898 0.0222531
6.58911 0.0223815
6.59497 0.0242105
6.59941 0.0226055
6.60268 0.0218415
6.60694 0.0220661
6.60707 0.0221945
6.6113 0.0223874
6.61594 0.0229972
6.61799 0.0178153
6.61985 0.0216918
6.61998 0.0218202
6.62388 0.0216952
6.62401 0.0218236
6.62821 0.0219865
6.63205 0.0217983
6.63597 0.0216757
6.63609 0.0218041
6.64084 0.0225151
6.64097 0.0226435
6.64619 0.023833
6.65016 0.0217554
6.65427 0.0218244
6.65824 0.0217635
6.66234 0.0218316
6.66632 0.0217752
6.67026 0.0216843
6.67039 0.0218126
6.67433 0.0217212
6.67859 0.0219492
6.68474 0.0240667
6.68903 0.0223072
6.69352 0.0227579
6.69666 0.0218656
6.70095 0.0221258
6.70489 0.0220269
6.70879 0.0219003
6.71418 0.0232498
6.71803 0.0178532
6.71847 0.0223346
6.7186 0.022463
6.72258 0.0224037
6.72594 0.021732
6.73017 0.0219265
6.736 0.0237268
6.73613 0.0238552
6.74099 0.0226704
6.74439 0.0220343
6.74452 0.0221627
6.74827 0.0218772
6.75234 0.0219141
6.75625 0.0217921
6.76016 0.021673
6.76029 0.0218014
6.76439 0.0218699
6.76831 0.0217473
6.77436 0.0237728
6.77859 0.021949
6.77936 0.0227165
6.78314 0.0224631
6.78391 0.0232305
6.78705 0.0223381
6.78718 0.0224665
6.79108 0.0223415
6.79499 0.0222165
6.79941 0.0226011
6.80255 0.0217087
6.80268 0.0218371
6.80681 0.0219368
6.81165 0.0227406
6.81597 0.0210141
6.81828 0.0181103
6.81995 0.0217961
6.8263 0.0241076
6.83014 0.0219031
6.83399 0.0217154
6.83813 0.0218215
6.84223 0.0218876
6.84617 0.0217967
6.85018 0.0217709
6.85428 0.0218399
6.85441 0.0219683
6.85819 0.0217169
6.86435 0.0238402
6.86841 0.0218564
6.86854 0.0219847
6.87245 0.0218587
6.87642 0.0217979
6.88094 0.0222803
6.88485 0.0221553
6.88914 0.0224125
6.89343 0.0226727
6.89657 0.0217803
6.90266 0.0238351
6.90696 0.0220814
6.91129 0.0223756
6.9159 0.0229583
6.91801 0.0178386
6.91994 0.0217812
6.92391 0.0217219
6.9282 0.0219781
6.93205 0.0217899
6.93217 0.0219183
6.93599 0.0216984
6.93612 0.0218268
6.94086 0.0225379
6.94432 0.0219679
6.94445 0.0220963
6.94823 0.0218419
6.95432 0.023899
6.9582 0.0217241
6.95833 0.0218525
6.9623 0.0217921
6.96631 0.0217669
6.97028 0.021707
6.97041 0.0218354
6.97432 0.0217128
6.97862 0.021976
6.98278 0.0221078
6.9872 0.0224934
6.99319 0.0244508
6.99659 0.0217985
7.00088 0.0220587
7.00518 0.0223163
7.00883 0.021937
7.01396 0.0230332
7.01806 0.0178853
7.01819 0.0220473
7.02216 0.0219869
7.02594 0.021732
7.03017 0.0219265
7.03401 0.0217388
7.03799 0.0216814
7.03812 0.0218098
7.04436 0.024024
7.04449 0.0241524
7.04818 0.0217908
7.05241 0.0219872
7.05619 0.0217368
7.06027 0.0217767
7.06421 0.0216857
7.06434 0.0218141
7.06832 0.0217577
7.07235 0.021763
7.07637 0.0217407
7.08267 0.0240161
7.08652 0.0218111
7.09056 0.021814
7.09456 0.0217852
7.09945 0.0226438
7.10263 0.0217855
7.10698 0.0221058
7.11096 0.0220449
7.11592 0.0229771
7.11806 0.0178926
7.11996 0.0218001
7.12399 0.0218035
7.12829 0.0220637
7.13399 0.0237322
7.13803 0.0217202
7.14245 0.0221059
7.14257 0.0222342
7.14623 0.0218554
7.15021 0.0217985
7.15431 0.0218676
7.15825 0.0217756
7.16219 0.0216842
7.16232 0.0218125
7.16629 0.0217522
7.17241 0.023837
7.17639 0.0217633
7.18068 0.0220235
7.18081 0.0221519
7.18485 0.0221553
7.18914 0.0224125
7.18927 0.0225409
7.19343 0.0226727
7.19657 0.0217803
7.20093 0.0221033
7.20487 0.0220083
7.205 0.0221367
7.21089 0.0239948
7.21409 0.0211479
7.21832 0.0181457
7.21845 0.0223076
7.21857 0.022436
7.2239 0.0237233
7.22837 0.0221494
7.23203 0.0217706
7.23216 0.0218989
7.236 0.0217102
7.23613 0.0218386
7.24094 0.0226123
7.24436 0.0220078
7.24449 0.0221362
7.24815 0.0217574
7.25241 0.0219889
7.25626 0.0218007
7.26229 0.0237946
7.26629 0.0217485
7.27039 0.0218131
7.27436 0.0217567
7.27481 0.0222046
7.2786 0.0219537
7.27936 0.0227211
7.2827 0.0220198
7.28282 0.0221482
7.28705 0.0223427
7.29109 0.0223461
7.29525 0.0224779
7.30089 0.0240813
7.30518 0.0223202
7.30883 0.0219409
7.31396 0.0230371
7.31832 0.0181465
7.31858 0.0224369
7.32274 0.0225686
7.32287 0.022697
7.3263 0.022092
7.33014 0.0219043
7.33402 0.0217477
7.338 0.0216903
7.33813 0.0218187
7.34222 0.0218848
7.34235 0.0220132
7.34642 0.0220507
7.35226 0.0238505
7.35626 0.021805
7.3603 0.0218063
7.3643 0.0217776
7.36834 0.0217794
7.37241 0.0218169
7.37638 0.021756
7.38099 0.0223357
7.38477 0.0220823
7.39108 0.0243593
7.39512 0.0223459
7.39944 0.0226293
7.40258 0.0217369
7.40271 0.0218653
7.40693 0.0220582
7.41132 0.0224107
7.41584 0.0228915
7.41801 0.017842
7.41984 0.0216874
7.41997 0.0218158
7.42388 0.0216908
7.42401 0.0218192
7.42817 0.021947
7.43208 0.021825
7.43609 0.0217997
7.44221 0.0238884
7.44641 0.0220335
7.45022 0.0218171
7.45433 0.0218862
7.45824 0.0217631
7.46221 0.0217067
7.46234 0.0218351
7.46632 0.0217748
7.47026 0.0216838
7.47039 0.0218122
7.47436 0.0217519
7.48067 0.0240317
7.48484 0.0221468
7.48913 0.022404
7.49355 0.0227886
7.49656 0.0217679
7.49669 0.0218962
7.50073 0.0218997
7.50085 0.022028
7.50486 0.0219993
7.5087 0.0218066
7.51395 0.0230272
7.51831 0.0181367
7.51844 0.0222986
7.51857 0.022427
7.52273 0.0225588
7.52593 0.0217276
7.53202 0.0237823
7.53609 0.0218024
7.54086 0.0225371
7.54439 0.0220294
7.54451 0.0221578
7.54817 0.021779
7.55231 0.0218821
7.55615 0.0216938
7.55628 0.0218222
7.56019 0.0216991
7.56032 0.0218275
7.56429 0.0217637
7.57035 0.0237892
7.57435 0.0217432
7.5748 0.0221911
7.57858 0.0219402
7.58313 0.0224542
7.58704 0.0223292
7.59108 0.0223326
7.59501 0.0222387
7.59943 0.0226233
7.60257 0.021731
7.60888 0.0240058
7.61158 0.0206488
7.616 0.0210368
7.61802 0.0178446
7.6227 0.0245403
7.62629 0.0220819
7.63013 0.0218942
7.63404 0.0217687
7.63812 0.0218086
7.64221 0.0218747
7.64619 0.0218149
7.65017 0.021758
7.65427 0.0218271
7.6544 0.0219555
7.66026 0.0237899
7.6644 0.0218727
7.66843 0.0218746
7.67237 0.0217797
7.6725 0.0219081
7.67638 0.0217539
7.67651 0.0218823
7.68067 0.0220141
7.68487 0.022177
7.6891 0.0223715
7.69339 0.0226317
7.69918 0.0243906
7.70258 0.0217382
7.70271 0.0218666
7.70694 0.0220641
7.7113 0.0223854
7.71581 0.0228708
7.71805 0.0178795
7.71985 0.0216937
7.71998 0.0218221
7.72388 0.0216932
7.72401 0.0218215
7.72821 0.0219844
7.73205 0.0217962
7.73609 0.021802
7.74087 0.0225442
7.741 0.0226726
7.74436 0.0220014
7.74449 0.0221298
7.75009 0.0237039
7.75022 0.0238323
7.75436 0.0219157
7.75823 0.0217575
7.76234 0.0218296
7.76631 0.0217732
7.77035 0.0217795
7.77436 0.0217542
7.77859 0.0219512
7.77904 0.0223991
7.78279 0.0221141
7.78907 0.024357
7.79352 0.0227599
7.79653 0.0217391
7.79666 0.0218675
7.80083 0.0219993
7.80095 0.0221277
7.80486 0.0219977
7.80873 0.0218361
7.81418 0.0232518
7.81802 0.0178511
7.81847 0.0223326
7.8186 0.022461
7.82216 0.0219848
7.82261 0.0224327
7.82594 0.0217299
7.83023 0.0219901
7.83401 0.0217362
7.84087 0.0245602
7.84446 0.0221019
7.84814 0.0217542
7.85231 0.0218884
7.85244 0.0220168
7.85622 0.0217664
7.8603 0.0218067
7.86427 0.0217469
7.86844 0.0218811
7.87247 0.0218835
7.8793 0.0246764
7.88321 0.0225347
7.88712 0.0224097
7.89106 0.0223158
7.89497 0.0221908
7.8951 0.0223192
7.89935 0.0225364
7.89947 0.0226648
7.90262 0.0217724
7.90694 0.0220626
7.91085 0.0219401
7.91588 0.0229355
7.91806 0.017886
7.91995 0.0217936
7.92399 0.021797
7.93017 0.0219317
7.93411 0.0218373
7.93802 0.0217137
7.93815 0.0218421
7.94244 0.0220993
7.94619 0.0218138
7.95013 0.0217258
7.95427 0.021826
7.95824 0.0217691
7.96225 0.0217438
7.96824 0.0237037
7.96837 0.023832
7.97247 0.0218799
7.97638 0.0217568
7.97651 0.0218852
7.98068 0.022017
7.98484 0.0221488
7.98913 0.022406
7.99339 0.0226311
7.99653 0.0217387
8.00082 0.0219955
8.00095 0.0221239
8.00688 0.0240236
8.00701 0.024152
8.01098 0.0220748
8.014 0.0210541
8.018 0.0178297
8.01986 0.0237234
8.024 0.0218068
8.02822 0.0219929
8.03196 0.0217074
8.03209 0.0218357
8.03607 0.0217754
8.04074 0.0224202
8.04087 0.0225486
8.04437 0.0220098
8.04449 0.0221382
8.04815 0.0217583
8.05238 0.0219547
8.05818 0.0237235
8.06231 0.0218053
8.06629 0.021745
8.07039 0.0218135
8.07433 0.021725
8.07446 0.0218534
8.07866 0.0220182
8.08257 0.0218922
8.0827 0.0220205
8.08651 0.0218012
8.09045 0.0217068
8.0909 0.0221547
8.09657 0.0237906
8.1006 0.0217772
8.10466 0.0218051
8.10867 0.0217754
8.11396 0.0230311
8.11831 0.01814
8.11857 0.0224303
8.12309 0.0229127
8.12597 0.0217665
8.1302 0.021961
8.13405 0.0217733
8.13812 0.0218132
8.14254 0.0221988
8.14267 0.0223272
8.14821 0.0218229
8.15244 0.0220114
8.15628 0.0218232
8.16032 0.0218324
8.16427 0.0217415
8.16837 0.0218135
8.1725 0.0219132
8.17642 0.0217941
8.18103 0.0223737
8.18661 0.0239149
8.19109 0.0223494
8.195 0.0222245
8.19513 0.0223528
8.19935 0.0225389
8.19948 0.0226673
8.20262 0.0217749
8.20697 0.0220963
8.21133 0.0224176
8.21585 0.022903
8.21803 0.0178535
8.21985 0.0216988
8.21998 0.0218272
8.22389 0.0217022
8.22402 0.0218306
8.22822 0.0219935
8.22834 0.0221219
8.23402 0.0237593
8.23812 0.0218095
8.24222 0.0218757
8.24622 0.0218469
8.25026 0.0218522
8.25436 0.0219213
8.25824 0.0217671
8.26221 0.0217068
8.26234 0.0218352
8.26632 0.0217748
8.27029 0.021715
8.27042 0.0218434
8.27641 0.0238027
8.2807 0.0220461
8.28487 0.0221779
8.28916 0.0224352
8.29345 0.0226953
8.29358 0.0228237
8.2966 0.021803
8.30082 0.021997
8.30489 0.0220304
8.3087 0.0218106
8.31393 0.0230001
8.31406 0.0231285
8.31831 0.0181407
8.31844 0.0223026
8.31857 0.022431
8.32389 0.0237183
8.3284 0.0221755
8.33205 0.0217966
8.33612 0.0218336
8.3408 0.0224789
8.34093 0.0226073
8.34446 0.0221001
8.34814 0.0217524
8.35238 0.0219528
8.35629 0.0218307
8.36023 0.0217427
8.36626 0.0217164
8.37039 0.0218121
8.37435 0.0217438
8.37935 0.0227081
8.38281 0.0221352
8.38704 0.0223298
8.39063 0.0218853
8.39511 0.0223366
8.39524 0.022465
8.39899 0.02218
8.39912 0.0223084
8.40507 0.0242302
8.4052 0.0243586
8.40886 0.0219625
8.41399 0.0230587
8.41802 0.0178486
8.41847 0.02233
8.4186 0.0224584
8.42276 0.0225902
8.42591 0.0217008
8.42635 0.0221487
8.43023 0.0219921
8.43408 0.0218044
8.43812 0.0218131
8.44254 0.0221988
8.44632 0.0219444
8.45234 0.0239348
8.45628 0.0218231
8.46031 0.0218205
8.46428 0.0217567
8.46441 0.021885
8.46835 0.0217936
8.47239 0.0217999
8.47252 0.0219283
8.47633 0.021708
8.47646 0.0218363
8.48095 0.0222876
8.48473 0.0220343
8.48902 0.0222915
8.48915 0.0224199
8.49498 0.0242179
8.49945 0.0226439
8.50259 0.0217515
8.50695 0.0220729
8.51134 0.0224254
8.51585 0.0229107
8.51803 0.0178612
8.51986 0.0217065
8.51999 0.0218349
8.5239 0.0217099
8.52403 0.0218383
8.52822 0.0219973
8.53207 0.021809
8.5361 0.0218149
8.54229 0.0239663
8.54642 0.0220492
8.55021 0.0218017
8.55434 0.0219019
8.55822 0.0217477
8.5622 0.0216913
8.56233 0.0218197
8.5663 0.0217634
8.57028 0.0217035
8.57041 0.0218319
8.57438 0.0217755
8.57858 0.0219414
8.57903 0.0223893
8.58473 0.022042
8.58902 0.0222993
8.59341 0.0226528
8.59655 0.0217604
8.60085 0.0220206
8.60475 0.0218946
8.60488 0.022023
8.6086 0.0217019
8.60872 0.0218302
8.61395 0.0230197
8.61801 0.0178408
8.61846 0.0223222
8.61859 0.0224506
8.62275 0.0225824
8.62596 0.0217512
8.63205 0.0238059
8.63612 0.0218261
8.64088 0.0225608
8.64451 0.0221503
8.64816 0.0217715
8.65233 0.0219057
8.65627 0.0218148
8.66021 0.0217228
8.66034 0.0218512
8.66428 0.0217603
8.67037 0.0238129
8.67434 0.0217358
8.67934 0.0227001
8.6828 0.0221272
8.68703 0.0223218
8.69107 0.0223252
8.69504 0.0222624
8.69946 0.022647
8.7026 0.0217546
8.70689 0.0220138
8.71157 0.0226581
8.71602 0.0210605
8.71801 0.0178372
8.72272 0.0245639
8.72631 0.0221056
8.73016 0.0219179
8.734 0.0217302
8.73805 0.0217389
8.74246 0.0221246
8.74621 0.0218391
8.75019 0.0217822
8.75429 0.0218512
8.76023 0.0237518
8.76035 0.0238802
8.76442 0.0218929
8.76842 0.0218637
8.77246 0.0218661
8.77637 0.021747
8.78086 0.0221983
8.78489 0.0222017
8.78899 0.0222678
8.78912 0.0223962
8.79341 0.0226524
8.79655 0.02176
8.80264 0.021798
8.80697 0.0220922
8.81129 0.0223825
8.81585 0.0229024
8.81802 0.0178489
8.81995 0.0217915
8.82398 0.0217949
8.82821 0.0219889
8.83196 0.0217034
8.83209 0.0218318
8.836 0.0217092
8.83613 0.0218376
8.84093 0.0226114
8.84433 0.0219758
8.84446 0.0221042
8.8502 0.0238107
8.8543 0.021863
8.85824 0.021767
8.86231 0.021804
8.86629 0.0217476
8.87039 0.0218161
8.8744 0.0217909
8.87933 0.022693
8.8828 0.0221201
8.88907 0.024363
8.8934 0.0226375
8.89353 0.0227659
8.89654 0.0217451
8.90083 0.0220053
8.90486 0.0220037
8.90874 0.0218421
8.91422 0.0232889
8.91803 0.0178572
8.91848 0.0223386
8.91861 0.022467
8.92216 0.0219909
8.92261 0.0224388
8.92594 0.021736
8.93014 0.0218989
8.93405 0.0217734
8.94087 0.0245663
8.94453 0.0221707
8.94815 0.0217568
8.95231 0.021891
8.95623 0.0217689
8.9602 0.021712
8.96033 0.0218404
8.96431 0.0217806
8.96847 0.0219108
8.9725 0.0219132
8.97866 0.024036
8.98385 0.0231723
8.98699 0.0222799
8.98712 0.0224083
8.99109 0.0223455
8.995 0.0222205
8.99925 0.0224377
8.99938 0.0225661
9.00265 0.0218021
9.00685 0.0219701
9.00698 0.0220985
9.01088 0.021972
9.01591 0.0229669
9.01803 0.0178552
9.01998 0.0218249
9.02395 0.0217656
9.03011 0.023886
9.03024 0.0240144
9.03415 0.0218721
9.03815 0.0218418
9.04225 0.021908
9.04613 0.0217543
9.05017 0.0217596
9.0544 0.0219571
9.05828 0.0218029
9.06228 0.0217771
9.06831 0.023764
9.07234 0.0217486
9.07247 0.021877
9.07637 0.0217494
9.0765 0.0218778
9.08057 0.0219118
9.08454 0.021852
9.08903 0.0223028
9.0932 0.0224375
9.09657 0.0217732
9.1006 0.0217766
9.10457 0.0217152
9.1047 0.0218436
9.11088 0.0219723
9.11434 0.0213994
9.11832 0.0181439
9.11986 0.0237181
9.12389 0.0217048
9.12402 0.0218331
9.12821 0.0219881
9.13199 0.0217377
9.13212 0.0218661
9.13606 0.0217746
9.14081 0.0224856
9.14446 0.0221068
9.14818 0.0217902
9.15241 0.0219906
9.15828 0.0238255
9.16232 0.0218106
9.16629 0.0217502
9.17036 0.0217837
9.1744 0.0217895
9.17933 0.0226917
9.18279 0.0221188
9.18721 0.0225044
9.19099 0.022251
9.19651 0.0237295
9.19663 0.0238579
9.20086 0.0220351
9.20521 0.022353
9.20874 0.0218453
9.21396 0.0230348
9.21806 0.0178869
9.21819 0.0220489
9.21832 0.0221772
9.22274 0.0225658
9.22598 0.0217697
9.2302 0.0219642
9.23405 0.0217765
9.23803 0.0217191
9.23815 0.0218475
9.24225 0.0219136
9.24238 0.022042
9.24812 0.0237451
9.25241 0.021983
9.25625 0.0217947
9.26033 0.0218351
9.26427 0.0217442
9.2644 0.0218726
9.26837 0.0218162
9.27254 0.0219509
9.27632 0.0216994
9.27645 0.0218278
9.281 0.0223413
9.28702 0.0243304
9.29074 0.0219975
9.2951 0.0223204
9.29938 0.0225727
9.30265 0.0218087
9.30688 0.0220017
9.31133 0.0224203
9.31585 0.0229057
9.31806 0.0178873
9.31989 0.0217326
9.32002 0.021861
9.32393 0.021736
9.32405 0.0218644
9.32825 0.0220273
9.33209 0.0218351
9.33812 0.023829
9.3426 0.0222635
9.34273 0.0223919
9.34626 0.0218847
9.35027 0.0218589
9.35437 0.021928
9.35819 0.0217116
9.35831 0.02184
9.36226 0.0217485
9.36633 0.0217854
9.3703 0.0217256
9.37043 0.021854
9.37642 0.0238133
9.38103 0.0223762
9.38481 0.0221229
9.38895 0.0222201
9.3935 0.0227371
9.39664 0.0218447
9.40083 0.0220076
9.4049 0.022045
9.40872 0.0218252
9.41394 0.0230147
9.41833 0.0181553
9.41858 0.0224456
9.42275 0.0225774
9.42826 0.0240513
9.43207 0.0218152
9.4322 0.0219436
9.43614 0.0218521
9.44082 0.0224975
9.44448 0.0221187
9.44816 0.0217709
9.4524 0.0219713
9.45631 0.0218493
9.46022 0.0217262
9.46035 0.0218546
9.46627 0.0237477
9.47037 0.0217956
9.47447 0.0218636
9.47934 0.0226996
9.4828 0.0221267
9.48658 0.0218733
9.48703 0.0223212
9.49062 0.0218767
9.49075 0.0220051
9.49498 0.0221996
9.4951 0.022328
9.49943 0.0226193
9.50484 0.023996
9.50875 0.0218566
9.51163 0.0207069
9.51804 0.0178632
9.51848 0.023523
9.52291 0.0227332
9.52592 0.0217154
9.52637 0.0221633
9.53015 0.0219094
9.53399 0.0217217
9.53412 0.0218501
9.53804 0.0217304
9.53817 0.0218588
9.54226 0.021925
9.54646 0.0220908
9.55018 0.0217732
9.5563 0.0238619
9.56028 0.0217843
9.56427 0.0217476
9.5644 0.021876
9.56841 0.0218507
9.57251 0.0219192
9.57636 0.021734
9.57649 0.0218623
9.58097 0.0223137
9.58488 0.0221887
9.58917 0.0224459
9.595 0.0242439
9.59948 0.0226699
9.60262 0.0217775
9.60694 0.0220678
9.61133 0.0224203
9.61585 0.0229056
9.61806 0.0178872
9.61989 0.0217325
9.62002 0.0218609
9.62393 0.021736
9.62405 0.0218643
9.62822 0.0219961
9.63197 0.0217106
9.6321 0.021839
9.63601 0.0217165
9.63613 0.0218448
9.64091 0.022587
9.64635 0.0239982
9.65027 0.0218583
9.6544 0.0219585
9.65822 0.0217421
9.65834 0.0218705
9.66232 0.0218141
9.66633 0.0217888
9.6703 0.021729
9.67043 0.0218574
9.67441 0.021801
9.67861 0.0219668
9.67906 0.0224147
9.68463 0.0239559
9.68905 0.0223248
9.69341 0.0226472
9.69655 0.0217548
9.70084 0.022015
9.7049 0.0220445
9.70862 0.0217234
9.70875 0.0218518
9.71423 0.0232986
9.71804 0.0178668
9.71849 0.0223482
9.71862 0.0224766
9.72259 0.0224173
9.72595 0.0217456
9.73015 0.0219085
9.73601 0.0237399
9.74107 0.0227458
9.7445 0.0221413
9.74818 0.0217935
9.75242 0.0219939
9.7562 0.0217435
9.76027 0.0217799
9.76431 0.0217823
9.76444 0.0219107
9.76835 0.0217881
9.77434 0.0237474
9.77934 0.022695
9.78388 0.023209
9.78703 0.0223167
9.78715 0.022445
9.79074 0.0220006
9.79497 0.0221951
9.79949 0.022677
9.80263 0.0217846
9.80686 0.0219815
9.81166 0.0227503
9.81605 0.0210865
9.81807 0.0178943
9.81996 0.0218018
9.82592 0.0237276
9.83021 0.021971
9.83402 0.0217482
9.83816 0.0218543
9.84226 0.0219204
9.8462 0.0218295
9.85021 0.0218037
9.85431 0.0218728
9.85444 0.0220012
9.85826 0.0217848
9.86425 0.0237446
9.86842 0.0218581
9.87258 0.0219888
9.87637 0.0217413
9.87649 0.0218697
9.88079 0.0221299
9.88483 0.0221333
9.88893 0.0221995
9.89341 0.0226502
9.89655 0.0217579
9.90257 0.0237464
9.90699 0.0221172
9.91097 0.0220568
9.91584 0.0228962
9.91805 0.0178739
9.91987 0.0217192
9.92 0.0218476
9.92391 0.0217226
9.92404 0.021851
9.92821 0.0219828
9.93198 0.0217284
9.93211 0.0218568
9.93602 0.0217342
9.93615 0.0218626
9.94093 0.0226047
9.94439 0.0220308
9.94452 0.0221592
9.9483 0.0219048
9.95432 0.0238997
9.95823 0.0217519
9.9623 0.0217888
9.9664 0.0218608
9.97044 0.0218672
9.97442 0.0218108
9.97862 0.0219766
9.97907 0.0224245
9.98281 0.0221395
9.98723 0.0225252
9.99338 0.0246387
9.99665 0.0218579

