% time_sec delay_sec
1.12647 0.0263052
1.12647 0.0263052
1.22645 0.0262834
1.32648 0.0263097
1.4243 0.328147
1.42647 0.0263046
1.52646 0.0262906
1.62648 0.0263124
1.72647 0.0263038
1.72697 0.328147
1.82645 0.0262848
1.92568 0.224849
1.92784 0.0276505
1.92993 0.0317609
1.93374 0.0315362
2.02569 0.119451
2.02784 0.027654
2.02994 0.0317684
2.03375 0.0315444
2.03777 0.0315326
2.04181 0.0315438
2.04585 0.0315489
2.04992 0.0315801
2.05396 0.0315903
2.05409 0.0317187
2.05793 0.0315287
2.06403 0.0315753
2.06805 0.0315608
2.07209 0.0315733
2.07615 0.0315933
2.0802 0.0316149
2.0842 0.0315822
2.08849 0.0318379
2.09234 0.0316486
2.09636 0.0316425
2.10233 0.0335712
2.10674 0.031933
2.11065 0.0318099
2.11443 0.0315595
2.11866 0.0317554
2.12369 0.0327543
2.12786 0.0276702
2.12824 0.0320889
2.13183 0.0316439
2.13587 0.0316498
2.14025 0.0319988
2.14423 0.0319395
2.14987 0.0335487
2.15 0.0336771
2.15432 0.0319471
2.15797 0.0315672
2.16208 0.0316393
2.16605 0.0315824
2.17012 0.0316198
2.17409 0.0315555
2.17842 0.0318497
2.18252 0.0319158
2.18649 0.0318531
2.19321 0.0345428
2.19639 0.0316648
2.2007 0.0319486
2.20083 0.032077
2.20477 0.0319821
2.2049 0.0321105
2.20865 0.0318245
2.21269 0.0318308
2.21282 0.0319592
2.21653 0.0316421
2.22083 0.0319047
2.22573 0.0327752
2.22791 0.0277233
2.23003 0.031857
2.2339 0.0316964
2.24078 0.0345471
2.24418 0.0318942
2.24809 0.0317681
2.25226 0.0319024
2.25617 0.0317803
2.26002 0.031595
2.26402 0.0315697
2.26813 0.0316418
2.2722 0.0316752
2.27614 0.0315872
2.28262 0.0320103
2.28703 0.032396
2.29049 0.0318231
2.29479 0.0320833
2.29895 0.0322151
2.30235 0.0315795
2.30674 0.031932
2.31062 0.0317783
2.31075 0.0319067
2.3144 0.0315278
2.32084 0.0339346
2.32376 0.0307997
2.32785 0.0276623
2.33009 0.0339411
2.33381 0.0316083
2.33785 0.031617
2.34218 0.0319083
2.34609 0.0317863
2.34991 0.0315699
2.35414 0.0317674
2.35795 0.031551
2.36206 0.031619
2.36808 0.0336094
2.37217 0.0316533
2.37618 0.0316275
2.38048 0.0318877
2.38454 0.0319222
2.38467 0.0320506
2.38883 0.0321794
2.3923 0.0316095
2.39634 0.0316129
2.40076 0.0320015
2.40463 0.0318404
2.41065 0.0338308
2.4145 0.0316258
2.41879 0.0318844
2.42382 0.0328799
2.42786 0.0276714
2.42837 0.0322185
2.43183 0.0316451
2.43581 0.0315887
2.44077 0.032522
2.44382 0.0315352
2.44796 0.0316354
2.45205 0.0316995
2.45218 0.0318278
2.45795 0.0335655
2.46208 0.0316478
2.46605 0.031583
2.47009 0.0315893
2.47407 0.031533
2.47827 0.0316988
2.4784 0.0318272
2.48263 0.0320217
2.48654 0.0318967
2.49044 0.0317717
2.49089 0.0322196
2.4948 0.0320947
2.49493 0.0322231
2.50101 0.032253
2.50492 0.032127
2.50863 0.0318099
2.51267 0.0318123
2.5128 0.0319407
2.51651 0.0316235
2.52077 0.031851
2.52578 0.0328188
2.52795 0.0277669
2.52994 0.0317723
2.53391 0.031709
2.53779 0.0315543
2.54202 0.0317488
2.54215 0.0318772
2.54805 0.0337437
2.55225 0.0318923
2.55616 0.0317702
2.56001 0.0315849
2.56405 0.0315913
2.56802 0.0315349
2.57222 0.0317007
2.5762 0.0316438
2.58049 0.031904
2.58696 0.034341
2.59042 0.0317513
2.59472 0.0320115
2.59862 0.031886
2.60231 0.0315383
2.60663 0.0318246
2.60676 0.031953
2.61067 0.0318304
2.6108 0.0319588
2.61445 0.03158
2.61868 0.0317764
2.62375 0.0328069
2.62791 0.0277229
2.62804 0.0318848
2.63188 0.0316965
2.63778 0.0335581
2.64248 0.0322148
2.64614 0.031836
2.64992 0.0315885
2.65416 0.031786
2.65797 0.0315696
2.66208 0.0316416
2.66602 0.0315496
2.67012 0.0316182
2.67612 0.0335775
2.68082 0.0322337
2.68473 0.0321087
2.68896 0.0323033
2.69325 0.0325635
2.69626 0.0315427
2.70091 0.0321535
2.70495 0.0321564
2.7086 0.031777
2.71264 0.0317834
2.71905 0.0321387
2.72276 0.0318157
2.72288 0.0319441
2.72785 0.0276655
2.72824 0.0332625
2.73192 0.0317364
2.7358 0.0315828
2.74087 0.0326133
2.74382 0.0315298
2.74795 0.03163
2.75218 0.0318304
2.75597 0.0315799
2.76004 0.0316164
2.76612 0.0336685
2.77003 0.0315257
2.77413 0.0315937
2.77836 0.0317907
2.78259 0.0319852
2.7865 0.0318602
2.79082 0.0321515
2.79473 0.0320265
2.79908 0.0323449
2.80482 0.0340485
2.80863 0.0318119
2.81274 0.0318805
2.81652 0.0316255
2.82081 0.0318842
2.82571 0.0327547
2.82789 0.0277028
2.83001 0.0318365
2.83385 0.0316488
2.83777 0.0315292
2.84209 0.0318205
2.84222 0.0319489
2.84606 0.0317606
2.84991 0.0315714
2.856 0.033625
2.85612 0.0337534
2.86007 0.0316487
2.86405 0.0315923
2.86802 0.0315359
2.86815 0.0316643
2.87209 0.0315733
2.8761 0.0315475
2.8804 0.0318077
2.88443 0.0318111
2.88456 0.0319395
2.88872 0.0320684
2.88885 0.0321968
2.895 0.0343137
2.89891 0.032172
2.90231 0.0315363
2.90672 0.031912
2.91066 0.0318205
2.91079 0.0319489
2.91451 0.0316323
2.91896 0.0320509
2.91909 0.0321793
2.9237 0.0327619
2.92789 0.027709
2.92815 0.0319993
2.93181 0.0316205
2.93578 0.0315601
2.94077 0.0325165
2.9409 0.0326449
2.94609 0.0338038
2.9499 0.0315667
2.95413 0.0317641
2.95426 0.0318925
2.95798 0.0315788
2.96199 0.0315536
2.96603 0.0315629
2.97007 0.0315692
2.97417 0.0316372
2.9784 0.0318302
2.98474 0.0341388
2.98916 0.0325076
2.99224 0.0315525
2.99634 0.0316187
3.00069 0.0319371
3.00496 0.0321712
3.00865 0.0318229
3.01281 0.0319577
3.01653 0.0316405
3.02083 0.0319031
3.02576 0.0307875
3.02787 0.0276867
3.02999 0.0318204
3.03579 0.0335857
3.04066 0.0324043
3.04079 0.0325327
3.04425 0.0319628
3.04791 0.0315869
3.0522 0.0318495
3.05599 0.0315991
3.05611 0.0317275
3.05997 0.0315456
3.06407 0.0316137
3.06811 0.031619
3.0741 0.0335773
3.07836 0.0317875
3.08239 0.0317899
3.08627 0.0316327
3.09031 0.0316351
3.09435 0.0316415
3.09864 0.0319006
3.09877 0.032029
3.10242 0.0316491
3.10675 0.0319463
3.11264 0.0338044
3.11649 0.0316028
3.12139 0.0324654
3.12152 0.0325938
3.12575 0.0327907
3.12796 0.0277699
3.12994 0.0317753
3.13007 0.0319037
3.13392 0.0317159
3.13783 0.0315963
3.14213 0.0318565
3.14607 0.0317656
3.14998 0.0316465
3.15409 0.0317155
3.15796 0.0315613
3.16409 0.0336496
3.16806 0.0315724
3.17219 0.0316721
3.17617 0.0316152
3.18037 0.0317781
3.18456 0.031941
3.18885 0.0321983
3.19228 0.0315932
3.19632 0.0315967
3.20234 0.0335886
3.20672 0.0319164
3.2107 0.03186
3.21467 0.0318007
3.2148 0.0319291
3.21881 0.0319038
3.22371 0.0327743
3.22788 0.0276942
3.22839 0.0322413
3.23182 0.0316368
3.2358 0.0315804
3.24029 0.0320341
3.24384 0.031558
3.24798 0.0316582
3.25422 0.0338709
3.25435 0.0339993
3.25801 0.0316026
3.26198 0.0315423
3.26605 0.0315826
3.27012 0.0316201
3.2741 0.0315597
3.27839 0.0318229
3.28262 0.0320174
3.28275 0.0321458
3.28653 0.0318924
3.29326 0.0345861
3.2964 0.031677
3.30097 0.0322176
3.30497 0.0321854
3.30866 0.0318332
3.31269 0.0318356
3.31654 0.0316469
3.3208 0.0318749
3.3258 0.0328427
3.32785 0.0276624
3.32996 0.0317961
3.33378 0.0315733
3.33778 0.031547
3.34384 0.0335696
3.3481 0.0317814
3.35221 0.0318534
3.35612 0.0317314
3.36006 0.0316434
3.36404 0.0315835
3.36814 0.0316555
3.37221 0.031689
3.37619 0.0316321
3.38253 0.0339436
3.38708 0.0324409
3.39041 0.0317396
3.39054 0.031868
3.39471 0.0319998
3.39868 0.0319405
3.40237 0.0315927
3.40672 0.0319101
3.41078 0.0319431
3.41444 0.0315643
3.42082 0.0339088
3.4237 0.0307428
3.42786 0.0276715
3.42811 0.0319619
3.43382 0.0336343
3.43783 0.0315912
3.4425 0.0322337
3.44616 0.0318548
3.44994 0.0316073
3.45417 0.0318048
3.45799 0.0315884
3.46206 0.0316253
3.46601 0.0315373
3.47219 0.0336843
3.4762 0.0316418
3.48081 0.0322215
3.48459 0.0319681
3.48882 0.0321626
3.49228 0.0315927
3.49632 0.0315961
3.50067 0.031919
3.50465 0.0318592
3.51071 0.0338847
3.51452 0.0316486
3.5192 0.0322889
3.52381 0.0328681
3.52394 0.0329965
3.52791 0.0277223
3.52868 0.0325262
3.53195 0.0317622
3.5358 0.0315774
3.54086 0.032608
3.54384 0.0315556
3.54798 0.0316557
3.55204 0.0316887
3.55217 0.0318171
3.55608 0.031695
3.56204 0.0336227
3.56605 0.0315802
3.57015 0.0316487
3.57409 0.0315573
3.57829 0.0317231
3.57842 0.0318515
3.58265 0.032046
3.58694 0.0323033
3.59088 0.0322094
3.59479 0.0320844
3.60071 0.0339751
3.60497 0.032183
3.6051 0.0323114
3.60863 0.0318036
3.61263 0.0317749
3.61276 0.0319033
3.61654 0.0316523
3.6208 0.0318799
3.62574 0.0327815
3.62792 0.0277296
3.63003 0.0318633
3.63378 0.0315783
3.63782 0.0315871
3.64199 0.0317189
3.64609 0.0317874
3.65231 0.0339764
3.65616 0.0317714
3.66007 0.0316523
3.66405 0.0315924
3.66805 0.0315672
3.67209 0.0315735
3.67617 0.0316139
3.68036 0.0317768
3.68049 0.0319052
3.68453 0.0319086
3.68466 0.032037
3.69042 0.0337693
3.69471 0.0320087
3.69869 0.0319494
3.70241 0.0316328
3.70679 0.0319813
3.71067 0.0318276
3.71445 0.0315772
3.71868 0.0317736
3.72374 0.0328036
3.72791 0.0277195
3.72803 0.0318814
3.72816 0.0320098
3.73185 0.0316621
3.73588 0.031664
3.74254 0.0342905
3.7462 0.0318949
3.74992 0.0315812
3.75415 0.0317787
3.758 0.0315934
3.76197 0.031537
3.76602 0.0315463
3.77012 0.0316148
3.77412 0.0315856
3.78082 0.0342472
3.78473 0.0321054
3.78895 0.0322999
3.79325 0.0325601
3.79639 0.0316677
3.8009 0.0321462
3.80497 0.0321802
3.8051 0.0323086
3.80865 0.0318319
3.81273 0.0318694
3.81868 0.0337936
3.8215 0.030561
3.8258 0.0308241
3.82785 0.0276606
3.83189 0.0337172
3.83586 0.0316441
3.84074 0.0324835
3.84388 0.031594
3.84798 0.0316631
3.85212 0.0317662
3.85603 0.0316442
3.86003 0.0316144
3.86407 0.0316163
3.87016 0.0336729
3.87413 0.0315957
3.87843 0.0318589
3.8826 0.0319907
3.8865 0.0318657
3.89038 0.0317091
3.89051 0.0318375
3.89487 0.0321604
3.89909 0.0323504
3.90236 0.0315864
3.9087 0.0338929
3.91264 0.0317852
3.91277 0.0319136
3.91655 0.0316632
3.92141 0.0324872
3.92573 0.032778
3.92791 0.027726
3.93003 0.0318598
3.93391 0.0317032
3.93789 0.0316497
3.94218 0.0319099
3.94609 0.0317839
3.95 0.0316608
3.9541 0.0317299
3.96007 0.0336616
3.96404 0.0315844
3.96808 0.0315903
3.97212 0.0315966
3.97225 0.031725
3.97619 0.031637
3.98036 0.0317688
3.98452 0.0319006
3.98881 0.0321579
3.99228 0.0315879
3.99868 0.0339621
4.0024 0.0316287
4.00672 0.0319167
4.0107 0.0318563
4.01454 0.0316681
4.01867 0.0317672
4.02377 0.0328318
4.02787 0.0276815
4.02825 0.0321003
4.03178 0.031593
4.03579 0.0315678
4.0403 0.0320491
4.04075 0.032497
4.04428 0.0319898
4.04992 0.033598
4.05411 0.0317436
4.05424 0.031872
4.05802 0.0316205
4.06207 0.0316298
4.06604 0.0315695
4.07008 0.0315753
4.07419 0.0316502
4.07836 0.0317839
4.07848 0.0319123
4.08246 0.031853
4.0888 0.0341645
4.08893 0.0342929
4.09227 0.0315773
4.09633 0.0316102
4.10078 0.032022
4.10446 0.0316727
4.10847 0.0316469
4.1127 0.0318438
4.11283 0.0319722
4.11654 0.0316546
4.12087 0.0319483
4.12574 0.0327877
4.12792 0.0277358
4.13004 0.0318695
4.13388 0.0316778
4.14067 0.0344351
4.1408 0.0345635
4.14423 0.0319417
4.14801 0.0316873
4.15227 0.0319188
4.15606 0.0316684
4.16003 0.0316115
4.16401 0.0315551
4.16815 0.0316582
4.17231 0.031789
4.1784 0.0338456
4.1826 0.0319917
4.18714 0.0325058
4.19038 0.0317072
4.19051 0.0318356
4.19502 0.032318
4.19896 0.0322241
4.20236 0.0315885
4.20678 0.0319761
4.21066 0.0318184
4.21079 0.0319468
4.21656 0.033685
4.22082 0.0318957
4.2237 0.0307466
4.22793 0.0277415
4.23004 0.033892
4.23379 0.0315902
4.23392 0.0317186
4.23783 0.031599
4.24219 0.0319219
4.24232 0.0320503
4.2461 0.0317998
4.24995 0.0316145
4.25405 0.0316836
4.25418 0.031812
4.258 0.0315956
4.26204 0.0316014
4.26806 0.0335924
4.27222 0.0317024
4.2762 0.0316455
4.28049 0.0319057
4.28459 0.0319713
4.28888 0.0322286
4.29331 0.0326171
4.29632 0.0315964
4.30077 0.032016
4.30669 0.0339057
4.3107 0.0318637
4.31452 0.0316444
4.31906 0.0321563
4.32371 0.03277
4.32788 0.0276899
4.32826 0.0321086
4.33192 0.0317298
4.33589 0.0316734
4.3407 0.0324432
4.34384 0.0315538
4.34797 0.0316539
4.35214 0.0317842
4.35227 0.0319126
4.35797 0.033584
4.36201 0.0315691
4.36608 0.0316055
4.37012 0.0316119
4.37409 0.0315555
4.37842 0.0318497
4.38265 0.0320442
4.38656 0.0319192
4.39091 0.0322422
4.3963 0.0335922
4.40097 0.0322094
4.40509 0.0323056
4.40862 0.0317979
4.41272 0.0318664
4.41657 0.0316777
4.4208 0.0318746
4.42125 0.0323225
4.4258 0.0328424
4.42798 0.0277905
4.42996 0.0317958
4.43381 0.0316042
4.43781 0.0315778
4.44204 0.0317724
4.44217 0.0319008
4.4481 0.0337984
4.45221 0.0318536
4.45605 0.0316654
4.46003 0.0316085
4.46407 0.0316143
4.46805 0.0315579
4.47221 0.0316927
4.47622 0.0316669
4.48052 0.0319271
4.48699 0.034364
4.48711 0.0344924
4.49045 0.0317744
4.49089 0.0322223
4.49474 0.0320346
4.49897 0.0322286
4.50237 0.031593
4.50665 0.0318442
4.51069 0.03185
4.51447 0.0315996
4.5187 0.031796
4.5237 0.0327638
4.52793 0.0277419
4.52806 0.0319038
4.5319 0.0317156
4.5378 0.0335851
4.54254 0.0322729
4.5462 0.0318941
4.54989 0.0315493
4.55415 0.0317779
4.55803 0.0316237
4.562 0.0315673
4.56614 0.0316704
4.57011 0.0316066
4.5762 0.0336672
4.58091 0.0323235
4.58482 0.0321985
4.58892 0.0322646
4.59324 0.0325559
4.59639 0.0316635
4.6009 0.0321459
4.6051 0.0323083
4.60859 0.0317695
4.61452 0.0336671
4.61907 0.0321623
4.62278 0.0318433
4.62791 0.0277246
4.62855 0.0335785
4.63179 0.031601
4.63191 0.0317294
4.63583 0.0316069
4.64089 0.0326374
4.64384 0.0315539
4.64797 0.0316541
4.65217 0.0318194
4.65608 0.0316973
4.66003 0.0316054
4.66605 0.0335953
4.67008 0.0315769
4.67415 0.0316138
4.67838 0.0318108
4.68261 0.0320053
4.68652 0.0318803
4.69084 0.0321716
4.69475 0.0320466
4.69914 0.0323962
4.69926 0.0325245
4.70474 0.0339713
4.70487 0.0340997
4.70862 0.0317969
4.71275 0.0318966
4.71656 0.0316733
4.72153 0.0326065
4.72576 0.0328035
4.72794 0.0277516
4.73005 0.0318853
4.7338 0.0316003
4.73784 0.0316091
4.74214 0.0318693
4.74611 0.0318094
4.74999 0.0316552
4.75602 0.0336467
4.76009 0.0316703
4.76406 0.03161
4.76804 0.0315536
4.77211 0.031591
4.77612 0.0315652
4.78041 0.0318254
4.78445 0.0318288
4.78874 0.0320861
4.78887 0.0322145
4.79473 0.034043
4.79871 0.0319669
4.80242 0.0316503
4.80674 0.0319326
4.81068 0.0318411
4.81081 0.0319695
4.81446 0.0315907
4.81908 0.0321688
4.82407 0.0331337
4.82788 0.0276961
4.8284 0.0322432
4.82852 0.0323716
4.83179 0.0316076
4.8358 0.0315783
4.84076 0.0325076
4.84089 0.032636
4.84614 0.0338571
4.84996 0.03162
4.85422 0.0318485
4.858 0.031601
4.86201 0.0315758
4.86602 0.0315505
4.87006 0.0315568
4.8742 0.0316599
4.87849 0.0319191
4.88483 0.0342276
4.88893 0.032277
4.88906 0.0324054
4.89323 0.0325372
4.89637 0.0316448
4.90072 0.0319672
4.90498 0.0321958
4.90867 0.0318475
4.91271 0.0318539
4.91284 0.0319823
4.91646 0.0315678
4.92146 0.0325351
4.92575 0.0307775
4.92793 0.0277424
4.93004 0.0318761
4.93578 0.0335792
4.94078 0.0325262
4.94389 0.0316017
4.94799 0.0316708
4.95209 0.0317388
4.95222 0.0318672
4.956 0.0316168
4.96005 0.031626
4.96412 0.0316635
4.96828 0.0317937
4.97411 0.0335936
4.97838 0.0318048
4.98257 0.0319677
4.9827 0.0320961
4.98699 0.0323534
4.99052 0.0318462
4.99487 0.0321691
4.9991 0.0323631
5.00237 0.0315991
5.00671 0.0318991
5.00683 0.0320275
5.01266 0.0338238
5.01279 0.0339522
5.01651 0.0316223
5.0209 0.0319742
5.02577 0.0328092
5.02794 0.0277572
5.03006 0.031891
5.03391 0.0317033
5.03789 0.0316498
5.04218 0.03191
5.04593 0.031628
5.04997 0.0316327
5.05407 0.0317018
5.05804 0.0316409
5.0641 0.0336625
5.06817 0.0316861
5.07215 0.0316252
5.07622 0.0316651
5.08032 0.0317336
5.08423 0.0316116
5.08872 0.0320624
5.09227 0.0315852
5.09638 0.0316533
5.10237 0.0336097
5.10675 0.0319403
5.11066 0.0318212
5.11079 0.0319496
5.11444 0.0315708
5.11457 0.0316992
5.1188 0.0318951
5.12383 0.0328905
5.12787 0.027682
5.12838 0.0322291
5.13181 0.0316246
5.13585 0.0316305
5.14072 0.0324664
5.14389 0.0316081
5.148 0.0316771
5.15431 0.033956
5.15803 0.0316255
5.162 0.0315652
5.16611 0.0316367
5.17015 0.031643
5.17412 0.0315827
5.17845 0.0318769
5.18268 0.0320714
5.1869 0.0322659
5.19328 0.0346051
5.19629 0.0315675
5.20099 0.0322326
5.20467 0.0318809
5.2087 0.0318788
5.21264 0.0317839
5.21277 0.0319122
5.21645 0.0315645
5.22087 0.0319516
5.22575 0.032791
5.22792 0.027739
5.23004 0.0318728
5.23382 0.0316189
5.23789 0.0316508
5.24388 0.0336112
5.24801 0.0316906
5.25228 0.0319221
5.25609 0.0317028
5.26 0.0315797
5.26407 0.0316171
5.26811 0.031623
5.27231 0.0317888
5.27615 0.0315995
5.2825 0.033911
5.28263 0.0340394
5.28717 0.0325367
5.29051 0.0318354
5.29096 0.0322833
5.29499 0.0322867
5.29512 0.0324151
5.29871 0.0319706
5.30236 0.0315918
5.30672 0.0319092
5.31078 0.0319421
5.31447 0.0315944
5.32142 0.0345123
5.32155 0.0346407
5.32373 0.0307701
5.32791 0.0277264
5.32843 0.0322735
5.33391 0.0337203
5.33782 0.0315799
5.34256 0.032288
5.34621 0.0319092
5.34996 0.0316266
5.35407 0.0316957
5.35801 0.0316077
5.36202 0.0315824
5.36613 0.0316544
5.37227 0.0337703
5.37619 0.0316344
5.38093 0.0323425
5.38461 0.0319919
5.38474 0.0321203
5.38884 0.0321864
5.39231 0.0316164
5.39634 0.0316199
5.40069 0.0319388
5.4047 0.0319061
5.41069 0.0338694
5.41082 0.0339978
5.41483 0.0319528
5.41912 0.0322159
5.42383 0.0328924
5.42396 0.0330208
5.42787 0.0276839
5.42838 0.032231
5.43191 0.0317238
5.43589 0.0316674
5.44063 0.0323744
5.44386 0.0315788
5.448 0.031679
5.45216 0.0318092
5.45611 0.0317183
5.4621 0.0336771
5.4661 0.0316311
5.47017 0.0316685
5.47421 0.0316744
5.47838 0.0318091
5.48261 0.0320036
5.48652 0.0318786
5.4909 0.0322327
5.49481 0.0321077
5.50093 0.0341895
5.5048 0.0320156
5.50865 0.0318269
5.51265 0.0317981
5.51278 0.0319265
5.51656 0.0316716
5.52143 0.0325076
5.52582 0.032864
5.52787 0.0276837
5.52999 0.0318174
5.53383 0.0316297
5.53787 0.0316385
5.54204 0.0317703
5.54611 0.0318038
5.55233 0.0339927
5.55608 0.0316905
5.56008 0.0316647
5.56409 0.0316394
5.5681 0.0316141
5.57214 0.0316205
5.57612 0.0315636
5.58041 0.0318237
5.58458 0.0319555
5.59092 0.0342641
5.59486 0.0321529
5.5987 0.0319652
5.60245 0.0316797
5.60667 0.0318687
5.61062 0.0317772
5.61075 0.0319056
5.61456 0.0316863
5.61904 0.0321361
5.62372 0.0327814
5.62795 0.0277595
5.62807 0.0319215
5.6282 0.0320499
5.63186 0.031671
5.6358 0.0315796
5.64221 0.0339528
5.64615 0.031845
5.64997 0.0316287
5.6542 0.0318261
5.65798 0.0315746
5.66202 0.0315805
5.66612 0.0316525
5.6701 0.0315926
5.6742 0.0316646
5.6808 0.0342289
5.68093 0.0343573
5.68484 0.0322156
5.68926 0.0326012
5.69329 0.0326046
5.69631 0.0315839
5.70095 0.0321947
5.70467 0.031878
5.7048 0.0320064
5.70864 0.0318137
5.70876 0.0319421
5.71277 0.0319134
5.71892 0.0340332
5.72168 0.0307389
5.72213 0.0311868
5.72572 0.0307452
5.7279 0.0277101
5.73194 0.0337668
5.73585 0.0316274
5.74072 0.0324668
5.74393 0.0316396
5.7479 0.0315803
5.74803 0.0317087
5.75216 0.0318118
5.75608 0.0316897
5.76002 0.0316017
5.76425 0.0317987
5.77012 0.0336296
5.77416 0.0316187
5.77845 0.0318818
5.78262 0.0320136
5.78653 0.0318886
5.7904 0.031732
5.79476 0.0320549
5.79489 0.0321833
5.79889 0.0321477
5.79901 0.0322761
5.80241 0.0316404
5.8086 0.0337914
5.81276 0.0319054
5.81648 0.0315922
5.81661 0.0317206
5.82141 0.0324899
5.82577 0.0328112
5.82794 0.0277593
5.83006 0.0318931
5.83394 0.0317365
5.83785 0.0316168
5.84214 0.0318736
5.84227 0.032002
5.84612 0.0318137
5.84996 0.0316245
5.85406 0.0316935
5.85419 0.0318219
5.86002 0.0336212
5.86413 0.031673
5.8681 0.0316127
5.87227 0.0317474
5.87615 0.0315932
5.88044 0.0318534
5.88461 0.0319852
5.88877 0.0321141
5.89332 0.032631
5.8987 0.0339811
5.90236 0.0315855
5.90677 0.0319611
5.91071 0.0318696
5.91468 0.0318103
5.91869 0.031785
5.92408 0.0331351
5.92795 0.0277631
5.92821 0.0320534
5.93186 0.0316746
5.9358 0.0315831
5.94073 0.0324813
5.94388 0.0315919
5.94994 0.0336179
5.95423 0.0318608
5.95802 0.0316133
5.96212 0.0316853
5.9661 0.0316249
5.97017 0.0316624
5.97414 0.031606
5.97844 0.0318652
5.98266 0.0320597
5.98901 0.0343682
5.9933 0.0326077
5.99644 0.0317153
6.00098 0.0322248
6.00467 0.031879
6.00861 0.0317836
6.00873 0.031912
6.01277 0.0319183
6.01659 0.0316984
6.02088 0.0319611
6.02582 0.0328661
6.028 0.0278142
6.02999 0.0318196
6.03386 0.031659
6.04085 0.0346109
6.04392 0.0316385
6.04796 0.0316443
6.05232 0.0319691
6.05611 0.0317187
6.06005 0.0316301
6.06409 0.0316365
6.06807 0.0315796
6.0722 0.0316782
6.07851 0.0339555
6.08245 0.0318443
6.08629 0.0316561
6.09036 0.0316901
6.09434 0.0316303
6.09875 0.0320143
6.09888 0.0321427
6.10241 0.0316384
6.10673 0.0319237
6.1107 0.0318628
6.11654 0.0336666
6.12144 0.0325169
6.12375 0.0307915
6.12794 0.0277513
6.13005 0.0339018
6.13386 0.0316622
6.13788 0.0316399
6.14268 0.0324107
6.14611 0.0318062
6.14995 0.0316169
6.15418 0.0318144
6.15806 0.0316602
6.16204 0.0315999
6.16819 0.0337192
6.17226 0.0317359
6.1762 0.0316479
6.18056 0.0319703
6.1845 0.0318764
6.18463 0.0320048
6.18892 0.0322621
6.19334 0.0326506
6.19635 0.0316299
6.20065 0.0318901
6.20672 0.0339353
6.2107 0.0318621
6.21083 0.0319905
6.21461 0.0317401
6.2191 0.0321898
6.22374 0.0328035
6.22794 0.0277511
6.22858 0.0324266
6.22871 0.032555
6.23198 0.031791
6.23586 0.0316373
6.24073 0.0324733
6.2439 0.0316149
6.24791 0.0315867
6.24803 0.0317151
6.25217 0.0318142
6.2523 0.0319426
6.25804 0.0336491
6.26214 0.0317004
6.26611 0.0316401
6.27008 0.0315802
6.27415 0.0316171
6.27845 0.0318803
6.28255 0.0319464
6.28646 0.0318214
6.28691 0.0322693
6.2905 0.0318248
6.29063 0.0319532
6.29633 0.0336228
6.30096 0.0322088
6.30481 0.0320166
6.30865 0.0318279
6.31269 0.0318303
6.31281 0.0319587
6.31659 0.0317037
6.32143 0.0325081
6.32573 0.0327712
6.3279 0.0277193
6.33002 0.031853
6.33383 0.0316302
6.33787 0.031635
6.34213 0.0318606
6.34803 0.0337272
6.35226 0.0319108
6.35608 0.0316915
6.35621 0.0318199
6.36002 0.0316035
6.36409 0.0316409
6.3681 0.0316156
6.37217 0.0316531
6.3723 0.0317815
6.37618 0.0316273
6.3807 0.0321097
6.38704 0.0344183
6.38717 0.0345467
6.3905 0.0318286
6.39511 0.0324083
6.3987 0.0319638
6.40239 0.0316161
6.40668 0.0318713
6.41072 0.0318771
6.41469 0.0318178
6.41895 0.0320458
6.42376 0.0328196
6.42792 0.0277315
6.42817 0.0320218
6.43183 0.031643
6.43196 0.0317714
6.43785 0.0336329
6.44221 0.0319391
6.44625 0.0319454
6.45 0.0316628
6.45416 0.0317941
6.45804 0.0316399
6.46202 0.0315836
6.46613 0.0316556
6.4701 0.0315918
6.47619 0.0336523
6.4809 0.0323086
6.48481 0.0321836
6.4889 0.0322497
6.48903 0.0323781
6.4932 0.0325099
6.49634 0.0316175
6.50082 0.0320649
6.50095 0.0321933
6.50469 0.0319038
6.50482 0.0320322
6.50867 0.0318474
6.51457 0.0337139
6.51905 0.0321469
6.52213 0.0311889
6.5279 0.0277122
6.52828 0.0333092
6.53194 0.031752
6.53591 0.0316957
6.54085 0.0325978
6.54393 0.0316422
6.5479 0.0315829
6.5522 0.0318455
6.55611 0.0317234
6.56002 0.0316003
6.56608 0.0336219
6.57011 0.0316035
6.57418 0.0316404
6.57841 0.0318374
6.58251 0.0319035
6.58642 0.0317785
6.59048 0.031813
6.59484 0.0321359
6.59916 0.0324193
6.60508 0.03431
6.60867 0.0318477
6.61277 0.0319163
6.61658 0.031693
6.62145 0.0325244
6.62578 0.0328187
6.62795 0.0277668
6.63007 0.0319005
6.63385 0.0316466
6.63789 0.0316554
6.64218 0.0319155
6.64606 0.0317584
6.65003 0.0316975
6.65606 0.033689
6.65619 0.0338174
6.6601 0.0316776
6.66413 0.0316799
6.66811 0.0316235
6.67218 0.031661
6.67615 0.0316001
6.68045 0.0318603
6.68449 0.0318637
6.68878 0.032121
6.69505 0.0343663
6.69877 0.0320334
6.70243 0.0316546
6.70665 0.0318396
6.71072 0.0318765
6.71469 0.0318172
6.71912 0.0322087
6.72373 0.0327914
6.72792 0.0277349
6.72843 0.032282
6.73183 0.0316464
6.73587 0.0316523
6.74074 0.0324842
6.74087 0.0326126
6.74619 0.0338994
6.74997 0.0316312
6.75426 0.0318908
6.75805 0.0316433
6.76202 0.031587
6.76609 0.0316239
6.7702 0.0316924
6.77424 0.0316983
6.77846 0.0318912
6.7848 0.0341998
6.78903 0.0323776
6.7932 0.0325094
6.79634 0.031617
6.80082 0.0320643
6.80095 0.0321927
6.8047 0.0319072
6.8087 0.0318779
6.81274 0.0318843
6.81649 0.0315982
6.82168 0.0327572
6.82572 0.0307467
6.8279 0.0277116
6.83001 0.0318453
6.83582 0.0336146
6.84075 0.0324999
6.84393 0.0316416
6.84803 0.0317107
6.8521 0.0317476
6.85223 0.031876
6.85607 0.0316878
6.86005 0.0316309
6.86409 0.0316372
6.86829 0.0317986
6.87415 0.0336295
6.87851 0.0319341
6.8826 0.0320002
6.88273 0.0321286
6.88702 0.0323859
6.89048 0.031813
6.89484 0.0321359
6.89888 0.0321393
6.9024 0.0316321
6.9067 0.0318952
6.91276 0.0339212
6.91654 0.031654
6.92122 0.0322944
6.92577 0.0328103
6.92794 0.0277584
6.93009 0.0319232
6.93397 0.0317666
6.93791 0.0316781
6.94221 0.0319383
6.94612 0.0318163
6.94996 0.031627
6.95407 0.0316961
6.95419 0.0318245
6.95807 0.0316663
6.96409 0.0336572
6.9681 0.0316152
6.97227 0.031746
6.97618 0.0316268
6.98048 0.031887
6.98451 0.0318904
6.98464 0.0320188
6.98893 0.0322761
6.9923 0.0316089
6.99633 0.0316123
7.00236 0.0336043
7.00665 0.0318452
7.01069 0.031851
7.01082 0.0319794
7.01447 0.0316005
7.01883 0.0319214
7.02376 0.0328225
7.02792 0.027735
7.02869 0.0325388
7.03183 0.0316464
7.03584 0.0316212
7.04074 0.0324882
7.04392 0.0316299
7.04792 0.0316046
7.05433 0.0339807
7.05808 0.0316814
7.06203 0.0315934
7.06614 0.0316654
7.07011 0.0316055
7.07418 0.0316454
7.07848 0.0319075
7.08242 0.0318131
7.08626 0.0316249
7.09229 0.0336163
7.09639 0.0316636
7.10067 0.0319159
7.10445 0.0316639
7.10852 0.0316963
7.11275 0.0318933
7.11656 0.0316729
7.12143 0.0325044
7.12156 0.0326327
7.12572 0.0327675
7.1279 0.0277156
7.13002 0.0318493
7.13386 0.0316576
7.1379 0.0316624
7.14399 0.0337171
7.14812 0.0318005
7.15226 0.0319036
7.15613 0.0317465
7.16011 0.0316896
7.16405 0.0315947
7.16812 0.0316316
7.17228 0.0317624
7.17626 0.0317055
7.1826 0.034017
7.18715 0.0325143
7.19048 0.031813
7.19093 0.0322609
7.1951 0.0323927
7.19901 0.0322677
7.2024 0.0316321
7.20669 0.0318873
7.21076 0.0319202
7.21448 0.0316036
7.22159 0.034681
7.22377 0.0308103
7.22799 0.0278013
7.22824 0.0320916
7.23395 0.0337641
7.23793 0.0316899
7.2426 0.0323323
7.24629 0.0319846
7.24998 0.0316398
7.25408 0.0317089
7.25421 0.0318372
7.25809 0.0316831
7.26203 0.0315916
7.26616 0.0316907
7.27231 0.0338066
7.27623 0.0316707
7.2809 0.0323126
7.28468 0.0320593
7.28481 0.0321877
7.28878 0.0321254
7.29333 0.0326424
7.29634 0.0316216
7.30063 0.0318783
7.30492 0.032134
7.30505 0.0322624
7.31069 0.0338717
7.31082 0.0340001
7.31461 0.0317328
7.31922 0.032311
7.3239 0.0329563
7.32803 0.0278412
7.32828 0.0321315
7.32841 0.0322599
7.33194 0.0317527
7.33582 0.031599
7.34075 0.0324972
7.34088 0.0326255
7.34392 0.0316388
7.34803 0.0317079
7.35213 0.0317759
7.35613 0.0317472
7.36203 0.0336087
7.36613 0.03166
7.3702 0.0316934
7.37423 0.0316953
7.37856 0.0319895
7.38253 0.0319273
7.38647 0.0318334
7.39051 0.0318368
7.39487 0.0321597
7.40098 0.0342376
7.40482 0.0320286
7.40866 0.0318399
7.41267 0.0318111
7.4128 0.0319395
7.41661 0.0317157
7.42144 0.03252
7.42586 0.0329076
7.42791 0.0277273
7.43003 0.031861
7.43388 0.0316733
7.43792 0.0316821
7.44208 0.0318139
7.44615 0.0318473
7.45228 0.033939
7.4524 0.0340674
7.45612 0.031734
7.4601 0.0316771
7.46414 0.0316835
7.46811 0.0316231
7.47218 0.0316566
7.47625 0.031697
7.48055 0.0319572
7.48458 0.0319606
7.49048 0.0338212
7.49509 0.0323802
7.4988 0.0320641
7.50246 0.0316853
7.50671 0.0319054
7.51072 0.0318801
7.51447 0.0315946
7.51908 0.0321727
7.52376 0.0328181
7.52798 0.0277962
7.52811 0.0319581
7.53189 0.0317077
7.53584 0.0316162
7.54221 0.0339543
7.54631 0.0320061
7.55 0.0316613
7.55423 0.0318588
7.55808 0.0316735
7.56205 0.0316092
7.56615 0.0316772
7.57022 0.0317147
7.57422 0.0316854
7.58089 0.0343159
7.5848 0.0321741
7.58902 0.0323687
7.59322 0.0325316
7.59636 0.0316392
7.60084 0.0320865
7.60097 0.0322149
7.60472 0.0319294
7.60863 0.0318029
7.60875 0.0319312
7.61267 0.0318092
7.61279 0.0319376
7.61866 0.033769
7.62167 0.0307315
7.62212 0.0311794
7.62584 0.0308662
7.62802 0.0278311
7.63193 0.0337594
7.6359 0.0316822
7.64074 0.0324871
7.64395 0.0316598
7.64792 0.0316005
7.64805 0.0317289
7.65222 0.0318631
7.656 0.0316127
7.66014 0.0317153
7.66427 0.0318149
7.67016 0.033677
7.6742 0.0316621
7.67856 0.0319874
7.6826 0.0319908
7.68654 0.0318969
7.69044 0.0317719
7.6948 0.0320949
7.69493 0.0322233
7.69893 0.0321876
7.69905 0.032316
7.70245 0.0316804
7.70864 0.0338314
7.71277 0.0319142
7.71658 0.0316949
7.72145 0.0325264
7.72577 0.0328166
7.72795 0.0277647
7.73007 0.0318985
7.73398 0.031773
7.73792 0.0316844
7.74221 0.0319446
7.74615 0.0318497
7.74997 0.0316293
7.7541 0.0317295
7.75423 0.0318579
7.76009 0.0336883
7.76413 0.0316779
7.76811 0.0316215
7.77231 0.0317874
7.77616 0.0316021
7.78045 0.0318623
7.78452 0.0318968
7.78881 0.032154
7.79326 0.0325737
7.79877 0.0340521
7.80243 0.0316565
7.80665 0.0318416
7.81072 0.0318785
7.81469 0.0318192
7.81482 0.0319476
7.81911 0.0322067
7.82376 0.0328204
7.82798 0.0277986
7.82824 0.0320889
7.8319 0.0317101
7.83584 0.0316186
7.84074 0.0324857
7.84388 0.0315962
7.84997 0.0336533
7.85424 0.0318651
7.85805 0.0316487
7.86203 0.0315924
7.8661 0.0316293
7.8701 0.0316006
7.87418 0.0316375
7.87853 0.0319628
7.88263 0.032029
7.88276 0.0321574
7.88898 0.0343375
7.89317 0.0324837
7.89631 0.0315913
7.90101 0.0322563
7.90469 0.0319046
7.9086 0.0317821
7.90873 0.0319105
7.91277 0.0319168
7.91652 0.0316313
7.92142 0.0324978
7.92575 0.0327921
7.92793 0.0277401
7.93004 0.0318739
7.93385 0.0316511
7.93398 0.0317795
7.94077 0.0325206
7.9443 0.0320133
7.94805 0.0317278
7.94818 0.0318562
7.95231 0.0319593
7.95613 0.03174
7.9601 0.0316831
7.96405 0.0315922
7.96812 0.0316291
7.97234 0.0318221
7.97856 0.0340071
7.9826 0.0319937
7.98273 0.0321221
7.98715 0.0325077
7.99051 0.0318376
7.99493 0.0322227
7.9989 0.0321599
8.00243 0.0316527
8.00675 0.031949
8.01073 0.0318886
8.0165 0.0336268
8.02114 0.0322198
8.02374 0.0307822
8.02796 0.0277731
8.03008 0.0339236
8.03401 0.0318125
8.03792 0.0316889
8.04235 0.0320775
8.04597 0.031667
8.05004 0.0317029
8.05417 0.0318031
8.05805 0.0316489
8.06206 0.0316191
8.06821 0.0337385
8.07219 0.0316648
8.07622 0.0316696
8.08033 0.0317381
8.08423 0.0316121
8.08865 0.0319967
8.0924 0.0317141
8.09644 0.031716
8.10048 0.0317194
8.10665 0.0338603
8.11079 0.0319462
8.1146 0.0317268
8.11908 0.0321761
8.12411 0.033172
8.12796 0.0277695
8.1286 0.032445
8.13187 0.031681
8.13199 0.0318094
8.13584 0.0316246
8.14074 0.0324916
8.14395 0.0316649
8.14808 0.0317651
8.15218 0.0318252
8.15808 0.0316744
8.16206 0.0316181
8.16619 0.0317212
8.17023 0.0317275
8.17417 0.031636
8.1786 0.0320276
8.18257 0.0319653
8.1827 0.0320937
8.18648 0.0318403
8.19052 0.0318437
8.19064 0.0319721
8.19635 0.0336417
8.20101 0.0322589
8.20486 0.0320667
8.20857 0.0317495
8.2087 0.0318779
8.2128 0.0319465
8.21662 0.0317271
8.22145 0.0325315
8.22578 0.0328257
8.22796 0.0277738
8.23008 0.0319075
8.23389 0.0316847
8.23786 0.0316233
8.24392 0.0336464
8.24808 0.0317609
8.25231 0.0319574
8.25612 0.031738
8.2601 0.0316811
8.26414 0.0316835
8.26811 0.0316231
8.27231 0.031785
8.27628 0.0317281
8.28058 0.0319883
8.28718 0.0345536
8.29051 0.0318356
8.29512 0.0324153
8.29871 0.0319708
8.29884 0.0320992
8.30243 0.0316542
8.30672 0.0319094
8.31079 0.0319463
8.31457 0.0316959
8.31895 0.0320483
8.32376 0.0328221
8.32801 0.0278273
8.32827 0.0321177
8.33391 0.0337239
8.33792 0.0316848
8.3426 0.0323273
8.34625 0.0319484
8.34994 0.0316037
8.35417 0.0318011
8.35812 0.0317131
8.36216 0.0317189
8.36613 0.0316586
8.37013 0.0316259
8.37621 0.0316578
8.38102 0.0324281
8.38467 0.0320463
8.3889 0.0322408
8.39332 0.0326294
8.39633 0.0316086
8.40066 0.0318999
8.40494 0.0321556
8.4086 0.0317763
8.41463 0.0337712
8.41911 0.0322042
8.41924 0.0323326
8.42379 0.0328495
8.42392 0.0329779
8.42795 0.0277694
8.42834 0.0321881
8.43203 0.0318404
8.43591 0.0316867
8.44074 0.0324916
8.44087 0.03262
8.44395 0.0316649
8.44808 0.0317611
8.45221 0.0318602
8.45615 0.0317653
8.46214 0.0337162
8.46614 0.0316701
8.47021 0.0317076
8.47422 0.0316783
8.47851 0.0319415
8.48261 0.0320076
8.48646 0.031817
8.48658 0.0319453
8.49049 0.0318204
8.49485 0.0321433
8.4992 0.0324577
8.49933 0.0325861
8.5048 0.0340289
8.50868 0.0318545
8.51268 0.0318258
8.51281 0.0319542
8.5165 0.0316065
8.52146 0.0325392
8.52579 0.0328295
8.52796 0.0277775
8.53008 0.0319113
8.53386 0.0316574
8.53793 0.0316973
8.54216 0.0318918
8.54617 0.031863
8.55226 0.0339236
8.55614 0.0317497
8.56008 0.0316617
8.56412 0.0316681
8.5681 0.0316117
8.5722 0.0316802
8.57628 0.0317206
8.58057 0.0319808
8.58448 0.0318558
8.58461 0.0319842
8.5889 0.0322415
8.59508 0.0323727
8.5988 0.0320566
8.60245 0.0316778
8.6067 0.0318979
8.61074 0.0319037
8.61459 0.0317155
8.6191 0.0321964
8.62378 0.0328417
8.62801 0.0278199
8.62813 0.0319818
8.62826 0.0321102
8.63192 0.0317313
8.63586 0.0316399
8.64223 0.033978
8.6463 0.0319987
8.65002 0.031685
8.65425 0.0318825
8.6581 0.0316972
8.66207 0.0316368
8.66618 0.0317048
8.67011 0.0316099
8.67422 0.031678
8.68101 0.0344368
8.68479 0.0321667
8.68902 0.0323612
8.69324 0.0325552
8.69638 0.0316628
8.70099 0.0322386
8.70458 0.0317936
8.70471 0.0319219
8.70875 0.0319238
8.71279 0.0319301
8.71653 0.0316446
8.7217 0.0327719
8.72214 0.0332198
8.72586 0.0308899
8.72804 0.0278547
8.73195 0.033783
8.73583 0.0316126
8.7408 0.0325458
8.74432 0.0320386
8.74794 0.0316247
8.74807 0.0317531
8.75224 0.0318873
8.75615 0.0317653
8.7601 0.0316773
8.76429 0.0318351
8.77018 0.0336972
8.77426 0.0317173
8.77855 0.0319805
8.78265 0.0320466
8.78656 0.0319216
8.79034 0.0316683
8.79482 0.0321156
8.79899 0.0322474
8.80238 0.0316118
8.80671 0.031906
8.81277 0.0319113
8.81662 0.0317265
8.82123 0.0323047
8.82578 0.0328211
8.82795 0.0277692
8.83007 0.0319029
8.83388 0.0316801
8.83401 0.0318085
8.83792 0.0316889
8.8426 0.0323313
8.84613 0.0318241
8.84994 0.0316077
8.85418 0.0318052
8.8601 0.0336978
8.86411 0.0316523
8.86821 0.0317243
8.87231 0.0317929
8.87626 0.0317049
8.88074 0.0321562
8.88452 0.0319028
8.88882 0.03216
8.88894 0.0322884
8.89327 0.0325797
8.89878 0.0340582
8.90243 0.0316626
8.90668 0.0318787
8.91076 0.0319156
8.91473 0.0318563
8.91912 0.0322127
8.92377 0.0328265
8.92799 0.0278046
8.92825 0.0320949
8.93193 0.0317472
8.93584 0.0316246
8.94074 0.0324917
8.94395 0.031665
8.94998 0.0336559
8.95424 0.0318677
8.95809 0.0316824
8.96206 0.031626
8.9661 0.0316279
8.97013 0.0316303
8.97417 0.0316361
8.97853 0.0319614
8.98276 0.032156
8.98897 0.0343361
8.9932 0.0325134
8.99634 0.031621
9.00091 0.0321576
9.0046 0.0318121
9.00873 0.0319112
9.0128 0.0319487
9.01655 0.0316627
9.02113 0.0322097
9.02126 0.0323381
9.02581 0.032858
9.02799 0.0278061
9.03011 0.0319398
9.03389 0.0316859
9.04077 0.0345371
9.04395 0.0316619
9.04812 0.0317967
9.05235 0.0319931
9.05613 0.0317427
9.06014 0.0317164
9.06408 0.0316254
9.06818 0.0316895
9.07221 0.0316908
9.07858 0.0340303
9.08249 0.031888
9.08628 0.0316376
9.09031 0.0316405
9.09435 0.0316468
9.09887 0.0321322
9.10249 0.0317212
9.10675 0.0319442
9.11075 0.0319145
9.11486 0.0319835
9.12146 0.032534
9.12159 0.0326624
9.12377 0.0308086
9.12795 0.0277684
9.13007 0.0339189
9.13392 0.0317144
9.13786 0.0316259
9.1426 0.032334
9.14613 0.0318267
9.14998 0.0316415
9.15421 0.0318389
9.15803 0.0316225
9.16206 0.0316244
9.16821 0.0337437
9.17234 0.0318226
9.17626 0.0317035
9.18087 0.0322832
9.181 0.0324116
9.18465 0.0320298
9.18478 0.0321582
9.18894 0.0322871
9.19324 0.0325473
9.19638 0.0316549
9.2006 0.0318489
9.20669 0.0338986
9.21076 0.0319188
9.2146 0.0317305
9.21883 0.031923
9.22377 0.0328251
9.22796 0.0277727
9.2286 0.0324482
9.232 0.0318126
9.23585 0.0316278
9.24078 0.0325259
9.24392 0.0316365
9.24799 0.0316705
9.25215 0.0317968
9.25808 0.0336939
9.26206 0.0316207
9.26619 0.0317238
9.27023 0.0317302
9.27421 0.0316698
9.27857 0.0319952
9.28267 0.0320613
9.28657 0.0319363
9.29061 0.0319397
9.29644 0.0337377
9.30092 0.0321643
9.30105 0.0322926
9.30473 0.0319409
9.30861 0.0317833
9.31281 0.0319491
9.31662 0.0317298
9.32149 0.0325652
9.32582 0.0328595
9.32799 0.0278076
9.33001 0.031844
9.33389 0.0316834
9.33786 0.031626
9.34248 0.0322057
9.34812 0.0338155
9.35232 0.031964
9.35613 0.0317447
9.36005 0.0316256
9.36418 0.0317252
9.36812 0.0316338
9.37232 0.0317956
9.37629 0.0317387
9.38078 0.03219
9.38648 0.0338596
9.39042 0.0317489
9.39055 0.0318773
9.39503 0.0323286
9.39516 0.032457
9.39875 0.0320125
9.40244 0.0316648
9.40673 0.031924
9.41077 0.0319298
9.41458 0.0317105
9.41897 0.0320629
9.42378 0.0328367
9.428 0.0278148
9.42813 0.0319767
9.43194 0.0317574
9.43794 0.0337202
9.44262 0.0323458
9.44627 0.031967
9.44996 0.0316222
9.45419 0.0318197
9.45814 0.0317317
9.46214 0.0317024
9.46614 0.0316732
9.47024 0.0317378
9.47623 0.0336971
9.48101 0.0324195
9.48479 0.0321661
9.48889 0.0322323
9.49318 0.0324925
9.49645 0.0317285
9.50097 0.0322109
9.50471 0.0319214
9.50849 0.0316704
9.50862 0.0317988
9.51458 0.0337276
9.51913 0.0322188
9.5222 0.0312607
9.52797 0.027784
9.52835 0.0333811
9.53194 0.0317577
9.53592 0.0317013
9.54092 0.0326657
9.54393 0.0316479
9.548 0.0316818
9.55223 0.0318783
9.55617 0.0317873
9.56015 0.0317265
9.5662 0.033744
9.57014 0.0316363
9.57418 0.0316421
9.57854 0.0319675
9.58264 0.0320336
9.58661 0.0319713
9.59039 0.031718
9.59052 0.0318464
9.59487 0.0321693
9.59922 0.0324837
9.60483 0.034055
9.60873 0.0319116
9.61281 0.0319491
9.61662 0.0317298
9.62149 0.0325652
9.62579 0.0328283
9.62796 0.0277764
9.63008 0.0319101
9.63389 0.0316874
9.63796 0.0317272
9.64226 0.0319874
9.64623 0.0319236
9.65001 0.0316721
9.65613 0.0337609
9.66008 0.0316561
9.66412 0.0316625
9.66812 0.0316372
9.67223 0.0317057
9.67617 0.0316177
9.68047 0.0318779
9.6845 0.0318813
9.68879 0.0321386
9.69507 0.0343839
9.69879 0.032051
9.70244 0.0316722
9.7066 0.031791
9.70673 0.0319194
9.71076 0.0319253
9.71474 0.0318659
9.71913 0.0322224
9.72375 0.032805
9.728 0.0278142
9.72813 0.0319762
9.73194 0.0317568
9.73588 0.0316654
9.74081 0.0325596
9.74094 0.032688
9.74629 0.0340064
9.74998 0.0316448
9.75421 0.0318423
9.75813 0.0317232
9.76213 0.0316939
9.7661 0.0316336
9.77024 0.0317332
9.77421 0.0316729
9.77857 0.0319982
9.78491 0.0343067
9.78901 0.0323561
9.78914 0.0324845
9.79318 0.0324879
9.7933 0.0326163
9.79645 0.0317239
9.8009 0.0321401
9.80102 0.0322685
9.80458 0.0317924
9.80862 0.0317943
9.80875 0.0319227
9.81275 0.0318939
9.81288 0.0320223
9.81656 0.0316706
9.82169 0.0327629
9.82213 0.0332107
9.82579 0.0308146
9.82797 0.0277795
9.83008 0.0319132
9.83595 0.0337447
9.84079 0.0325328
9.84393 0.0316433
9.84813 0.0318057
9.85226 0.0319088
9.85605 0.0316584
9.86012 0.0316988
9.86412 0.03167
9.86829 0.0318003
9.87425 0.0337285
9.87855 0.0319748
9.88271 0.0321066
9.88649 0.0318533
9.8904 0.0317283
9.89482 0.0321134
9.89495 0.0322418
9.89905 0.0323074
9.90244 0.0316718
9.90674 0.031931
9.91276 0.0339219
9.91289 0.0340503
9.91661 0.0317204
9.92148 0.0325518
9.9216 0.0326802
9.92577 0.032815
9.92795 0.0277631
9.93007 0.0318968
9.93404 0.0318335
9.93785 0.0316166
9.94227 0.0320052
9.94618 0.0318791
9.94996 0.0316277
9.9542 0.0318251
9.9581 0.0316941
9.96409 0.0336539
9.9682 0.0317092
9.97236 0.0318439
9.97628 0.0317248
9.98048 0.0318877
9.98454 0.0319222
9.98467 0.0320506
9.98896 0.0323079
9.99325 0.0325641
9.99639 0.0316717

