% time_sec delay_sec
1.13867 0.0386459
1.13867 0.0386459
1.23866 0.0386411
1.33865 0.0386278
1.43656 0.340546
1.43867 0.0386505
1.53867 0.0386437
1.63865 0.0386305
1.73874 0.0387159
1.73932 0.34063
1.83866 0.0386379
1.93791 0.237215
1.94004 0.0399943
1.94193 0.0439017
1.94606 0.044
2.03793 0.131835
2.04016 0.0401164
2.04194 0.0439152
2.04598 0.0439203
2.05004 0.0439516
2.05409 0.0439617
2.05819 0.0440286
2.06211 0.0439127
2.06626 0.0440305
2.07028 0.0440165
2.07628 0.0439647
2.08033 0.0439863
2.08433 0.0439536
2.08849 0.0440809
2.08862 0.0442093
2.0931 0.044659
2.09649 0.0440139
2.1005 0.0439857
2.10456 0.0440176
2.1085 0.0439217
2.11456 0.0459477
2.11879 0.0441268
2.12292 0.044227
2.12305 0.0443554
2.12741 0.0446773
2.13144 0.0446802
2.136 0.0451996
2.14012 0.0400799
2.1407 0.0446897
2.14423 0.0441825
2.14435 0.0443109
2.14804 0.0439632
2.15227 0.0441556
2.15605 0.0439052
2.1622 0.0460275
2.16618 0.0439538
2.17025 0.0439912
2.17422 0.0439269
2.17842 0.0440927
2.18265 0.0442873
2.18694 0.044544
2.19097 0.0445434
2.19488 0.0444185
2.19917 0.0446707
2.2049 0.0463703
2.20878 0.0441959
2.21282 0.0442022
2.21666 0.0440135
2.22128 0.0445956
2.22474 0.0440257
2.22868 0.0439318
2.23275 0.0439653
2.23351 0.0447327
2.23796 0.0451498
2.24008 0.0400351
2.242 0.0439748
2.24213 0.0441032
2.24597 0.043915
2.2461 0.0440433
2.25226 0.0461622
2.25238 0.0462906
2.2563 0.0441517
2.26014 0.0439665
2.26415 0.0439412
2.26826 0.0440132
2.2722 0.0439183
2.27232 0.0440467
2.27627 0.0439587
2.28056 0.0442188
2.28473 0.0443506
2.28902 0.0446079
2.29479 0.0443263
2.29895 0.0444581
2.30248 0.0439509
2.30687 0.0443034
2.31075 0.0441497
2.31466 0.0440277
2.31869 0.0440295
2.32296 0.0442581
2.3274 0.0446693
2.33343 0.0466613
2.33593 0.0431126
2.34013 0.0400833
2.34231 0.0462965
2.34622 0.0441577
2.35003 0.0439413
2.35427 0.0441388
2.35808 0.0439224
2.36218 0.0439904
2.36616 0.0439296
2.37026 0.0439941
2.37464 0.0443466
2.38048 0.0461475
2.38467 0.0442936
2.38896 0.0445509
2.39307 0.0446199
2.39646 0.0439843
2.40076 0.0442445
2.40476 0.0442118
2.40873 0.0441514
2.41277 0.0441538
2.4129 0.0442822
2.41667 0.0440273
2.42331 0.0466261
2.42343 0.0467545
2.42754 0.0448068
2.43145 0.0446813
2.43594 0.0451385
2.44007 0.0400268
2.4409 0.0448934
2.44427 0.0442262
2.44808 0.0440068
2.45218 0.0440709
2.45609 0.0439488
2.46016 0.0439852
2.4642 0.0439871
2.47022 0.0459775
2.47465 0.0443523
2.4784 0.0440702
2.48263 0.0442647
2.48698 0.0445877
2.49089 0.0444627
2.49493 0.0444661
2.49506 0.0445945
2.49921 0.0447183
2.49934 0.0448467
2.50248 0.0439543
2.50678 0.0442135
2.5069 0.0443419
2.5128 0.0441837
2.51664 0.0439949
2.52122 0.044542
2.52469 0.043972
2.52872 0.0439754
2.53276 0.0439778
2.53792 0.0451041
2.5401 0.0400522
2.54215 0.0441202
2.54619 0.0441266
2.55007 0.0439724
2.55417 0.0440415
2.56013 0.0459731
2.56417 0.0439627
2.56815 0.0439063
2.57222 0.0439438
2.57633 0.0440153
2.58049 0.0441471
2.58062 0.0442755
2.58466 0.0442789
2.58895 0.0445361
2.59305 0.0446052
2.59862 0.0461458
2.60244 0.0439097
2.60676 0.044196
2.6108 0.0442018
2.61458 0.0439514
2.61868 0.0440194
2.62323 0.0445364
2.62733 0.0446015
2.63073 0.0439654
2.6315 0.0447328
2.63595 0.0451509
2.64011 0.0400703
2.64069 0.0446801
2.64422 0.0441729
2.65005 0.0459767
2.65428 0.0441574
2.6581 0.043941
2.66221 0.044013
2.66615 0.043921
2.67025 0.0439896
2.67425 0.0439603
2.67852 0.0441884
2.68262 0.0442545
2.68896 0.0465631
2.68909 0.0466915
2.69338 0.0449349
2.69639 0.0439141
2.70091 0.0443965
2.70507 0.0445278
2.70873 0.0441484
2.71277 0.0441548
2.71668 0.0440283
2.72263 0.0459472
2.72468 0.0439679
2.73077 0.0440053
2.73359 0.0427905
2.74003 0.0399897
2.74087 0.0460347
2.74099 0.0461631
2.74426 0.0442207
2.74808 0.0440014
2.75218 0.0440734
2.75231 0.0442018
2.7561 0.0439514
2.76017 0.0439878
2.7642 0.0439896
2.7683 0.0440537
2.7723 0.044025
2.77849 0.0461789
2.78272 0.0443566
2.7865 0.0441032
2.79082 0.0443945
2.79095 0.0445229
2.79486 0.044398
2.79921 0.0447164
2.79934 0.0448448
2.80248 0.0439524
2.80684 0.0442777
2.81081 0.0442174
2.81126 0.0446653
2.81664 0.0460137
2.82126 0.0445751
2.82472 0.0440052
2.82879 0.0440397
2.8327 0.0439176
2.83802 0.0452074
2.84017 0.0401238
2.84222 0.0441919
2.84606 0.0440037
2.84619 0.0441321
2.85004 0.0439428
2.85414 0.0440119
2.85427 0.0441402
2.85808 0.0439199
2.86219 0.0439919
2.86815 0.0459241
2.87222 0.0439448
2.87623 0.043919
2.88052 0.0441792
2.88456 0.0441826
2.88885 0.0444398
2.88898 0.0445682
2.89334 0.0448906
2.89648 0.0439982
2.90071 0.0441927
2.90083 0.0443211
2.90672 0.0461718
2.91079 0.0441919
2.91463 0.0440037
2.91909 0.0444224
2.92306 0.044363
2.92745 0.044716
2.93078 0.0440177
2.93591 0.0451099
2.94006 0.0400213
2.9409 0.0448879
2.9443 0.0442523
2.94811 0.044033
2.95221 0.044101
2.95811 0.045967
2.96212 0.043925
2.96616 0.0439343
2.9702 0.0439406
2.97462 0.0443282
2.97853 0.0442016
2.98276 0.0443962
2.98705 0.0446534
2.99096 0.0445284
2.99647 0.0460069
3.00082 0.0443085
3.00496 0.0444142
3.00877 0.0441944
3.01281 0.0442007
3.01666 0.044012
3.02095 0.0442746
3.02467 0.0439574
3.02903 0.0442803
3.02916 0.0444087
3.03274 0.0439637
3.03797 0.0431354
3.04008 0.0400376
3.042 0.0439772
3.04213 0.0441056
3.04803 0.0459751
3.05233 0.0442209
3.05611 0.0439705
3.06022 0.0440454
3.0642 0.0439851
3.06823 0.0439904
3.07221 0.0439295
3.07625 0.0439343
3.07637 0.0440627
3.08041 0.0440651
3.0864 0.0460209
3.09044 0.0440065
3.09448 0.0440129
3.09877 0.044272
3.10255 0.0440206
3.10688 0.0443177
3.11085 0.0442529
3.1147 0.0440652
3.11876 0.0440976
3.12472 0.0460269
3.12885 0.0441068
3.13277 0.0439848
3.13796 0.0451461
3.14007 0.0400315
3.14225 0.0442279
3.1462 0.044137
3.15011 0.0440179
3.15409 0.0439586
3.15809 0.0439328
3.16216 0.0439697
3.16627 0.0440377
3.17024 0.0439779
3.1763 0.0460034
3.18049 0.0441495
3.18469 0.0443124
3.18898 0.0445697
3.19305 0.0446037
3.19645 0.0439681
3.20087 0.0443567
3.20484 0.0442889
3.20871 0.0441312
3.2148 0.0461889
3.21881 0.0441468
3.21894 0.0442752
3.22307 0.0443754
3.2232 0.0445038
3.22756 0.0448296
3.2308 0.044034
3.23593 0.0451302
3.24016 0.0401153
3.24073 0.0447251
3.24429 0.044249
3.24811 0.0440296
3.25217 0.0440626
3.25608 0.0439405
3.26015 0.043977
3.26618 0.0459708
3.27025 0.0439915
3.27423 0.0439312
3.27852 0.0441943
3.28275 0.0443888
3.28698 0.0445833
3.29102 0.0445868
3.29492 0.0444618
3.29931 0.0448113
3.3051 0.0465736
3.30878 0.0442047
3.31282 0.044207
3.31667 0.0440183
3.32125 0.0445658
3.32471 0.0439959
3.32888 0.0441277
3.33275 0.0439706
3.33791 0.0450968
3.34018 0.0401417
3.34211 0.0440814
3.34608 0.0440215
3.35003 0.0439335
3.35612 0.0459912
3.35625 0.0461196
3.36019 0.0440148
3.36417 0.0439549
3.36827 0.044027
3.37221 0.043932
3.37234 0.0440604
3.37631 0.0440035
3.38048 0.0441353
3.38465 0.0442671
3.38477 0.0443955
3.38906 0.0446528
3.39483 0.046388
3.39868 0.0441835
3.40249 0.0439642
3.40684 0.0442816
3.41078 0.0441861
3.41091 0.0443145
3.41457 0.0439357
3.41469 0.0440641
3.4187 0.0440348
3.42293 0.0442323
3.42741 0.0446786
3.43343 0.0466706
3.43597 0.043153
3.44013 0.0400891
3.44071 0.044699
3.44629 0.046243
3.45007 0.0439788
3.45417 0.0440478
3.4543 0.0441762
3.45812 0.0439598
3.46219 0.0439968
3.46626 0.0440372
3.47023 0.0439733
3.47466 0.0443609
3.4785 0.0441761
3.48472 0.0463563
3.48882 0.0444056
3.48895 0.044534
3.49305 0.0446031
3.49645 0.0439675
3.5008 0.0442904
3.50478 0.0442306
3.50491 0.044359
3.50872 0.0441391
3.51292 0.044305
3.51663 0.0439839
3.51676 0.0441122
3.52342 0.0467427
3.52816 0.045434
3.5308 0.044031
3.53592 0.0451272
3.54016 0.0401128
3.54086 0.044851
3.54099 0.0449794
3.54429 0.0442465
3.5481 0.0440272
3.55217 0.0440601
3.55621 0.0440665
3.56015 0.0439745
3.56419 0.0439803
3.56829 0.0440483
3.57422 0.0459455
3.57842 0.0440945
3.58265 0.0442891
3.58278 0.0444174
3.58707 0.0446747
3.59088 0.0444524
3.59101 0.0445808
3.59492 0.0444558
3.59505 0.0445842
3.59892 0.0444237
3.60257 0.0440448
3.60683 0.0442694
3.61276 0.0461631
3.61667 0.0440238
3.62125 0.0445708
3.62471 0.0440008
3.62869 0.0439381
3.62881 0.0440665
3.63276 0.0439755
3.63795 0.0451369
3.64007 0.0400222
3.64199 0.0439619
3.64212 0.0440903
3.64622 0.0441588
3.65013 0.0440397
3.65411 0.0439804
3.65808 0.0439235
3.66417 0.0459806
3.66818 0.0439386
3.67222 0.0439449
3.6763 0.0439853
3.68049 0.0441482
3.68479 0.0444084
3.68908 0.0446657
3.69305 0.0446024
3.69645 0.0439668
3.70253 0.046021
3.70679 0.0442243
3.7108 0.044199
3.71458 0.0439486
3.71881 0.044145
3.72307 0.0443736
3.72746 0.0447266
3.7307 0.0439309
3.73601 0.0452138
3.74004 0.0400008
3.74075 0.044739
3.74427 0.0442318
3.74806 0.0439813
3.75428 0.0461669
3.75813 0.0439648
3.76223 0.0440368
3.76627 0.0440461
3.77025 0.0439862
3.77425 0.043957
3.77851 0.044185
3.78274 0.0443796
3.78697 0.0445741
3.79325 0.0468199
3.79652 0.0440392
3.8009 0.0443892
3.8051 0.0445516
3.80878 0.0442034
3.81285 0.0442408
3.81669 0.0440481
3.82124 0.044564
3.82484 0.0441225
3.83073 0.0459861
3.83368 0.0428828
3.83792 0.0430862
3.84016 0.0401167
3.84433 0.0463017
3.84811 0.0440345
3.85225 0.0441376
3.85616 0.0440156
3.86016 0.0439858
3.8642 0.0439877
3.86817 0.0439273
3.8683 0.0440557
3.87221 0.0439297
3.87234 0.0440581
3.87625 0.043939
3.8826 0.0462505
3.88695 0.0445566
3.89051 0.0440805
3.89499 0.0445318
3.89909 0.0445935
3.89922 0.0447218
3.90249 0.0439579
3.90684 0.0442797
3.91085 0.0442505
3.91469 0.0440628
3.92141 0.046747
3.92154 0.0468754
3.92468 0.0439662
3.92868 0.0439346
3.92881 0.044063
3.93275 0.043972
3.93801 0.0451995
3.94013 0.0400849
3.94218 0.044153
3.94231 0.0442813
3.94622 0.0441553
3.95013 0.0440322
3.95423 0.0441013
3.9582 0.0440444
3.96218 0.0439841
3.96615 0.0439272
3.97225 0.0459848
3.97632 0.0440084
3.98049 0.0441402
3.98465 0.044272
3.98881 0.0444009
3.98894 0.0445293
3.99304 0.0445984
3.99644 0.0439627
4.0008 0.0442851
4.00487 0.0443203
4.0107 0.0461161
4.01082 0.0462445
4.01467 0.0440395
4.0188 0.0441387
4.023 0.0443045
4.02313 0.0444329
4.02755 0.044817
4.03075 0.0439903
4.03592 0.0451176
4.04017 0.0401302
4.04075 0.0447401
4.04428 0.0442329
4.04812 0.0440476
4.05219 0.0440805
4.05613 0.0439896
4.0622 0.046018
4.06617 0.0439409
4.07021 0.0439467
4.07432 0.0440217
4.07848 0.0441554
4.08246 0.044096
4.08259 0.0442244
4.08637 0.043974
4.09041 0.0439769
4.09448 0.0440143
4.10078 0.0462818
4.10091 0.0464102
4.10459 0.0440441
4.1086 0.0440183
4.11283 0.0442153
4.11667 0.044026
4.12087 0.0441913
4.12132 0.0446392
4.12465 0.0439409
4.12869 0.0439443
4.13349 0.0447141
4.13798 0.0451662
4.14009 0.0400516
4.14202 0.0439913
4.14602 0.0439625
4.1524 0.046307
4.15618 0.0440398
4.16016 0.0439829
4.16414 0.0439265
4.16827 0.0440297
4.17244 0.0441604
4.17635 0.0440373
4.18051 0.0441691
4.18471 0.044332
4.18484 0.0444604
4.19051 0.0460954
4.19502 0.0445611
4.19909 0.0445956
4.20249 0.04396
4.20678 0.0442191
4.21079 0.0441899
4.21457 0.0439394
4.2147 0.0440678
4.2187 0.0440386
4.22293 0.044236
4.22883 0.0460951
4.23277 0.0439874
4.23591 0.0430945
4.24014 0.0400968
4.24232 0.0463101
4.24623 0.0441713
4.25008 0.043986
4.25418 0.044055
4.25813 0.043967
4.26217 0.0439729
4.2623 0.0441012
4.26627 0.0440409
4.27027 0.0440082
4.27466 0.0443646
4.28049 0.0461655
4.28062 0.0462939
4.28459 0.0442143
4.28472 0.0443427
4.28901 0.0446
4.29331 0.0448602
4.29645 0.0439678
4.3009 0.0443875
4.3048 0.0442575
4.30871 0.0441349
4.31291 0.0443008
4.31919 0.0465445
4.3232 0.0444995
4.32756 0.0448254
4.33076 0.0439987
4.33602 0.0452232
4.34012 0.0400764
4.34082 0.0448146
4.34429 0.0442447
4.3481 0.0440254
4.35227 0.0441556
4.35608 0.0439363
4.36018 0.0440038
4.36422 0.0440056
4.37024 0.0460001
4.37422 0.0439269
4.37842 0.0440927
4.38278 0.0444157
4.38656 0.0441623
4.39104 0.0446136
4.39495 0.0444886
4.3993 0.0448031
4.40257 0.0440391
4.40862 0.0460577
4.40875 0.0461861
4.41285 0.0442378
4.41657 0.0439207
4.42125 0.0445655
4.42471 0.0439956
4.42875 0.043999
4.43278 0.0440014
4.43794 0.0451276
4.44012 0.0400757
4.44217 0.0441438
4.44611 0.0440529
4.44624 0.0441812
4.45003 0.0439337
4.45413 0.0440028
4.45426 0.0441312
4.46016 0.0459967
4.4642 0.0439858
4.46817 0.0439294
4.47221 0.0439357
4.47635 0.0440383
4.48052 0.0441701
4.48468 0.0443019
4.48897 0.0445592
4.49307 0.0446282
4.49897 0.0464884
4.50249 0.0439644
4.50665 0.0440872
4.50678 0.0442156
4.51082 0.0442214
4.5146 0.043971
4.5187 0.044039
4.52306 0.0443649
4.52735 0.0446206
4.53152 0.0447519
4.53601 0.045209
4.54017 0.0401284
4.54075 0.0447382
4.54427 0.044231
4.55001 0.0459375
4.55428 0.0441493
4.55816 0.0439951
4.56226 0.0440672
4.56627 0.0440419
4.57024 0.0439781
4.57422 0.0439217
4.57848 0.0441497
4.58271 0.0443443
4.58905 0.0466528
4.59324 0.0447989
4.59651 0.044035
4.6009 0.044389
4.6051 0.0445514
4.60872 0.0441409
4.61279 0.0441784
4.61292 0.0443067
4.61663 0.0439856
4.62265 0.0459747
4.62817 0.0474531
4.63076 0.0439983
4.63358 0.0427834
4.63371 0.0429118
4.64006 0.0400138
4.64089 0.0460588
4.64102 0.0461872
4.64429 0.0442448
4.6481 0.0440255
4.65217 0.0440624
4.6523 0.0441908
4.65608 0.0439404
4.66015 0.0439768
4.66419 0.0439786
4.66819 0.0439454
4.67232 0.0440451
4.67851 0.046199
4.68261 0.0442483
4.68652 0.0441234
4.68697 0.0445713
4.69084 0.0444146
4.69097 0.044543
4.69488 0.0444181
4.69926 0.0447676
4.69939 0.044896
4.70253 0.0440036
4.70683 0.0442627
4.71083 0.0442335
4.71669 0.0460615
4.72153 0.0448496
4.72474 0.0440228
4.72871 0.0439601
4.72884 0.0440885
4.73278 0.0439975
4.73797 0.0451589
4.74022 0.0401726
4.74227 0.0442407
4.74611 0.0440525
4.74624 0.0441808
4.75012 0.0440267
4.75422 0.0440957
4.7581 0.0439415
4.7622 0.0440096
4.76817 0.0459418
4.77224 0.0439625
4.77625 0.0439367
4.78041 0.0440685
4.78054 0.0441968
4.78458 0.0442003
4.78887 0.0444575
4.79307 0.0446199
4.79646 0.0439843
4.80082 0.0443067
4.80674 0.0461924
4.81081 0.0442126
4.81459 0.0439621
4.81908 0.0444119
4.8192 0.0445403
4.82356 0.0448632
4.82369 0.0449916
4.82814 0.0454078
4.83077 0.0440048
4.83593 0.0451281
4.84006 0.0400124
4.84089 0.044879
4.84435 0.0443056
4.848 0.0439268
4.8523 0.0441854
4.85813 0.0459892
4.86214 0.0439472
4.86615 0.0439219
4.87019 0.0439282
4.87433 0.0440314
4.87849 0.0441621
4.88272 0.0443566
4.88695 0.0445512
4.89098 0.0445546
4.8965 0.046033
4.90072 0.0442102
4.90085 0.0443386
4.90511 0.0445672
4.9088 0.044219
4.91284 0.0442253
4.91659 0.0439393
4.92133 0.0446498
4.92466 0.0439475
4.92883 0.0440793
4.93373 0.0449463
4.93793 0.0430978
4.9402 0.0401594
4.942 0.0439707
4.94812 0.046059
4.95222 0.0441102
4.95613 0.0439882
4.96017 0.0439975
4.96425 0.0440349
4.96841 0.0441652
4.97232 0.0440391
4.97632 0.0440133
4.98049 0.0441451
4.98062 0.0442735
4.98712 0.0467416
4.99052 0.0440892
4.995 0.0445405
4.9991 0.0446061
5.0025 0.0439705
5.00683 0.0442705
5.01087 0.0442723
5.01465 0.0440219
5.01865 0.0439887
5.01878 0.0441171
5.02471 0.0460142
5.02884 0.0440941
5.03275 0.0439721
5.03801 0.0451996
5.04013 0.040085
5.04218 0.0441531
5.04231 0.0442814
5.04606 0.0439994
5.0501 0.0440042
5.0542 0.0440732
5.05817 0.0440124
5.06218 0.0439826
5.06618 0.0439573
5.07026 0.0439942
5.07635 0.0460533
5.08032 0.0439767
5.08436 0.043983
5.08872 0.0443054
5.0924 0.0439567
5.0965 0.0440247
5.10051 0.043993
5.10454 0.0439899
5.10466 0.0441182
5.10854 0.0439641
5.10867 0.0440925
5.11457 0.045959
5.1188 0.0441381
5.12332 0.04462
5.12345 0.0447484
5.12755 0.0448175
5.13075 0.0439908
5.13598 0.0451803
5.14014 0.0400996
5.14072 0.0447095
5.14434 0.044299
5.14813 0.0440486
5.15226 0.0441477
5.15617 0.0440257
5.16018 0.0439999
5.16624 0.0460249
5.17028 0.0440144
5.17425 0.0439541
5.17845 0.0441199
5.18312 0.0447623
5.18703 0.0446374
5.19103 0.0446057
5.19494 0.0444807
5.19932 0.0448263
5.2048 0.0462691
5.2087 0.0441218
5.20883 0.0442502
5.21277 0.0441553
5.21658 0.043936
5.22087 0.0441946
5.22132 0.0446425
5.22466 0.0439442
5.22882 0.044076
5.2328 0.0440161
5.23802 0.0452006
5.24013 0.040086
5.24205 0.0440256
5.24606 0.0439969
5.2501 0.0440022
5.25622 0.046091
5.26013 0.0439511
5.2642 0.0439886
5.26824 0.0439944
5.27231 0.0440318
5.27628 0.043971
5.28058 0.0442312
5.28474 0.044363
5.28916 0.0447486
5.29512 0.0466749
5.29871 0.0442137
5.30249 0.0439632
5.30684 0.0442806
5.31078 0.0441852
5.3146 0.0439659
5.31892 0.0442561
5.32321 0.0445163
5.32804 0.0453097
5.33275 0.0459891
5.33599 0.0431728
5.34019 0.0401435
5.34076 0.0447533
5.34634 0.0462974
5.35009 0.0439981
5.35419 0.0440671
5.35814 0.0439791
5.36215 0.0439538
5.36625 0.0440259
5.37022 0.043962
5.37433 0.0440341
5.3785 0.0441688
5.38474 0.0463801
5.38884 0.0444294
5.39307 0.0446269
5.39647 0.0439913
5.40082 0.0443102
5.40482 0.0442775
5.4087 0.0441238
5.4129 0.0442897
5.41669 0.0440393
5.42345 0.046767
5.42755 0.0448193
5.43076 0.0439926
5.43601 0.0452172
5.44018 0.040136
5.44076 0.0447459
5.44431 0.0442698
5.44813 0.0440504
5.45229 0.0441807
5.45611 0.0439613
5.45623 0.0440897
5.46014 0.0439666
5.46414 0.0439339
5.46818 0.0439398
5.46831 0.0440682
5.47434 0.0460626
5.47838 0.0440521
5.47851 0.0441805
5.48261 0.0442467
5.48274 0.044375
5.48652 0.0441217
5.48696 0.0445696
5.4909 0.0444757
5.49494 0.0444791
5.49926 0.0447664
5.50253 0.0440024
5.50679 0.0442305
5.50692 0.0443589
5.51278 0.0461863
5.51669 0.044043
5.52156 0.044879
5.52477 0.0440523
5.52877 0.0440206
5.53281 0.044027
5.538 0.0451883
5.54012 0.0400736
5.54204 0.0440133
5.54217 0.0441417
5.54624 0.0441752
5.55002 0.0439277
5.55412 0.0439968
5.5581 0.0439359
5.56422 0.0460276
5.56823 0.0439855
5.57227 0.0439919
5.57625 0.043935
5.58054 0.0441952
5.58471 0.044327
5.589 0.0445842
5.59306 0.0446182
5.59646 0.0439826
5.60258 0.0460679
5.6068 0.0442401
5.61075 0.0441487
5.61456 0.0439293
5.61904 0.0443791
5.62334 0.0446393
5.6275 0.0447666
5.6307 0.0439399
5.63593 0.0451294
5.64015 0.040111
5.64073 0.0447208
5.64435 0.0443103
5.64801 0.0439315
5.65432 0.0462143
5.65811 0.0439461
5.66215 0.0439519
5.66625 0.0440239
5.67023 0.0439641
5.67433 0.0440361
5.6785 0.0441668
5.68272 0.0443614
5.68714 0.044747
5.69329 0.0468644
5.69643 0.0439553
5.70095 0.0444377
5.7048 0.0442495
5.70876 0.0441851
5.7129 0.0442848
5.71661 0.0439682
5.72155 0.0448703
5.72476 0.0440436
5.73078 0.0460356
5.73363 0.0428351
5.73803 0.0431979
5.74014 0.0401
5.74437 0.0463473
5.74803 0.0439517
5.75229 0.0441832
5.75608 0.0439328
5.76015 0.0439732
5.76425 0.0440417
5.76438 0.0441701
5.76826 0.0440125
5.77223 0.0439526
5.77627 0.0439619
5.78262 0.0462734
5.78653 0.0441316
5.7904 0.043975
5.79489 0.0444263
5.79901 0.0445191
5.80254 0.0440119
5.8068 0.0442404
5.81084 0.0442423
5.81462 0.0439919
5.81475 0.0441202
5.82154 0.0468781
5.82465 0.0439333
5.82872 0.0439678
5.83279 0.0440053
5.83798 0.0451666
5.84022 0.0401769
5.84227 0.044245
5.84612 0.0440568
5.84625 0.0441852
5.85009 0.0439959
5.85419 0.044065
5.85816 0.0440041
5.8622 0.0440099
5.86618 0.0439496
5.87227 0.0460072
5.87628 0.0439646
5.88044 0.0440964
5.88461 0.0442282
5.8889 0.0444855
5.89345 0.0450025
5.89646 0.0439817
5.90075 0.0442419
5.90472 0.0441741
5.90485 0.0443025
5.91071 0.0461294
5.91084 0.0462578
5.91481 0.0441817
5.91882 0.0441565
5.92356 0.0448646
5.92369 0.0449929
5.9275 0.0447702
5.93071 0.0439434
5.93593 0.0451329
5.94016 0.0401145
5.94073 0.0447244
5.94433 0.0442828
5.94801 0.0439351
5.95231 0.0441977
5.95609 0.0439472
5.96212 0.0459451
5.96622 0.0439964
5.97029 0.0440338
5.97427 0.0439774
5.97844 0.0441082
5.98279 0.0444311
5.98657 0.0441777
5.98702 0.0446256
5.99105 0.0446251
5.99496 0.0445001
6.00098 0.0464847
6.0048 0.0442504
6.00873 0.044155
6.01277 0.0441613
6.01659 0.0439415
6.02088 0.0442041
6.02101 0.0443325
6.02473 0.0440193
6.02877 0.0440227
6.03348 0.0446952
6.03803 0.0452136
6.04014 0.0400989
6.04206 0.0440386
6.0461 0.0440444
6.05232 0.0462289
6.05245 0.0463573
6.05611 0.0439617
6.06018 0.0440016
6.06422 0.0440079
6.0682 0.043951
6.07233 0.0440496
6.07633 0.0440233
6.0805 0.0441506
6.08443 0.0440557
6.09049 0.0460783
6.09446 0.0440017
6.09888 0.0443858
6.10254 0.0440099
6.10686 0.0442951
6.11083 0.0442342
6.11461 0.0439838
6.11474 0.0441122
6.11881 0.0441491
6.12311 0.0444093
6.12884 0.046105
6.13348 0.0446985
6.13595 0.0431354
6.14018 0.0401378
6.14268 0.0466705
6.14624 0.0441776
6.15008 0.0439884
6.15418 0.0440574
6.15819 0.0440316
6.16217 0.0439713
6.16627 0.0440393
6.17027 0.0440106
6.17434 0.0440475
6.18056 0.0462301
6.18463 0.0442478
6.18905 0.0446335
6.19334 0.0448937
6.19648 0.0440013
6.20077 0.0442615
6.20484 0.044291
6.20871 0.0441333
6.21288 0.0442681
6.2191 0.0464496
6.21922 0.046578
6.2231 0.0444046
6.22323 0.044533
6.22819 0.0454628
6.23082 0.0440598
6.23598 0.0451871
6.24015 0.0401065
6.24073 0.0447163
6.24085 0.0448447
6.24435 0.0443059
6.24803 0.0439581
6.2523 0.0441857
6.25611 0.0439663
6.26022 0.0440378
6.26415 0.0439429
6.26428 0.0440713
6.27021 0.0459684
6.27428 0.0439886
6.27845 0.0441233
6.28268 0.0443178
6.28691 0.0445124
6.29063 0.0441963
6.29107 0.0446442
6.29498 0.0445192
6.2993 0.0448025
6.30257 0.0440385
6.30865 0.0460877
6.31281 0.0442017
6.31659 0.0439468
6.32156 0.0448795
6.32477 0.0440528
6.3288 0.0440562
6.33281 0.0440275
6.338 0.0451848
6.34021 0.040164
6.34226 0.0442321
6.34617 0.04411
6.35008 0.0439909
6.35419 0.04406
6.35432 0.0441884
6.36015 0.0459917
6.36422 0.0440123
6.36823 0.0439871
6.3723 0.0440245
6.37631 0.0439987
6.38083 0.0444811
6.38473 0.0443562
6.38903 0.0446134
6.39332 0.0448736
6.39345 0.045002
6.3987 0.0462236
6.40252 0.0439875
6.40668 0.0441143
6.41084 0.0442485
6.41482 0.0441892
6.41908 0.0444173
6.42325 0.0445491
6.42337 0.0446775
6.42747 0.0447386
6.4308 0.0440402
6.43599 0.0451947
6.44016 0.040114
6.44073 0.0447239
6.44433 0.0442823
6.45013 0.046051
6.45429 0.0441656
6.45817 0.0440114
6.46215 0.043955
6.46625 0.044027
6.47022 0.0439632
6.47433 0.0440352
6.47846 0.0441348
6.47859 0.0442632
6.48269 0.0443294
6.48903 0.0466379
6.4932 0.044753
6.49647 0.043989
6.50095 0.0444363
6.50482 0.0442752
6.5088 0.0442188
6.51284 0.0442252
6.51662 0.0439702
6.52168 0.0450008
6.52758 0.0468644
6.53079 0.0440209
6.5336 0.042806
6.54015 0.0401026
6.54098 0.0461476
6.54438 0.0443331
6.54803 0.0439543
6.55233 0.0442169
6.55611 0.0439664
6.56015 0.0439718
6.56425 0.0440363
6.56822 0.043972
6.57235 0.0440717
6.57841 0.0460972
6.58251 0.0441465
6.58264 0.0442749
6.58655 0.0441499
6.59061 0.0441845
6.59484 0.044379
6.59929 0.0447907
6.60256 0.0440267
6.60681 0.0442513
6.60694 0.0443797
6.61085 0.0442532
6.61658 0.0459528
6.62145 0.0447675
6.62158 0.0448959
6.62465 0.0439408
6.62872 0.0439753
6.62885 0.0441037
6.63282 0.0440438
6.63802 0.0452052
6.64013 0.0400905
6.64218 0.0441586
6.64606 0.0440015
6.64619 0.0441299
6.65003 0.0439406
6.65414 0.0440097
6.65811 0.0439488
6.66221 0.0440168
6.66824 0.0460117
6.67231 0.0440324
6.67628 0.0439715
6.68045 0.0441033
6.68461 0.0442351
6.6889 0.0444924
6.69339 0.0449432
6.69653 0.0440508
6.70082 0.044311
6.70665 0.0460994
6.71072 0.0441196
6.71116 0.0445675
6.71482 0.0441886
6.71912 0.0444518
6.72309 0.0443925
6.72805 0.0453183
6.73081 0.0440437
6.736 0.0452021
6.74016 0.0401175
6.74087 0.0448557
6.74439 0.0443479
6.74814 0.0440624
6.75221 0.0440993
6.75818 0.0460315
6.76215 0.0439584
6.76622 0.0439953
6.7702 0.0439355
6.77424 0.0439413
6.77846 0.0441343
6.77859 0.0442627
6.78269 0.0443288
6.78314 0.0447767
6.78692 0.0445233
6.78705 0.0446517
6.79064 0.0442072
6.79647 0.0460052
6.80095 0.0444357
6.8047 0.0441502
6.80482 0.0442786
6.8087 0.044121
6.81287 0.0442557
6.81662 0.0439697
6.82155 0.0448718
6.82476 0.0440451
6.8288 0.0440485
6.83373 0.0449506
6.838 0.0431683
6.84018 0.0401332
6.8421 0.0440728
6.84816 0.0460989
6.85223 0.044119
6.8562 0.0440592
6.86018 0.0440023
6.86422 0.0440086
6.86841 0.04417
6.87232 0.044044
6.87629 0.0439831
6.88081 0.0444655
6.88702 0.0466457
6.88715 0.0467741
6.89048 0.044056
6.89484 0.0443789
6.89497 0.0445073
6.89901 0.0445107
6.90253 0.0440035
6.90683 0.0442666
6.91084 0.0442414
6.91468 0.0440537
6.91865 0.0439893
6.91878 0.0441177
6.92468 0.0459843
6.92871 0.0439669
6.92884 0.0440953
6.93282 0.0440355
6.93804 0.0452279
6.94016 0.0401133
6.94234 0.0443097
6.94625 0.0441877
6.95009 0.0439984
6.95419 0.0440675
6.9582 0.0440377
6.96217 0.0439774
6.96618 0.0439521
6.97028 0.0440206
6.97631 0.046015
6.98048 0.0441301
6.98464 0.0442619
6.98906 0.0446475
6.99306 0.0446193
6.99646 0.0439837
7.00076 0.0442439
7.00505 0.0445016
7.0087 0.0441222
7.0146 0.0459887
7.01883 0.0441644
7.02312 0.0444236
7.02818 0.0454467
7.03081 0.0440437
7.03597 0.045171
7.04016 0.0401214
7.04074 0.0447313
7.04436 0.0443208
7.04805 0.043976
7.05228 0.0441725
7.05619 0.0440504
7.06014 0.0439619
7.06626 0.0460536
7.07024 0.043977
7.07431 0.0440168
7.07848 0.0441505
7.08255 0.0441845
7.08639 0.0439963
7.09043 0.0439992
7.09443 0.0439705
7.09932 0.0448291
7.10458 0.0460521
7.10865 0.0440677
7.11275 0.0441363
7.11288 0.0442647
7.11669 0.0440443
7.12156 0.0448758
7.12476 0.0440491
7.1288 0.0440525
7.12893 0.0441809
7.13284 0.0440548
7.13803 0.0452122
7.1402 0.0401603
7.14245 0.0444195
7.1461 0.0440407
7.15008 0.0439838
7.15626 0.0461347
7.16024 0.044061
7.16418 0.0439661
7.16825 0.0440031
7.17228 0.0440054
7.17626 0.0439485
7.18068 0.0443371
7.18472 0.0443405
7.18914 0.0447262
7.1951 0.0466525
7.19901 0.0445107
7.20253 0.0440035
7.20682 0.0442587
7.21076 0.0441633
7.21461 0.043975
7.21896 0.0442964
7.22325 0.0445566
7.22741 0.0446799
7.22754 0.0448083
7.2328 0.0460329
7.236 0.0431854
7.24023 0.0401878
7.24081 0.0447976
7.24642 0.0463728
7.2501 0.0440112
7.25421 0.0440803
7.25821 0.0440545
7.26216 0.043963
7.26629 0.0440622
7.27026 0.0439984
7.27436 0.0440704
7.2786 0.0442673
7.28481 0.0464475
7.28878 0.0443685
7.28891 0.0444968
7.29333 0.0448854
7.29647 0.043993
7.30076 0.0442498
7.30505 0.0445055
7.30518 0.0446339
7.30871 0.0441261
7.31287 0.0442609
7.31662 0.0439748
7.31675 0.0441032
7.32338 0.0467026
7.32758 0.0448482
7.33079 0.0440215
7.33595 0.0451488
7.34017 0.0401304
7.34088 0.0448686
7.34437 0.0443297
7.34803 0.0439509
7.35226 0.0441473
7.35613 0.0439902
7.35626 0.0441186
7.36017 0.0439915
7.36417 0.0439628
7.36821 0.0439647
7.37436 0.0460835
7.37856 0.0442326
7.38253 0.0441703
7.38266 0.0442987
7.38692 0.0445243
7.39064 0.0442082
7.39499 0.0445311
7.39931 0.0448145
7.40258 0.0440505
7.40681 0.0442435
7.40693 0.0443719
7.4128 0.0461993
7.41661 0.0439587
7.42144 0.0447631
7.42157 0.0448915
7.42478 0.0440647
7.42881 0.0440642
7.43285 0.0440705
7.43805 0.0452319
7.44016 0.0401172
7.44208 0.0440569
7.44221 0.0441853
7.44628 0.0442188
7.4501 0.0440024
7.4542 0.0440714
7.45811 0.0439484
7.46427 0.0460717
7.46824 0.0439945
7.47231 0.044028
7.47638 0.0440684
7.48055 0.0442002
7.48471 0.044332
7.489 0.0445893
7.49342 0.0449739
7.49656 0.0440815
7.50259 0.0460735
7.50671 0.0441484
7.51085 0.0442515
7.5146 0.043966
7.51908 0.0444158
7.52324 0.0445476
7.52337 0.0446759
7.52741 0.0446749
7.53074 0.0439765
7.53596 0.045166
7.54016 0.0401125
7.54073 0.0447224
7.54439 0.044343
7.54804 0.0439642
7.55436 0.046247
7.55821 0.0440449
7.56217 0.0439806
7.56628 0.0440486
7.57035 0.0440861
7.57435 0.0440568
7.57845 0.0441254
7.58268 0.0443199
7.58659 0.0441949
7.58704 0.0446428
7.59322 0.0467914
7.59649 0.0440106
7.60097 0.0444579
7.60472 0.0441724
7.60875 0.0441743
7.61279 0.0441806
7.61292 0.044309
7.61664 0.0439924
7.62154 0.0448629
7.62475 0.0440362
7.62488 0.0441646
7.63078 0.0460282
7.63366 0.0428588
7.63799 0.0431554
7.64016 0.0401203
7.64439 0.0463675
7.64805 0.0439719
7.65234 0.0442346
7.65613 0.0439841
7.66014 0.0439583
7.66427 0.044058
7.6644 0.0441864
7.6683 0.0440598
7.67237 0.0440933
7.67638 0.0440675
7.6826 0.0462506
7.68654 0.04414
7.69044 0.044015
7.69493 0.0444663
7.69905 0.044559
7.70258 0.0440518
7.70681 0.0442493
7.71085 0.0442511
7.71469 0.0440634
7.71482 0.0441918
7.72145 0.0467862
7.72478 0.0440671
7.72872 0.0439732
7.73282 0.0440418
7.73805 0.0452342
7.74016 0.0401196
7.74221 0.0441877
7.74615 0.0440927
7.75009 0.0440008
7.75423 0.0441009
7.7581 0.0439428
7.76221 0.0440148
7.76619 0.0439584
7.77231 0.0460472
7.77628 0.0439735
7.78045 0.0441053
7.78465 0.0442682
7.78894 0.0445254
7.79339 0.0449451
7.79653 0.0440527
7.80083 0.0443129
7.80473 0.0441829
7.80486 0.0443113
7.81072 0.0461383
7.81085 0.0462667
7.81482 0.0441906
7.81911 0.0444497
7.82312 0.0444215
7.82325 0.0445499
7.82754 0.0448056
7.83074 0.0439789
7.83597 0.0451684
7.84016 0.0401189
7.84074 0.0447287
7.84433 0.0442871
7.84814 0.0440678
7.85231 0.044202
7.8561 0.0439516
7.86216 0.0459806
7.86623 0.0440007
7.87023 0.043972
7.8743 0.0440089
7.87853 0.0442059
7.88276 0.0444004
7.88699 0.0445949
7.89061 0.0441815
7.89497 0.0445044
7.90101 0.0465161
7.90469 0.0441477
7.90482 0.0442761
7.90873 0.0441535
7.91277 0.0441598
7.9129 0.0442882
7.91665 0.0440027
7.92155 0.0448693
7.92476 0.0440425
7.9287 0.0439487
7.92882 0.0440771
7.93283 0.0440483
7.93802 0.0452057
7.9402 0.0401538
7.94231 0.0442846
7.94606 0.0439991
7.95231 0.0442024
7.95244 0.0443308
7.95613 0.043983
7.96023 0.0440545
7.96417 0.0439636
7.96824 0.0440005
7.97247 0.0441935
7.97638 0.0440704
7.98055 0.0442022
7.98068 0.0443306
7.98471 0.044334
7.99051 0.0460974
7.99493 0.0444657
7.99903 0.0445313
8.00255 0.0440241
8.00688 0.0443204
8.01086 0.0442601
8.01464 0.0440096
8.01884 0.0441715
8.02294 0.0442406
8.02886 0.0461268
8.03273 0.0439529
8.03594 0.0431222
8.04017 0.040124
8.04235 0.0463373
8.0461 0.0440384
8.05017 0.0440743
8.05417 0.0440461
8.05818 0.0440203
8.06218 0.0439905
8.06629 0.0440586
8.07026 0.0439987
8.07433 0.0440386
8.08033 0.0459979
8.08436 0.0439835
8.08878 0.0443681
8.0924 0.0439572
8.09644 0.043959
8.1006 0.0440908
8.10454 0.0439904
8.10466 0.0441188
8.10854 0.0439606
8.10867 0.044089
8.11287 0.0442548
8.113 0.0443832
8.11908 0.0464359
8.11921 0.0465643
8.12373 0.0450299
8.12821 0.0454812
8.13084 0.0440782
8.13597 0.0451744
8.14017 0.0401249
8.14074 0.0447347
8.1444 0.0443559
8.14808 0.0440081
8.15231 0.0441966
8.15615 0.0440084
8.16019 0.0440177
8.16427 0.0440551
8.17023 0.0439705
8.1743 0.0440075
8.1786 0.0442706
8.1827 0.0443367
8.18661 0.0442118
8.19064 0.0442152
8.195 0.0445381
8.19935 0.0448525
8.20249 0.0439601
8.20262 0.0440885
8.2087 0.0461377
8.2128 0.0441895
8.21662 0.0439702
8.22158 0.0449029
8.22479 0.0440762
8.22873 0.0439823
8.22886 0.0441107
8.23286 0.044082
8.23799 0.0451731
8.24016 0.0401212
8.24209 0.0440609
8.24222 0.0441893
8.24609 0.0440322
8.24622 0.0441606
8.25013 0.0440375
8.25625 0.0461262
8.26023 0.0440526
8.26427 0.0440549
8.26824 0.0439946
8.27231 0.044028
8.27628 0.0439711
8.28058 0.0442313
8.2807 0.0443597
8.28474 0.0443631
8.28903 0.0446204
8.28916 0.0447488
8.29345 0.045009
8.29884 0.046359
8.30256 0.0440256
8.30672 0.0441524
8.30684 0.0442808
8.31079 0.0441893
8.3147 0.0440673
8.31908 0.0444198
8.32312 0.0444232
8.32744 0.044706
8.33077 0.0440077
8.33599 0.0451972
8.34023 0.0401827
8.3408 0.0447925
8.34638 0.0463366
8.35007 0.0439751
8.35417 0.0440441
8.3543 0.0441725
8.35812 0.0439561
8.36216 0.043962
8.36626 0.04403
8.37026 0.0439973
8.37435 0.0440574
8.37858 0.0442543
8.38268 0.0443205
8.38902 0.0446123
8.39332 0.0448724
8.39646 0.0439801
8.40066 0.044143
8.40078 0.0442713
8.40507 0.044527
8.40873 0.0441477
8.4129 0.0442824
8.41664 0.0439964
8.41677 0.0441248
8.42161 0.0449296
8.42174 0.045058
8.42751 0.0467932
8.43074 0.0439809
8.43087 0.0441092
8.43603 0.0452365
8.44017 0.0401248
8.44087 0.044863
8.4444 0.0443558
8.44808 0.0440041
8.45221 0.0441033
8.45234 0.0442316
8.45615 0.0440083
8.45628 0.0441367
8.46018 0.0440057
8.46428 0.0440703
8.46822 0.0439788
8.47434 0.0460665
8.47851 0.0441845
8.48261 0.0442506
8.48658 0.0441884
8.49062 0.0441918
8.49485 0.0443863
8.49498 0.0445147
8.49933 0.0448292
8.50259 0.0440652
8.50695 0.0443865
8.51089 0.0442911
8.51662 0.0459947
8.52159 0.0449106
8.52467 0.0439555
8.52873 0.0439861
8.53284 0.0440546
8.53806 0.045247
8.54024 0.0401951
8.54216 0.0441348
8.54629 0.0442345
8.55008 0.043987
8.55421 0.0440871
8.55822 0.0440614
8.56425 0.0460563
8.56823 0.0439831
8.57233 0.0440517
8.57628 0.0439637
8.58057 0.0442239
8.58461 0.0442273
8.58902 0.0446129
8.59341 0.0449664
8.59655 0.044074
8.60072 0.0442058
8.6067 0.044141
8.61074 0.0441468
8.61119 0.0445947
8.61459 0.0439586
8.6191 0.0444394
8.62327 0.0445712
8.6234 0.0446996
8.62743 0.0446985
8.63076 0.0440002
8.63599 0.0451897
8.64018 0.0401362
8.64076 0.044746
8.64088 0.0448744
8.64438 0.0443356
8.64803 0.0439567
8.65425 0.0461423
8.65438 0.0462706
8.65823 0.0440686
8.6622 0.0440082
8.6663 0.0440763
8.67024 0.0439814
8.67434 0.0440494
8.67857 0.0442463
8.68267 0.0443125
8.68703 0.0446354
8.69324 0.046815
8.69651 0.0440343
8.70099 0.0444816
8.70471 0.044165
8.70875 0.0441668
8.71279 0.0441732
8.71666 0.0440161
8.72157 0.0448866
8.72477 0.0440599
8.72881 0.0440633
8.73375 0.0449654
8.73805 0.0432142
8.74022 0.040179
8.74432 0.0462984
8.74807 0.0439961
8.75237 0.0442587
8.75615 0.0440083
8.76023 0.0440487
8.76429 0.0440782
8.76442 0.0442066
8.76829 0.0440489
8.77233 0.0440513
8.77637 0.0440606
8.78265 0.0463064
8.78656 0.0441647
8.78701 0.0446126
8.79047 0.0440397
8.79482 0.0443586
8.79495 0.044487
8.79899 0.0444904
8.80251 0.0439832
8.80684 0.0442774
8.81084 0.0442482
8.81463 0.0439977
8.81476 0.0441261
8.81866 0.0439996
8.81879 0.044128
8.82475 0.0440405
8.82873 0.0439777
8.83286 0.0440774
8.83805 0.0452387
8.84023 0.0401868
8.8426 0.0445744
8.84273 0.0447028
8.84626 0.0441955
8.85007 0.0439791
8.85418 0.0440482
8.8543 0.0441766
8.85811 0.0439523
8.86218 0.0439892
8.86629 0.0440612
8.87231 0.0460527
8.87639 0.0440763
8.88074 0.0443992
8.88465 0.0442742
8.88894 0.0445315
8.8934 0.0449512
8.89654 0.0440588
8.90083 0.044319
8.90474 0.044189
8.91076 0.0461754
8.91486 0.0442277
8.91912 0.0444558
8.92312 0.0444276
8.92325 0.0445559
8.92754 0.0448116
8.93078 0.044016
8.93597 0.0451744
8.94017 0.0401249
8.94074 0.0447347
8.9444 0.0443559
8.94815 0.0440704
8.95231 0.0442046
8.9561 0.0439542
8.96219 0.0460142
8.96623 0.0439993
8.97026 0.0440017
8.9743 0.0440075
8.97853 0.0442045
8.98276 0.044399
8.98699 0.0445935
8.99064 0.0442112
8.995 0.0445342
9.00091 0.0464174
9.00473 0.0441835
9.00873 0.0441543
9.0128 0.0441917
9.01668 0.0440341
9.02126 0.0445811
9.02473 0.0440112
9.02876 0.0440146
9.03286 0.0440831
9.03802 0.0452054
9.0402 0.0401535
9.04212 0.0440932
9.04613 0.0440679
9.05235 0.0462529
9.05613 0.0439857
9.06014 0.0439594
9.06421 0.0439968
9.06831 0.0440609
9.07234 0.0440622
9.07637 0.044063
9.08057 0.0442254
9.08442 0.0440372
9.09044 0.0460287
9.09448 0.0440183
9.09887 0.0443752
9.099 0.0445036
9.10249 0.0439642
9.10688 0.0443157
9.11088 0.0442859
9.11498 0.044355
9.11883 0.0441662
9.11896 0.0442946
9.12312 0.0444264
9.12738 0.044647
9.13276 0.0439832
9.13594 0.0431214
9.14023 0.0401894
9.14273 0.0467222
9.14626 0.0441982
9.15011 0.0440129
9.15421 0.044082
9.15815 0.0439939
9.16219 0.0439958
9.16629 0.0440638
9.17036 0.0440973
9.17427 0.0439747
9.181 0.0466714
9.18478 0.0444013
9.18907 0.0446585
9.19336 0.0449187
9.19651 0.0440263
9.20073 0.0442203
9.20508 0.0445382
9.20861 0.0440305
9.21287 0.0442586
9.21883 0.0461828
9.22338 0.044683
9.22821 0.0454844
9.23085 0.0440814
9.23598 0.0451776
9.2402 0.0401592
9.24078 0.044769
9.24437 0.0443274
9.24812 0.0440419
9.25228 0.0441682
9.25612 0.04398
9.2602 0.0440203
9.26427 0.0440578
9.27023 0.04599
9.27434 0.0440413
9.27857 0.0442382
9.28279 0.0444327
9.28657 0.0441794
9.28702 0.0446273
9.29061 0.0441828
9.29074 0.0443112
9.29497 0.0445057
9.29925 0.0447579
9.30252 0.0439939
9.30265 0.0441223
9.30861 0.0460431
9.30873 0.0461715
9.31281 0.0441922
9.31662 0.0439728
9.32162 0.0449367
9.3247 0.0439816
9.32876 0.0440161
9.33286 0.0440807
9.33799 0.0451758
9.34023 0.0401896
9.3426 0.0445771
9.34613 0.0440699
9.34626 0.0441983
9.35014 0.0440441
9.35424 0.0441132
9.36017 0.0460138
9.36418 0.0439683
9.36825 0.0440052
9.37244 0.0441671
9.37629 0.0439818
9.38091 0.0445615
9.38469 0.0443081
9.38882 0.0444053
9.39337 0.0449223
9.39875 0.0462723
9.40257 0.0440362
9.40673 0.044167
9.4109 0.0443012
9.41471 0.0440819
9.4191 0.0444344
9.42339 0.0446945
9.42742 0.0446935
9.43092 0.0441546
9.43601 0.0452157
9.44024 0.0402013
9.44082 0.0448111
9.44403 0.0439844
9.45009 0.0460104
9.45419 0.0440627
9.45432 0.0441911
9.45814 0.0439747
9.46227 0.0440739
9.46627 0.0440446
9.47024 0.0439808
9.47434 0.0440488
9.47857 0.0442458
9.47934 0.0450132
9.48267 0.0443119
9.48889 0.0464921
9.49318 0.0447355
9.49331 0.0448639
9.49645 0.0439715
9.50097 0.0444539
9.50471 0.0441644
9.50862 0.0440419
9.51285 0.0442388
9.51669 0.0440461
9.52175 0.0450726
9.52752 0.0468078
9.53079 0.0440266
9.53374 0.0429401
9.54021 0.0401705
9.54092 0.0460871
9.54438 0.0443388
9.54813 0.0440533
9.55223 0.0441213
9.55236 0.0442497
9.55617 0.0440304
9.56015 0.0439695
9.56427 0.0440612
9.56828 0.0440359
9.57238 0.0441045
9.57854 0.0462273
9.58264 0.0442766
9.58661 0.0442144
9.59052 0.0440894
9.59487 0.0444123
9.59935 0.0448552
9.60249 0.0439628
9.60262 0.0440912
9.60682 0.044253
9.61088 0.044286
9.61662 0.0459896
9.62149 0.0448082
9.62162 0.0449366
9.6247 0.0439815
9.62873 0.0439849
9.62886 0.0441133
9.63287 0.0440846
9.63796 0.0451486
9.64021 0.0401624
9.64226 0.0442305
9.64623 0.0441666
9.64635 0.044295
9.65014 0.0440436
9.65427 0.0441437
9.65822 0.0440557
9.66219 0.0439993
9.66825 0.0460254
9.67236 0.0440772
9.6763 0.0439892
9.68059 0.0442493
9.68463 0.0442528
9.68892 0.04451
9.69341 0.0449608
9.69655 0.0440684
9.70071 0.0442002
9.70673 0.0461792
9.71076 0.0441683
9.71121 0.0446162
9.71487 0.0442374
9.71913 0.0444654
9.71926 0.0445938
9.7231 0.0444061
9.72323 0.0445345
9.72742 0.0446929
9.73079 0.0440257
9.73601 0.0452152
9.74024 0.0401928
9.74094 0.044931
9.74437 0.0443265
9.74806 0.0439788
9.75229 0.0441792
9.75813 0.045983
9.76226 0.0440653
9.76623 0.044005
9.77024 0.0439763
9.77434 0.0440443
9.77857 0.0442412
9.77934 0.0450086
9.7828 0.0444358
9.78703 0.0446303
9.79061 0.0441858
9.79645 0.0459837
9.80102 0.0445116
9.80471 0.0441639
9.80875 0.0441657
9.81288 0.0442654
9.81669 0.0440421
9.82156 0.0448775
9.8248 0.0440819
9.82886 0.0441164
9.83376 0.0449835
9.83389 0.0451118
9.83803 0.0432011
9.84021 0.040166
9.84213 0.0441057
9.84813 0.0460655
9.84825 0.0461939
9.85239 0.0442802
9.85617 0.0440298
9.86025 0.0440702
9.86425 0.0440415
9.86842 0.0441717
9.87245 0.0441741
9.87637 0.044055
9.88066 0.0443151
9.88649 0.0461131
9.8904 0.0439713
9.89053 0.0440997
9.89495 0.0444848
9.89905 0.0445505
9.90257 0.0440432
9.90687 0.0443024
9.91084 0.044242
9.91462 0.0439916
9.91475 0.04412
9.91869 0.0440246
9.91882 0.044153
9.92468 0.0459849
9.92872 0.0439716
9.92885 0.0441
9.93275 0.0439739
9.93798 0.0451664
9.94022 0.0401801
9.94227 0.0442482
9.94618 0.0441222
9.94631 0.0442506
9.95009 0.0439991
9.9542 0.0440682
9.95823 0.0440655
9.96217 0.0439741
9.96627 0.0440461
9.97031 0.0440524
9.97628 0.0459846
9.98048 0.0441308
9.98467 0.0442937
9.98909 0.0446793
9.99325 0.0448071
9.99338 0.0449355
9.99652 0.0440431

