% time_sec delay_sec
1.19534 0.0947396
1.19534 0.0947396
1.29534 0.0947348
1.39532 0.0947216
1.49249 0.396573
1.49541 0.0948066
1.59533 0.094729
1.69533 0.0947242
1.79533 0.0947311
1.79546 0.396866
1.89533 0.0947272
1.99426 0.293659
1.99818 0.0962068
1.99831 0.100369
2.00194 0.0999693
2.09387 0.187871
2.09812 0.0961538
2.09851 0.100573
2.10191 0.0999399
2.10603 0.10003
2.11007 0.100035
2.11418 0.100104
2.11841 0.1003
2.12267 0.100529
2.12638 0.100212
2.13221 0.0999924
2.13625 0.0999982
2.14096 0.100667
2.14461 0.100288
2.1483 0.0999402
2.15284 0.100452
2.15643 0.100011
2.16047 0.100016
2.16451 0.100022
2.17051 0.101985
2.17467 0.100095
2.1748 0.100223
2.17855 0.0999414
2.18323 0.100584
2.1872 0.100521
2.19187 0.101162
2.19613 0.10021
2.19626 0.100338
2.19808 0.0961059
2.20045 0.100494
2.20058 0.100622
2.20451 0.100527
2.20794 0.0999215
2.21198 0.0999278
2.21829 0.102207
2.22243 0.10029
2.22256 0.100418
2.22631 0.100136
2.23028 0.100077
2.23041 0.100205
2.23428 0.100045
2.23822 0.0999484
2.24239 0.10008
2.24636 0.10002
2.25033 0.0999595
2.25444 0.100029
2.2604 0.10196
2.26454 0.100047
2.26851 0.0999902
2.27258 0.100024
2.27653 0.0999357
2.28082 0.100196
2.28486 0.100199
2.28562 0.100967
2.28928 0.100585
2.29389 0.101168
2.29812 0.0961502
2.2987 0.10076
2.30197 0.099996
2.30834 0.102337
2.31209 0.100038
2.31613 0.100045
2.32014 0.100015
2.32414 0.0999866
2.32849 0.100301
2.33214 0.0999222
2.33618 0.099928
2.34096 0.10067
2.34455 0.100229
2.35042 0.100047
2.35439 0.0999874
2.35847 0.100028
2.36244 0.0999674
2.36654 0.100035
2.37051 0.0999711
2.37477 0.100195
2.3749 0.100324
2.37907 0.100458
2.38281 0.100173
2.38909 0.102416
2.39191 0.0991876
2.39819 0.0962215
2.39858 0.102657
2.40198 0.100005
2.40594 0.0999403
2.41008 0.100039
2.41411 0.100042
2.41841 0.100301
2.41853 0.100429
2.42292 0.100783
2.42638 0.100213
2.43029 0.100087
2.43619 0.101954
2.44103 0.100742
2.4444 0.100075
2.44834 0.0999838
2.45289 0.100496
2.45635 0.0999258
2.45648 0.100054
2.46042 0.0999623
2.46445 0.0999641
2.46849 0.099966
2.47253 0.0999723
2.47929 0.102703
2.48275 0.100113
2.48711 0.100436
2.49192 0.10121
2.49615 0.100226
2.49812 0.0961536
2.50062 0.10067
2.50075 0.100798
2.50453 0.100544
2.50466 0.100672
2.50806 0.100035
2.51209 0.100038
2.51613 0.10004
2.52007 0.099948
2.52635 0.102197
2.5302 0.0999923
2.53417 0.099929
2.53894 0.10067
2.54253 0.100226
2.54644 0.100104
2.55032 0.0999494
2.55443 0.100018
2.5584 0.0999616
2.56251 0.100034
2.56857 0.100043
2.57248 0.0999208
2.57658 0.0999923
2.58075 0.100124
2.58088 0.100252
2.58555 0.100895
2.5892 0.100513
2.59427 0.101544
2.59811 0.0961406
2.59837 0.100431
2.60193 0.0999548
2.60593 0.0999216
2.61009 0.100056
2.61606 0.101985
2.6201 0.0999736
2.62413 0.099977
2.62842 0.100233
2.63227 0.100045
2.63621 0.0999495
2.64095 0.100657
2.64447 0.10015
2.64838 0.100028
2.65441 0.102023
2.65849 0.100046
2.66246 0.09999
2.66653 0.100026
2.67051 0.0999666
2.67483 0.100257
2.67941 0.100804
2.68319 0.100551
2.68723 0.100554
2.69191 0.1012
2.69614 0.100216
2.69802 0.096054
2.70052 0.10057
2.70065 0.100698
2.70597 0.101985
2.71001 0.0999742
2.71411 0.100043
2.71866 0.100555
2.71879 0.100684
2.7234 0.101259
2.72683 0.100655
2.73026 0.10005
2.73423 0.099991
2.73824 0.0999687
2.74439 0.102086
2.74833 0.0999784
2.75244 0.10005
2.75635 0.0999284
2.76042 0.0999648
2.76055 0.100093
2.76446 0.0999666
2.76855 0.100031
2.77256 0.100002
2.77663 0.100042
2.78092 0.100299
2.78695 0.100271
2.78938 0.0986743
2.79621 0.101465
2.79812 0.0961516
2.80075 0.100796
2.80456 0.100577
2.80806 0.100037
2.81203 0.0999775
2.81613 0.100042
2.8201 0.0999812
2.82408 0.0999218
2.82827 0.100085
2.83424 0.102014
2.83828 0.100006
2.84235 0.100041
2.84645 0.100109
2.85042 0.100048
2.85452 0.100117
2.85847 0.100025
2.86244 0.0999689
2.86649 0.0999782
2.87248 0.101939
2.87662 0.100024
2.88065 0.100028
2.88482 0.10016
2.88924 0.100545
2.89487 0.102149
2.89808 0.096107
2.89878 0.100845
2.90192 0.0999528
2.90601 0.100009
2.91008 0.100046
2.91412 0.100049
2.9187 0.100596
2.92409 0.101949
2.92828 0.100091
2.92841 0.100219
2.93219 0.0999689
2.93629 0.100037
2.94128 0.100993
2.94455 0.100229
2.94468 0.100358
2.94837 0.10001
2.95279 0.100398
2.95644 0.100018
2.9625 0.102047
2.96655 0.10004
2.97059 0.100046
2.97488 0.100305
2.97975 0.101137
2.98397 0.101332
2.98731 0.10063
2.98743 0.100759
2.99186 0.101147
2.99621 0.100292
2.99813 0.0961571
3.00044 0.100482
3.0047 0.100716
3.00807 0.100048
3.01403 0.101978
3.01829 0.100188
3.02252 0.100385
3.02742 0.101252
3.03037 0.100169
3.03428 0.100043
3.03822 0.0999508
3.04226 0.0999542
3.04637 0.100026
3.05246 0.102086
3.05637 0.0999475
3.06048 0.100022
3.06445 0.0999621
3.06849 0.0999674
3.07259 0.100035
3.07663 0.10004
3.08067 0.100042
3.08467 0.100009
3.0888 0.10011
3.09383 0.0990912
3.09813 0.0961552
3.09838 0.100445
3.09851 0.100574
3.10396 0.101991
3.10804 0.100015
3.11207 0.100013
3.11611 0.100019
3.12017 0.100052
3.12408 0.0999268
3.12834 0.100152
3.13225 0.10003
3.13629 0.100036
3.14238 0.102093
3.14633 0.0999856
3.15037 0.0999949
3.15434 0.0999356
3.15447 0.100064
3.15848 0.100038
3.16242 0.0999467
3.16652 0.100015
3.1705 0.0999549
3.17473 0.100152
3.18062 0.102015
3.18469 0.100033
3.18482 0.100161
3.18911 0.100418
3.19427 0.101542
3.19818 0.0962053
3.19843 0.100496
3.20196 0.0999884
3.20602 0.100013
3.20999 0.099957
3.21442 0.100346
3.21843 0.10032
3.22269 0.100549
3.22641 0.100236
3.23221 0.102002
3.23618 0.0999289
3.24086 0.100574
3.24455 0.100226
3.24836 0.100007
3.25243 0.10004
3.25634 0.0999176
3.26041 0.099954
3.26451 0.100022
3.27051 0.101985
3.27467 0.100099
3.2748 0.100228
3.27852 0.0999145
3.27929 0.100682
3.28397 0.101324
3.28724 0.10056
3.29191 0.101206
3.29614 0.100222
3.29809 0.0961182
3.30072 0.100763
3.30472 0.10073
3.30795 0.0999302
3.31199 0.0999326
3.31615 0.100063
3.32253 0.102405
3.32638 0.100204
3.33022 0.100016
3.33416 0.0999218
3.33429 0.10005
3.3383 0.100024
3.34236 0.100058
3.34634 0.0999985
3.35041 0.100039
3.35439 0.0999796
3.36045 0.102009
3.36442 0.099932
3.36853 0.100004
3.3726 0.100037
3.37657 0.0999805
3.38074 0.100112
3.38554 0.100883
3.38932 0.10063
3.39426 0.101532
3.39817 0.096195
3.39842 0.100485
3.40198 0.100009
3.40601 0.100007
3.412 0.101963
3.41604 0.0999526
3.42011 0.099989
3.42408 0.0999297
3.42421 0.100058
3.4285 0.10031
3.43215 0.0999315
3.43622 0.0999684
3.44097 0.100676
3.44449 0.100169
3.45033 0.101973
3.45443 0.100025
3.45838 0.0999368
3.46245 0.0999738
3.46652 0.100014
3.47049 0.0999503
3.47491 0.100338
3.4794 0.100792
3.48318 0.100539
3.48895 0.102271
3.4919 0.0991708
3.49593 0.100013
3.49606 0.100141
3.49805 0.0960763
3.50189 0.101939
3.50596 0.0999591
3.51 0.0999649
3.51414 0.100065
3.51881 0.100705
3.52304 0.100899
3.52637 0.100201
3.52746 0.101288
3.53028 0.100076
3.53426 0.100017
3.54099 0.102716
3.54112 0.102845
3.54442 0.100095
3.54836 0.100004
3.55243 0.100037
3.55647 0.100043
3.56041 0.0999515
3.56445 0.0999573
3.56855 0.100025
3.57252 0.0999655
3.57855 0.10196
3.58278 0.100138
3.58707 0.100395
3.5872 0.100523
3.59191 0.1012
3.59614 0.100216
3.59626 0.100344
3.59783 0.0958589
3.60046 0.100503
3.60472 0.100728
3.60805 0.100029
3.61205 0.1
3.61603 0.0999404
3.6201 0.0999768
3.62407 0.0999175
3.63029 0.1021
3.63417 0.0999267
3.63821 0.0999355
3.64237 0.100067
3.64648 0.100136
3.6466 0.100264
3.65039 0.100017
3.65436 0.0999574
3.65847 0.100029
3.66251 0.100035
3.66844 0.101932
3.67248 0.0999219
3.67261 0.10005
3.67655 0.0999623
3.68075 0.100125
3.68555 0.100896
3.68568 0.101024
3.68933 0.100643
3.69427 0.101541
3.69817 0.096204
3.69843 0.100494
3.70189 0.0999209
3.70595 0.0999499
3.71009 0.100053
3.71407 0.0999937
3.72012 0.102019
3.72413 0.0999737
3.72829 0.100101
3.73223 0.100011
3.73627 0.100012
3.74101 0.100716
3.74113 0.100844
3.74453 0.100209
3.74831 0.0999583
3.7528 0.100412
3.75838 0.101959
3.76249 0.100014
3.76653 0.100023
3.7705 0.0999633
3.77483 0.100254
3.77496 0.100382
3.77941 0.100801
3.78319 0.100548
3.78396 0.101315
3.78723 0.100551
3.79191 0.101196
3.79613 0.100213
3.79802 0.0960467
3.80052 0.100563
3.80065 0.100691
3.80471 0.100725
3.81007 0.102046
3.81413 0.100063
3.8183 0.100193
3.82265 0.100515
3.82682 0.10065
3.83035 0.100143
3.83419 0.099955
3.8383 0.10003
3.84234 0.100033
3.84837 0.102028
3.85238 0.0999863
3.85642 0.0999926
3.86042 0.0999628
3.86446 0.0999647
3.86856 0.100033
3.87259 0.100035
3.87651 0.099916
3.88067 0.100048
3.88695 0.102294
3.88708 0.102422
3.88939 0.0986798
3.89429 0.0995474
3.89813 0.0961571
3.9005 0.102561
3.90063 0.10269
3.90473 0.100742
3.90799 0.0999731
3.91207 0.100011
3.91617 0.10008
3.92007 0.0999452
3.9202 0.100074
3.92417 0.100011
3.9283 0.100108
3.93224 0.100017
3.93827 0.102015
3.94244 0.10013
3.94634 0.100004
3.95038 0.100009
3.95449 0.100078
3.95846 0.100021
3.96243 0.0999611
3.96654 0.100033
3.97058 0.100039
3.9769 0.102322
3.98061 0.0999888
3.98465 0.0999923
3.98478 0.100121
3.98907 0.100378
3.9892 0.100506
3.99426 0.101537
3.99817 0.0961999
3.99843 0.10049
4.00189 0.0999168
4.00202 0.100045
4.00602 0.100014
4.00999 0.0999533
4.01403 0.0999562
4.01829 0.100184
4.01842 0.100312
4.02262 0.100478
4.02851 0.102337
4.03216 0.0999415
4.0363 0.100045
4.04101 0.100717
4.04113 0.100845
4.04466 0.100338
4.04838 0.100025
4.05245 0.100058
4.05639 0.0999666
4.06046 0.100006
4.06655 0.102063
4.07046 0.0999237
4.07457 0.0999987
4.07938 0.100771
4.08271 0.100073
4.08695 0.100271
4.09188 0.101172
4.09595 0.100027
4.09808 0.0961136
4.10052 0.100567
4.10395 0.0999608
4.10796 0.099935
4.112 0.0999408
4.11828 0.102188
4.1226 0.100462
4.12645 0.100277
4.1303 0.10009
4.13427 0.100026
4.13824 0.0999649
4.14227 0.0999683
4.14628 0.0999395
4.15035 0.099976
4.15644 0.102034
4.16042 0.0999599
4.16452 0.100032
4.16853 0.100007
4.1727 0.100137
4.17661 0.100014
4.18077 0.100146
4.18561 0.100948
4.18926 0.100566
4.19477 0.102041
4.19813 0.0961592
4.19871 0.100769
4.20198 0.100005
4.20826 0.102253
4.212 0.09995
4.21604 0.0999563
4.22011 0.0999927
4.22422 0.100062
4.22844 0.100252
4.23225 0.100032
4.23617 0.0999099
4.24097 0.100684
4.24636 0.102037
4.25034 0.099963
4.25444 0.100032
4.25838 0.099944
4.26242 0.0999499
4.26255 0.100078
4.26653 0.100018
4.27053 0.0999852
4.27479 0.100213
4.27492 0.100342
4.27908 0.100476
4.28472 0.10208
4.28901 0.10032
4.29183 0.0991083
4.29818 0.096205
4.29843 0.102512
4.30199 0.100019
4.30599 0.099986
4.31 0.0999607
4.31413 0.100061
4.31881 0.100701
4.32268 0.100545
4.3264 0.100231
4.33025 0.100044
4.33628 0.102039
4.34095 0.100663
4.34442 0.100093
4.34836 0.100002
4.35297 0.100581
4.35634 0.0999133
4.35647 0.100042
4.36044 0.0999808
4.36447 0.0999827
4.36851 0.0999885
4.3748 0.10224
4.37855 0.0999414
4.38278 0.100136
4.38713 0.100459
4.39194 0.101233
4.39604 0.10012
4.39617 0.100249
4.39808 0.0961099
4.40071 0.100754
4.40471 0.100722
4.40804 0.100023
4.41202 0.0999634
4.41605 0.0999658
4.42009 0.0999716
4.42638 0.10222
4.43022 0.100016
4.43419 0.0999526
4.43897 0.100694
4.44256 0.100249
4.4465 0.100158
4.45028 0.0999108
4.45041 0.100039
4.45439 0.0999798
4.45451 0.100108
4.45843 0.0999851
4.46445 0.10198
4.46843 0.0999064
4.47247 0.0999127
4.47661 0.100015
4.48077 0.100147
4.48558 0.100918
4.48923 0.100536
4.49429 0.101567
4.49813 0.0961636
4.49871 0.100773
4.50198 0.100009
4.50595 0.0999412
4.50998 0.099947
4.51601 0.101938
4.52011 0.0999932
4.52409 0.0999339
4.52844 0.100252
4.53229 0.100064
4.53626 0.100008
4.541 0.100715
4.54453 0.100208
4.54835 0.0999887
4.5544 0.102015
4.55841 0.0999721
4.56239 0.0999158
4.56653 0.100019
4.5705 0.0999551
4.57062 0.100083
4.57492 0.100347
4.57937 0.100766
4.58328 0.100641
4.58719 0.100516
4.5919 0.101192
4.596 0.10008
4.59613 0.100208
4.59802 0.0960465
4.60052 0.100562
4.606 0.102009
4.61004 0.0999978
4.61414 0.100067
4.61868 0.100579
4.61881 0.100707
4.62343 0.101287
4.62746 0.10129
4.63025 0.100043
4.63422 0.099984
4.63827 0.0999928
4.64442 0.10211
4.64454 0.102239
4.64836 0.100002
4.65243 0.100039
4.65647 0.100046
4.66041 0.0999538
4.66054 0.100082
4.66445 0.0999556
4.66845 0.0999224
4.67258 0.100022
4.67653 0.0999341
4.68274 0.102114
4.68697 0.100291
4.68927 0.098566
4.69623 0.101485
4.69805 0.0960744
4.7008 0.100847
4.70449 0.100499
4.70804 0.100022
4.71205 0.0999936
4.71605 0.0999614
4.71618 0.10009
4.72006 0.0999361
4.72409 0.0999395
4.72832 0.100134
4.73419 0.101966
4.73823 0.0999575
4.7424 0.100089
4.7465 0.100158
4.75038 0.100004
4.75448 0.100073
4.75836 0.0999185
4.76246 0.0999866
4.7665 0.0999959
4.7725 0.101956
4.7765 0.0999137
4.78054 0.0999171
4.78484 0.100177
4.78913 0.100435
4.79428 0.101558
4.79819 0.0962215
4.79845 0.100512
4.80191 0.0999384
4.80204 0.100067
4.80603 0.10003
4.80998 0.0999381
4.81408 0.100007
4.81869 0.100585
4.8242 0.102064
4.82433 0.102192
4.82865 0.100463
4.82878 0.100592
4.83218 0.099956
4.83631 0.100055
4.84127 0.100984
4.84461 0.100283
4.84839 0.100032
4.85287 0.100482
4.85634 0.099912
4.8624 0.101941
4.86653 0.100027
4.87057 0.100034
4.8749 0.100328
4.87939 0.100778
4.88393 0.101292
4.8872 0.100528
4.89188 0.101174
4.89611 0.10019
4.89784 0.0958677
4.90047 0.100512
4.90473 0.100741
4.90797 0.0999445
4.91419 0.102131
4.91832 0.100213
4.92248 0.100344
4.92261 0.100473
4.92646 0.100284
4.93043 0.100225
4.93424 0.100002
4.93819 0.0999132
4.94225 0.0999477
4.94626 0.099919
4.94639 0.100047
4.95235 0.101976
4.95639 0.0999652
4.96043 0.0999745
4.9645 0.100012
4.96867 0.100142
4.9727 0.100145
4.97658 0.0999904
4.98075 0.100122
4.98558 0.100924
4.9893 0.100608
4.9943 0.0995561
4.99475 0.100004
4.99814 0.0961698
4.99872 0.10078
4.99885 0.100908
5.00443 0.102458
5.00802 0.099999
5.01209 0.100032
5.01613 0.100039
5.02019 0.100071
5.0242 0.100042
5.02833 0.100139
5.03224 0.100017
5.03622 0.0999608
5.04244 0.102147
5.04632 0.0999764
5.05035 0.0999812
5.05446 0.10005
5.05843 0.0999894
5.06243 0.0999596
5.06644 0.0999343
5.07051 0.0999713
5.07459 0.100011
5.08058 0.10197
5.08465 0.0999911
5.08885 0.100154
5.09394 0.101215
5.09798 0.0960051
5.09868 0.100743
5.10198 0.100009
5.10604 0.100037
5.10996 0.0999182
5.11008 0.100047
5.11419 0.100116
5.11842 0.100312
5.12293 0.100793
5.1264 0.100224
5.1322 0.10199
5.13623 0.0999789
5.14098 0.100686
5.1446 0.100276
5.14838 0.100026
5.15283 0.100444
5.15643 0.100003
5.16043 0.0999769
5.1645 0.100014
5.17053 0.102008
5.1747 0.100122
5.17482 0.100251
5.17858 0.0999685
5.18389 0.10125
5.18402 0.101378
5.18729 0.100614
5.1918 0.101096
5.19193 0.101225
5.19603 0.100112
5.19616 0.100241
5.19798 0.0960047
5.20073 0.100777
5.20441 0.100426
5.208 0.0999758
5.21206 0.100009
5.21607 0.099981
5.2226 0.102482
5.22645 0.100281
5.23017 0.0999644
5.23421 0.0999673
5.23827 0.0999992
5.24231 0.100003
5.24244 0.100131
5.24631 0.0999739
5.25035 0.0999792
5.25446 0.100048
5.26039 0.101945
5.26446 0.0999656
5.2685 0.0999714
5.27257 0.100009
5.27269 0.100137
5.27654 0.099948
5.27699 0.100396
5.28083 0.100208
5.28564 0.100979
5.28942 0.100726
5.29486 0.102138
5.2982 0.0962252
5.29845 0.100516
5.30198 0.100008
5.30601 0.100006
5.312 0.101962
5.31607 0.0999827
5.32008 0.0999535
5.32411 0.0999569
5.32881 0.100622
5.33224 0.100017
5.33624 0.0999882
5.34102 0.10073
5.34455 0.100223
5.35035 0.101992
5.35432 0.0999157
5.3584 0.0999561
5.36253 0.100059
5.36651 0.100003
5.37048 0.0999391
5.3749 0.100331
5.37939 0.100785
5.3832 0.100563
5.38897 0.102295
5.39179 0.0990662
5.39596 0.100036
5.39609 0.100165
5.39807 0.0960961
5.40191 0.101959
5.40598 0.0999749
5.40999 0.0999496
5.41444 0.100369
5.41874 0.100632
5.42306 0.100924
5.4264 0.100225
5.42685 0.100673
5.43024 0.100038
5.43422 0.0999784
5.44088 0.102611
5.44444 0.100118
5.44457 0.100247
5.44838 0.100027
5.45287 0.100477
5.45649 0.100067
5.4604 0.0999436
5.4644 0.0999109
5.46453 0.100039
5.46844 0.0999168
5.46857 0.100045
5.47251 0.0999542
5.47928 0.102685
5.48274 0.100095
5.48696 0.10029
5.4918 0.101095
5.49616 0.100239
5.49792 0.0959449
5.50067 0.100718
5.50442 0.100432
5.50794 0.0999239
5.50839 0.100372
5.51208 0.100024
5.51605 0.0999597
5.52009 0.0999655
5.52412 0.099969
5.53024 0.102054
5.53422 0.0999782
5.53826 0.0999869
5.54242 0.100119
5.54649 0.100152
5.54662 0.100281
5.55041 0.100033
5.55438 0.0999738
5.55835 0.0999129
5.56249 0.100016
5.56849 0.101979
5.57253 0.0999689
5.5765 0.099912
5.5808 0.100172
5.5856 0.100943
5.58925 0.100561
5.59428 0.101557
5.59819 0.0962198
5.59845 0.10051
5.60194 0.0999678
5.60597 0.0999657
5.61004 0.100003
5.61405 0.0999744
5.61417 0.100103
5.62007 0.101965
5.62411 0.0999515
5.62833 0.100142
5.63224 0.100019
5.63631 0.100056
5.64099 0.100698
5.64112 0.100826
5.64461 0.100287
5.64826 0.0999085
5.64839 0.100037
5.65285 0.10046
5.65836 0.10194
5.6624 0.0999289
5.66651 0.100001
5.67048 0.0999411
5.67061 0.100069
5.67491 0.100333
5.67939 0.100783
5.68394 0.101297
5.6874 0.100724
5.69182 0.101113
5.69605 0.100129
5.69807 0.0960952
5.70057 0.100611
5.70069 0.10074
5.70441 0.100423
5.71005 0.102028
5.71444 0.100364
5.71854 0.100433
5.71867 0.100561
5.72296 0.100822
5.72687 0.100699
5.73027 0.100064
5.7304 0.100192
5.73415 0.0999073
5.73427 0.100036
5.73829 0.100013
5.74232 0.100017
5.74829 0.101945
5.75242 0.100032
5.75633 0.0999098
5.76041 0.0999502
5.76464 0.100147
5.76851 0.0999895
5.77262 0.100058
5.77653 0.0999389
5.7807 0.100071
5.78697 0.102317
5.78928 0.0985743
5.79418 0.0994419
5.79431 0.0995703
5.79793 0.0959543
5.80042 0.102487
5.80469 0.100699
5.80481 0.100827
5.80802 0.1
5.81206 0.100002
5.8161 0.100009
5.81623 0.100137
5.82007 0.0999479
5.8202 0.100076
5.82413 0.0999784
5.82833 0.100141
5.83214 0.099922
5.83824 0.101982
5.8424 0.100094
5.84253 0.100222
5.84637 0.100034
5.85035 0.0999729
5.85458 0.10017
5.85842 0.0999811
5.86246 0.0999869
5.86643 0.0999266
5.87047 0.0999329
5.87685 0.102278
5.88057 0.0999451
5.88474 0.100077
5.88915 0.100463
5.89486 0.102132
5.89499 0.10226
5.89819 0.0962189
5.89845 0.100509
5.90197 0.100002
5.90593 0.0999297
5.90606 0.100058
5.91 0.0999666
5.9143 0.100227
5.91443 0.100355
5.91843 0.10033
5.92305 0.10091
5.92318 0.101038
5.92846 0.10229
5.93225 0.100023
5.93619 0.0999316
5.94112 0.10083
5.94471 0.100388
5.9484 0.10004
5.95288 0.100494
5.95635 0.0999243
5.96039 0.0999335
5.96648 0.10199
5.97055 0.100011
5.97472 0.100146
5.97933 0.100724
5.98401 0.101367
5.98715 0.100474
5.98728 0.100603
5.99195 0.101244
5.99618 0.10026
5.99797 0.095997
6.00072 0.10077
6.00441 0.100424
6.00803 0.100009
6.01207 0.100015
6.01832 0.102232
6.02255 0.100412
6.02268 0.10054
6.0264 0.100227
6.03037 0.100168
6.03425 0.100007
6.03437 0.100136
6.03828 0.100012
6.04232 0.100016
6.04636 0.100021
6.05027 0.0998978
6.05636 0.101955
6.06044 0.0999786
6.06448 0.0999849
6.06858 0.100056
6.07258 0.100027
6.07659 0.1
6.08075 0.100128
6.08469 0.100033
6.08908 0.100386
6.09382 0.101097
6.09792 0.0959494
6.09862 0.100688
6.1019 0.0999266
6.10801 0.102009
6.11205 0.0999943
6.11603 0.099938
6.1201 0.0999749
6.12413 0.0999783
6.12845 0.100262
6.1322 0.0999761
6.13621 0.0999508
6.14101 0.100725
6.14637 0.102043
6.15034 0.0999654
6.15431 0.0999061
6.15845 0.100009
6.16242 0.0999483
6.16652 0.100016
6.17053 0.0999876
6.17479 0.100216
6.17492 0.100344
6.17902 0.100413
6.18463 0.101985
6.18475 0.102113
6.18905 0.100354
6.19187 0.0991418
6.19821 0.0962385
6.19847 0.102546
6.20199 0.100022
6.20602 0.100015
6.21 0.0999591
6.21423 0.100157
6.21871 0.100606
6.21884 0.100735
6.22272 0.100578
6.2264 0.10023
6.23031 0.100105
6.23624 0.102003
6.24098 0.100693
6.24448 0.100154
6.24842 0.100064
6.25287 0.100482
6.253 0.100611
6.25637 0.0999433
6.26047 0.100015
6.26441 0.0999199
6.26848 0.0999568
6.27473 0.102173
6.27858 0.0999719
6.28268 0.100038
6.28313 0.100486
6.28716 0.100489
6.29184 0.101135
6.29607 0.100151
6.29795 0.095981
6.30071 0.100754
6.30442 0.100433
6.30795 0.0999249
6.31198 0.0999273
6.31608 0.0999918
6.32009 0.099966
6.32643 0.102278
6.33015 0.0999447
6.33028 0.100073
6.33422 0.0999787
6.33826 0.0999835
6.34252 0.100209
6.34643 0.100087
6.35034 0.0999679
6.35444 0.100037
6.35842 0.0999801
6.36448 0.102006
6.36849 0.0999641
6.37256 0.100002
6.37657 0.0999757
6.38108 0.100458
6.38563 0.100972
6.38928 0.10059
6.39486 0.102132
6.39819 0.0962184
6.39845 0.100509
6.40187 0.0999042
6.40597 0.0999683
6.41001 0.0999741
6.41604 0.101966
6.42011 0.0999862
6.42414 0.0999897
6.42843 0.100242
6.43221 0.0999915
6.43234 0.10012
6.43625 0.0999933
6.44099 0.100701
6.44458 0.100259
6.44827 0.0999116
6.45442 0.102031
6.45843 0.0999884
6.46241 0.099932
6.46651 0.100004
6.47048 0.0999402
6.47061 0.100069
6.47491 0.100332
6.47936 0.100751
6.47949 0.100879
6.48391 0.101265
6.48718 0.100501
6.49185 0.101146
6.49595 0.100034
6.49806 0.0960938
6.50056 0.10061
6.50598 0.101989
6.50995 0.0999162
6.51406 0.0999853
6.51419 0.100114
6.51867 0.100563
6.52309 0.100952
6.52643 0.100254
6.52687 0.100702
6.53027 0.100066
6.53425 0.100007
6.53823 0.0999532
6.5445 0.102198
6.54829 0.0999313
6.55246 0.100066
6.55637 0.0999435
6.56041 0.0999488
6.5645 0.100013
6.56847 0.099949
6.57261 0.100049
6.57649 0.0998945
6.58264 0.102012
6.58699 0.100318
6.58949 0.0987837
6.59606 0.101317
6.59794 0.0959692
6.6007 0.100742
6.6047 0.10071
6.60797 0.0999447
6.61207 0.100013
6.61607 0.0999811
6.6201 0.0999824
6.62414 0.0999858
6.62834 0.100149
6.63423 0.102012
6.63828 0.100004
6.64231 0.100007
6.64244 0.100136
6.64645 0.100107
6.65042 0.100046
6.65439 0.0999867
6.65452 0.100115
6.65837 0.0999258
6.66247 0.0999938
6.66644 0.0999374
6.67257 0.102026
6.67654 0.0999486
6.68058 0.099952
6.68487 0.100212
6.68916 0.100469
6.6948 0.102073
6.69826 0.096288
6.69852 0.100578
6.70191 0.0999427
6.70594 0.0999366
6.71001 0.0999735
6.71431 0.100234
6.71443 0.100362
6.71873 0.100625
6.72412 0.101978
6.72869 0.100502
6.73222 0.0999949
6.73626 0.100001
6.74112 0.100833
6.74125 0.100961
6.74465 0.100325
6.7484 0.100039
6.75247 0.100076
6.75638 0.0999543
6.76241 0.101952
6.76648 0.0999723
6.77045 0.0999125
6.77481 0.100238
6.77494 0.100366
6.77936 0.10075
6.77949 0.100879
6.78391 0.101264
6.78718 0.1005
6.79185 0.101146
6.79608 0.100162
6.79794 0.0959648
6.80056 0.100609
6.80444 0.100452
6.808 0.0999749
6.81409 0.102033
6.81422 0.102161
6.81854 0.100434
6.8227 0.100566
6.82687 0.100701
6.8304 0.100194
6.83425 0.100006
6.83826 0.0999837
6.84236 0.10005
6.8463 0.0999589
6.85236 0.101984
6.85633 0.0999078
6.86044 0.0999793
6.86448 0.0999856
6.86867 0.100147
6.87271 0.100149
6.87655 0.0999601
6.88107 0.100443
6.88561 0.100957
6.88965 0.10096
6.89426 0.0995229
6.89824 0.0962655
6.89862 0.100684
6.90446 0.102485
6.90799 0.099964
6.91206 0.100001
6.91616 0.100071
6.92019 0.100072
6.92417 0.100013
6.92833 0.10014
6.93217 0.0999521
6.93624 0.0999891
6.94246 0.102175
6.94638 0.100036
6.95035 0.0999754
6.95445 0.100045
6.95845 0.100015
6.96243 0.0999544
6.96644 0.0999291
6.97054 0.0999976
6.97477 0.100195
6.9806 0.101995
6.98477 0.10011
6.98906 0.100368
6.99428 0.101558
6.99819 0.0962209
6.99845 0.100511
7.00197 0.100004
7.00595 0.0999421
7.00999 0.099948
7.01422 0.100145
7.01831 0.100209
7.01844 0.100338
7.02261 0.100469
7.02639 0.100214
7.03222 0.102012
7.03623 0.0999696
7.04087 0.10058
7.04462 0.100298
7.04831 0.099953
7.05286 0.100469
7.05632 0.099899
7.05645 0.100027
7.0604 0.0999389
7.06447 0.0999763
7.07049 0.101971
7.07457 0.0999938
7.07861 0.0999992
7.0828 0.100162
7.08697 0.100293
7.09177 0.101066
7.09587 0.0999517
7.09798 0.0960075
7.10029 0.100332
7.10394 0.099952
7.10801 0.0999844
7.11204 0.0999903
7.11605 0.099961
7.12271 0.102587
7.12643 0.100257
7.13015 0.099941
7.13425 0.100006
7.13828 0.100011
7.1427 0.100396
7.14636 0.100018
7.15033 0.0999608
7.15444 0.10003
7.16037 0.101926
7.16443 0.0999431
7.1685 0.0999801
7.17254 0.0999824
7.17665 0.100054
7.18094 0.100314
7.18561 0.100957
7.18927 0.100575
7.18939 0.100703
7.19484 0.102116
7.19817 0.0962028
7.19862 0.100684
7.19875 0.100813
7.20189 0.0999202
7.20599 0.0999843
7.21198 0.10194
7.21608 0.0999919
7.22012 0.0999938
7.22415 0.0999972
7.2285 0.100312
7.22863 0.10044
7.23228 0.100061
7.23626 0.100001
7.24106 0.100775
7.24462 0.100298
7.25036 0.102005
7.25434 0.0999289
7.25834 0.0999031
7.26241 0.09994
7.26655 0.100039
7.27052 0.0999754
7.27494 0.100367
7.27936 0.100755
7.27949 0.100883
7.28282 0.100182
7.28391 0.101269
7.28891 0.102234
7.29186 0.0991336
7.29609 0.100166
7.29801 0.0960356
7.30198 0.102027
7.30595 0.0999461
7.30999 0.0999519
7.31422 0.100149
7.3187 0.100599
7.31883 0.100727
7.323 0.100859
7.32643 0.100254
7.33027 0.100067
7.33415 0.0999099
7.34101 0.102734
7.3445 0.100178
7.34828 0.0999279
7.35283 0.100444
7.35639 0.0999672
7.35652 0.100096
7.36043 0.0999686
7.36443 0.0999398
7.36847 0.0999417
7.37254 0.0999791
7.37933 0.102737
7.38266 0.100019
7.38705 0.100373
7.39186 0.101147
7.39608 0.100163
7.39796 0.095993
7.40059 0.100637
7.40072 0.100766
7.40443 0.100445
7.40796 0.0999369
7.41196 0.0999081
7.41609 0.100004
7.4201 0.099978
7.42414 0.0999814
7.43016 0.101969
7.43029 0.102098
7.43413 0.0998933
7.43817 0.0999021
7.44247 0.100162
7.44654 0.100196
7.45035 0.0999794
7.45446 0.100048
7.45837 0.0999254
7.46247 0.0999974
7.4685 0.101988
7.47256 0.100005
7.47651 0.099917
7.4808 0.100177
7.48561 0.100948
7.48926 0.100566
7.49483 0.102103
7.49797 0.0959992
7.49855 0.100609
7.50194 0.0999734
7.50601 0.100002
7.51001 0.0999771
7.51408 0.100011
7.52011 0.102001
7.52414 0.0999881
7.52824 0.10005
7.52837 0.100178
7.53215 0.0999277
7.53228 0.100056
7.53622 0.0999647
7.54099 0.100699
7.54464 0.10032
7.5483 0.0999412
7.55243 0.100044
7.55833 0.10191
7.56243 0.0999576
7.5664 0.0998973
7.57048 0.0999347
7.5706 0.100063
7.57493 0.100353
7.57935 0.100741
7.5839 0.101255
7.58717 0.100491
7.59185 0.101137
7.59598 0.100056
7.59809 0.0961154
7.60059 0.100631
7.60433 0.100346
7.61004 0.102017
7.61433 0.10026
7.61827 0.100169
7.62282 0.100686
7.62295 0.100814
7.62686 0.100692
7.63026 0.100056
7.63417 0.099931
7.63824 0.0999708
7.64234 0.100037
7.64831 0.101966
7.65247 0.100083
7.65638 0.0999611
7.66039 0.0999353
7.66453 0.100035
7.66465 0.100163
7.66856 0.100037
7.67263 0.10007
7.67664 0.100045
7.6808 0.100176
7.68698 0.102325
7.68961 0.0989021
7.69422 0.0994818
7.69797 0.0959943
7.70046 0.102527
7.7047 0.100708
7.70793 0.0999116
7.71207 0.100011
7.71607 0.099983
7.72011 0.0999844
7.72414 0.0999838
7.72834 0.100147
7.73218 0.0999585
7.73818 0.101921
7.74234 0.100036
7.74247 0.100165
7.74628 0.0999414
7.74641 0.10007
7.75035 0.0999778
7.75448 0.100078
7.75836 0.0999198
7.75849 0.100048
7.76247 0.0999918
7.76644 0.0999354
7.77048 0.0999418
7.77686 0.102287
7.78058 0.0999539
7.78465 0.0999884
7.78919 0.100502
7.7948 0.102075
7.79826 0.0962899
7.79852 0.10058
7.80192 0.0999446
7.80594 0.0999385
7.81001 0.0999755
7.81431 0.100236
7.81444 0.100364
7.81873 0.100623
7.82261 0.100467
7.82273 0.100595
7.82837 0.102197
7.8285 0.102326
7.83215 0.0999301
7.83622 0.099967
7.841 0.100706
7.84459 0.100264
7.8484 0.100045
7.85289 0.100499
7.85635 0.0999286
7.86043 0.099969
7.86649 0.101994
7.87049 0.099949
7.87475 0.100177
7.87943 0.100822
7.88398 0.101336
7.88725 0.100572
7.89183 0.10112
7.89606 0.100136
7.898 0.0960285
7.90063 0.100673
7.90076 0.100801
7.90431 0.100321
7.90444 0.10045
7.90835 0.100327
7.91207 0.100014
7.91832 0.102227
7.9227 0.100564
7.92645 0.100282
7.9303 0.100094
7.93424 0.0999995
7.93828 0.100004
7.94257 0.100262
7.94632 0.0999761
7.95039 0.100016
7.95638 0.101977
7.96036 0.0999031
7.96443 0.0999406
7.9685 0.0999775
7.97273 0.10017
7.97664 0.100047
7.9808 0.100179
7.98093 0.100308
7.98561 0.10095
7.98926 0.100568
7.99435 0.101626
7.99819 0.0962234
7.99864 0.100705
8.00191 0.0999408
8.00836 0.100337
8.01207 0.10002
8.01599 0.0998981
8.02012 0.0999973
8.02412 0.099969
8.02847 0.100283
8.03222 0.099998
8.03619 0.0999376
8.041 0.100711
8.04636 0.102032
8.0503 0.0999229
8.0543 0.0998947
8.05844 0.0999973
8.06244 0.0999676
8.06654 0.100036
8.07052 0.0999757
8.07459 0.100016
8.07911 0.1005
8.08462 0.101977
8.08878 0.100088
8.09189 0.0991638
8.09785 0.0958767
8.09874 0.102823
8.10195 0.0999788
8.10594 0.0999406
8.10995 0.0999148
8.11421 0.100143
8.1187 0.100593
8.12321 0.101075
8.12642 0.100248
8.13033 0.100123
8.13623 0.10199
8.14087 0.100583
8.141 0.100712
8.14453 0.100204
8.14834 0.0999851
8.15288 0.100493
8.15641 0.0999854
8.16045 0.0999947
8.16439 0.0999037
8.16452 0.100032
8.1685 0.0999757
8.17488 0.102321
8.17937 0.100758
8.1827 0.100057
8.18315 0.100505
8.18705 0.10038
8.18718 0.100508
8.19186 0.101154
8.19609 0.10017
8.198 0.096031
8.20063 0.100675
8.20076 0.100804
8.20447 0.100483
8.208 0.0999749
8.21197 0.0999151
8.2161 0.100015
8.22011 0.0999894
8.22636 0.100187
8.22649 0.100315
8.2302 0.0999992
8.23427 0.100033
8.23824 0.0999718
8.24247 0.100166
8.24648 0.100138
8.25039 0.100014
8.25449 0.100084
8.25837 0.0999294
8.26439 0.10192
8.2685 0.0999716
8.27256 0.100005
8.27654 0.0999482
8.27667 0.100077
8.28083 0.100208
8.28096 0.100337
8.28564 0.100979
8.28929 0.100597
8.29486 0.102139
8.29801 0.0960343
8.29845 0.100516
8.30191 0.0999423
8.30601 0.100006
8.312 0.101966
8.31608 0.0999869
8.32011 0.0999887
8.32415 0.0999921
8.32853 0.100338
8.32865 0.100466
8.33231 0.100087
8.33625 0.0999958
8.34106 0.10077
8.34459 0.100262
8.34827 0.0999146
8.3543 0.10191
8.35443 0.102038
8.35837 0.0999332
8.36241 0.099939
8.36651 0.100007
8.37052 0.0999743
8.37493 0.100354
8.37948 0.10087
8.3839 0.101256
8.38717 0.100492
8.39185 0.101137
8.39595 0.100025
8.39607 0.100154
8.3979 0.0959288
8.402 0.102048
8.40597 0.0999676
8.41001 0.0999735
8.41424 0.100171
8.41873 0.100621
8.42302 0.100881
8.42648 0.100311
8.43036 0.100154
8.43421 0.0999666
8.43825 0.0999754
8.44453 0.100204
8.44834 0.0999811
8.45292 0.100528
8.45641 0.0999853
8.45654 0.100114
8.46044 0.0999827
8.46454 0.100047
8.46848 0.0999558
8.47252 0.0999622
8.47265 0.100091
8.47659 0.0999986
8.48274 0.102116
8.48703 0.100357
8.49184 0.10113
8.49607 0.100146
8.49798 0.0960076
8.50073 0.10078
8.50442 0.100429
8.50797 0.0999515
8.51198 0.0999228
8.51611 0.100023
8.52012 0.0999972
8.52416 0.100001
8.53021 0.10202
8.53034 0.102148
8.53424 0.100006
8.53819 0.0999173
8.54242 0.100112
8.54655 0.100211
8.55034 0.099964
8.55447 0.100064
8.5546 0.100193
8.55835 0.09991
8.55848 0.100038
8.56246 0.099982
8.56643 0.0999256
8.57246 0.101917
8.57653 0.0999407
8.5807 0.100072
8.58486 0.100204
8.58915 0.100462
8.58928 0.10059
8.59482 0.102096
8.59796 0.0959917
8.59854 0.100602
8.60194 0.0999659
8.606 0.0999949
8.61004 0.100001
8.61407 0.100004
8.62013 0.102025
8.62404 0.0998834
8.62417 0.100012
8.62839 0.100202
8.6323 0.10008
8.63624 0.0999883
8.64114 0.100851
8.64464 0.100313
8.64829 0.0999337
8.64842 0.100062
8.65246 0.100068
8.6564 0.099977
8.66246 0.0999852
8.66643 0.0999249
8.6705 0.0999584
8.67492 0.100346
8.67947 0.100862
8.68389 0.101248
8.68716 0.100484
8.68729 0.100612
8.69184 0.101129
8.69587 0.0999509
8.696 0.100079
8.69779 0.0958196
8.70061 0.100655
8.70433 0.100338
8.71003 0.102009
8.71432 0.100253
8.71827 0.100161
8.72285 0.100709
8.72298 0.100838
8.72644 0.100268
8.72689 0.100716
8.73029 0.10008
8.73426 0.100021
8.73817 0.0999012
8.74259 0.100287
8.74833 0.10199
8.7525 0.100107
8.75641 0.0999853
8.76048 0.100026
8.76455 0.100055
8.76467 0.100184
8.76855 0.100026
8.77259 0.100028
8.77271 0.100157
8.77663 0.100038
8.78099 0.100361
8.78534 0.100683
8.78964 0.100944
8.79424 0.0995026
8.7979 0.0959257
8.8004 0.102458
8.80447 0.100479
8.80796 0.0999397
8.81206 0.100008
8.8161 0.100015
8.8202 0.100082
8.82411 0.0999572
8.82834 0.100151
8.83222 0.099994
8.83818 0.101926
8.84273 0.100423
8.84286 0.100551
8.84638 0.100044
8.85033 0.0999562
8.85046 0.100085
8.85456 0.100154
8.85837 0.0999293
8.8585 0.100058
8.86244 0.0999662
8.86642 0.0999098
8.86655 0.100038
8.87052 0.0999784
8.87485 0.100273
8.88087 0.100248
8.88465 0.0999944
8.8892 0.100508
8.89481 0.102081
8.89827 0.096296
8.89852 0.100586
8.90192 0.0999507
8.90598 0.0999757
8.90992 0.0998842
8.91434 0.100273
8.91873 0.100629
8.92261 0.100473
8.92274 0.100601
8.92838 0.102203
8.9285 0.102332
8.93219 0.0999672
8.93623 0.0999731
8.941 0.100712
8.94466 0.100333
8.9484 0.100047
8.95289 0.100501
8.95635 0.0999312
8.96046 0.100003
8.96648 0.101993
8.97052 0.0999787
8.97488 0.100304
8.97943 0.10082
8.98398 0.101335
8.98725 0.100571
8.99186 0.10115
8.99609 0.100166
8.9979 0.0959298
9.00053 0.100574
9.00066 0.100703
9.00389 0.0999029
9.00434 0.100357
9.00835 0.100328
9.01197 0.0999173
9.01828 0.102196
9.02254 0.100404
9.02639 0.100219
9.02652 0.100348
9.03037 0.10016
9.03427 0.100034
9.03828 0.100004
9.04238 0.10007
9.04626 0.0999165
9.04638 0.100045
9.0503 0.0999218
9.05639 0.101979
9.06039 0.0999364
9.06446 0.0999738
9.06856 0.100038
9.0726 0.100039
9.07663 0.10004
9.08083 0.100202
9.08467 0.100014
9.08916 0.100465
9.09384 0.101113
9.09785 0.0958761
9.09861 0.100677
9.10185 0.0998809
9.10791 0.101901
9.10803 0.10203
9.11197 0.0999176
9.11601 0.0999239
9.12011 0.099992
9.12415 0.0999954
9.12847 0.100279
9.13225 0.100028
9.13619 0.0999368
9.14094 0.100648
9.14639 0.102064
9.15036 0.0999899
9.15434 0.0999306
9.15447 0.100059
9.15841 0.099971
9.16245 0.0999728
9.16655 0.100041
9.17049 0.0999459
9.17062 0.100074
9.17485 0.100271
9.17946 0.100854
9.18356 0.10092
9.18907 0.100379
9.19189 0.0991669
9.19795 0.0959751
9.19852 0.102602
9.20195 0.0999804
9.20598 0.0999788
9.20993 0.0998874
9.21409 0.100019
9.21422 0.100147
9.21844 0.100339
9.22287 0.100728
9.22642 0.100251
9.23033 0.100126
9.23623 0.101993
9.24091 0.100618
9.24104 0.100746
9.2445 0.100176
9.24838 0.100019
9.25254 0.100145
9.25638 0.099957
9.26045 0.0999974
9.2644 0.0999064
9.26453 0.100035
9.2685 0.0999784
9.27446 0.101907
9.27491 0.102355
9.27933 0.100726
9.28279 0.100153
9.28715 0.100476
9.29183 0.101121
9.29606 0.100137
9.29791 0.0959364
9.30066 0.100709
9.30434 0.100357
9.3079 0.0998803
9.31197 0.0999177
9.31598 0.0998895
9.31611 0.100018
9.32014 0.100023
9.32639 0.102237
9.32652 0.102366
9.33014 0.0999357
9.33414 0.0999035
9.33825 0.0999745
9.34286 0.100554
9.34651 0.100175
9.35039 0.100021
9.3545 0.10009
9.35844 0.100002
9.36444 0.101962
9.36851 0.0999822
9.37244 0.0998873
9.37257 0.100016
9.37655 0.0999588
9.377 0.100407
9.38116 0.100538
9.38494 0.100285
9.38907 0.100382
9.39478 0.102052
9.39792 0.0959476
9.39849 0.100557
9.40192 0.0999529
9.4059 0.0998926
9.40994 0.0998984
9.41609 0.102018
9.42013 0.100003
9.42416 0.100007
9.42839 0.100197
9.42851 0.100325
9.43233 0.100106
9.43627 0.100014
9.44108 0.100788
9.4446 0.100281
9.44829 0.0999332
9.45432 0.101928
9.45445 0.102056
9.45839 0.0999517
9.4624 0.0999225
9.46653 0.100022
9.4705 0.0999578
9.47492 0.100345
9.47947 0.100862
9.48024 0.101629
9.48389 0.101247
9.48703 0.100355
9.48716 0.100483
9.49184 0.101129
9.49594 0.100017
9.49808 0.0961114
9.50045 0.100499
9.50058 0.100627
9.50599 0.102007
9.50994 0.0998987
9.51006 0.100027
9.51407 0.0999989
9.51874 0.100635
9.52303 0.100895
9.5265 0.100326
9.53028 0.100072
9.53412 0.0998839
9.53425 0.100012
9.53817 0.0998927
9.53829 0.100021
9.54451 0.102204
9.54826 0.0999019
9.55249 0.100098
9.55643 0.100007
9.5604 0.0999465
9.56453 0.100038
9.56854 0.100013
9.57264 0.100081
9.57649 0.0998962
9.57662 0.100025
9.58277 0.102142
9.58706 0.100383
9.58956 0.0988482
9.59596 0.101222
9.59609 0.101351
9.598 0.0960336
9.60076 0.100806
9.60444 0.100455
9.6079 0.0998802
9.61197 0.0999177
9.61611 0.100018
9.62014 0.100023
9.62405 0.0998982
9.62418 0.100027
9.62835 0.100158
9.63415 0.101924
9.63822 0.0999473
9.64239 0.100079
9.64661 0.100272
9.65039 0.100021
9.65453 0.100121
9.65847 0.100033
9.66245 0.0999764
9.66646 0.0999511
9.67248 0.101943
9.67656 0.0999662
9.68059 0.0999696
9.68072 0.100098
9.68476 0.100101
9.68489 0.10023
9.68918 0.100487
9.69482 0.10209
9.69796 0.0959861
9.69853 0.100596
9.70193 0.0999603
9.70589 0.099888
9.70993 0.0998939
9.71435 0.100282
9.71874 0.100639
9.72413 0.101992
9.72838 0.100196
9.7322 0.0999769
9.73627 0.100014
9.7412 0.100908
9.74463 0.100303
9.74831 0.0999558
9.75287 0.100476
9.75633 0.0999057
9.76239 0.101931
9.76649 0.099982
9.77049 0.0999533
9.77492 0.100341
9.77947 0.100857
9.78023 0.101625
9.78401 0.101371
9.78728 0.100607
9.79183 0.101124
9.79606 0.10014
9.79801 0.0960407
9.80064 0.100685
9.80432 0.100337
9.80791 0.0998913
9.81432 0.102264
9.81832 0.100218
9.82271 0.100572
9.82649 0.100321
9.83034 0.100133
9.83428 0.100039
9.83829 0.100017
9.84239 0.100083
9.84646 0.10012
9.85252 0.102146
9.85643 0.100007
9.86038 0.0999188
9.86451 0.100018
9.86867 0.100149
9.87271 0.100151
9.87284 0.100279
9.87662 0.100032
9.88092 0.100292
9.88495 0.100296
9.88944 0.100747
9.89437 0.0996288
9.89796 0.0959857
9.89866 0.100724
9.90436 0.102392
9.90449 0.102521
9.90834 0.100319
9.91206 0.100002
9.9161 0.100008
9.92013 0.10001
9.92417 0.100013
9.92833 0.100145
9.93211 0.0998906
9.93224 0.100019
9.93615 0.0998964
9.93628 0.100025
9.9424 0.102114
9.94644 0.100099
9.95035 0.0999761
9.95445 0.100045
9.95848 0.100043
9.96242 0.0999511
9.96653 0.100023
9.97057 0.100029
9.97487 0.100293
9.9806 0.101996
9.98467 0.100014
9.9848 0.100142
9.98909 0.1004
9.98922 0.100528
9.99479 0.102065
9.99793 0.0959608
9.99851 0.100571

