% time_sec delay_sec
1.19154 0.09138
1.19154 0.09138
1.29153 0.0913752
1.39152 0.091362
1.48991 0.393767
1.49152 0.0913609
1.59153 0.0913694
1.69152 0.0913646
1.79151 0.0913557
1.79224 0.393417
1.89152 0.0913676
1.99097 0.290144
1.99293 0.0927544
1.99496 0.0968026
1.999 0.0968048
2.09096 0.184733
2.09298 0.0927996
2.09499 0.0968276
2.09902 0.09683
2.10306 0.0968313
2.10709 0.0968287
2.11123 0.0969318
2.1152 0.0968714
2.11921 0.0968456
2.12331 0.0969147
2.12933 0.0968854
2.13343 0.096951
2.13356 0.0970794
2.13737 0.0968625
2.14211 0.0975632
2.14576 0.0971843
2.14948 0.0968707
2.15348 0.0968379
2.15759 0.096906
2.16169 0.096978
2.16798 0.0992292
2.17191 0.0971175
2.1757 0.096866
2.18047 0.0976052
2.18438 0.0974802
2.18905 0.0981221
2.19309 0.0929097
2.19334 0.0972
2.19699 0.0968132
2.20109 0.0968793
2.20516 0.0969128
2.20916 0.0968836
2.21519 0.0988745
2.21922 0.0968636
2.2232 0.0968042
2.22746 0.0970328
2.23159 0.097133
2.23531 0.0968119
2.23944 0.0969105
2.24348 0.0969134
2.24783 0.0972353
2.25155 0.0969216
2.25751 0.0988503
2.26165 0.0969367
2.26556 0.0968176
2.2696 0.0968239
2.27364 0.0968258
2.27775 0.0968978
2.28172 0.0968384
2.28646 0.0975436
2.29107 0.0981233
2.29299 0.0928175
2.29505 0.0968856
2.29908 0.096889
2.29921 0.0970174
2.30517 0.0989467
2.30914 0.0968656
2.31318 0.0968719
2.31719 0.0968427
2.32129 0.0969112
2.32142 0.0970396
2.32541 0.0970029
2.32926 0.0968152
2.33355 0.0970754
2.33734 0.0968274
2.34192 0.0973755
2.34772 0.0971279
2.35151 0.0968804
2.35577 0.097109
2.35956 0.0968615
2.36353 0.0968012
2.36769 0.0969314
2.36782 0.0970598
2.37192 0.0971204
2.37567 0.0968378
2.38022 0.0973548
2.38608 0.0991838
2.38909 0.0961433
2.38922 0.0962717
2.39294 0.0927605
2.39512 0.0989737
2.39909 0.0968976
2.40309 0.0968649
2.40716 0.0969024
2.41142 0.0971265
2.41517 0.0968404
2.41921 0.0968462
2.42343 0.0970403
2.42356 0.0971686
2.42799 0.0975572
2.42811 0.0976856
2.43363 0.0991635
2.43738 0.0968676
2.44142 0.096871
2.44539 0.0968112
2.44584 0.0972591
2.44949 0.0968792
2.45353 0.0968816
2.45757 0.0968874
2.4617 0.0969866
2.46567 0.0969217
2.46958 0.0967997
2.47567 0.0988603
2.48045 0.0975827
2.48448 0.0975861
2.48923 0.0982942
2.49313 0.0929573
2.49339 0.0972476
2.49704 0.0968608
2.50114 0.096927
2.50504 0.096801
2.50914 0.096865
2.51318 0.0968674
2.51725 0.0969043
2.52327 0.0988958
2.5275 0.0970765
2.5316 0.0971416
2.53535 0.0968595
2.53933 0.0967992
2.54343 0.0968682
2.54779 0.0971941
2.55154 0.0969115
2.5559 0.0972374
2.55962 0.0969237
2.56559 0.0968391
2.56966 0.0968766
2.57363 0.0968202
2.57767 0.096826
2.58241 0.0975341
2.58651 0.0976002
2.59113 0.0981799
2.59292 0.0927458
2.59497 0.0968138
2.59904 0.0968478
2.60307 0.0968462
2.60714 0.0968837
2.61323 0.0989408
2.61721 0.0968637
2.62202 0.0976374
2.62547 0.0970635
2.62925 0.0968096
2.63342 0.0969414
2.63739 0.09688
2.64223 0.097682
2.64588 0.0973031
2.65153 0.0989158
2.65579 0.0971276
2.65958 0.0968801
2.66355 0.0968237
2.66781 0.0970513
2.67192 0.0971198
2.67573 0.0968994
2.68056 0.0977008
2.68447 0.0975759
2.68922 0.0982839
2.69312 0.0929471
2.69351 0.0973658
2.69707 0.0968897
2.70303 0.098816
2.70706 0.0968021
2.71142 0.0971274
2.7152 0.0968725
2.71917 0.0968127
2.72391 0.0975168
2.72798 0.0975513
2.73167 0.0972036
2.73542 0.0969215
2.74138 0.0988508
2.74215 0.0996182
2.74583 0.0972537
2.74949 0.0968778
2.75353 0.0968841
2.75757 0.09689
2.76164 0.0969229
2.76561 0.0968621
2.76964 0.0968644
2.77362 0.0968041
2.77766 0.0968099
2.78432 0.0974212
2.78695 0.0960152
2.79319 0.0930175
2.79358 0.0986146
2.79704 0.0968589
2.80114 0.096925
2.80508 0.0968341
2.80908 0.0968048
2.81312 0.0968072
2.81722 0.0968713
2.82138 0.097006
2.82533 0.096915
2.83167 0.0992265
2.83539 0.0968966
2.83937 0.0968397
2.84344 0.0968737
2.84779 0.0971956
2.85151 0.0968819
2.85574 0.0970754
2.85956 0.096859
2.86353 0.0968026
2.86966 0.0988943
2.87363 0.0968212
2.87771 0.0968581
2.88245 0.0975662
2.8861 0.0971844
2.89103 0.0980836
2.89321 0.0930312
2.89526 0.0970992
2.89904 0.0968459
2.89917 0.0969743
2.90304 0.0968092
2.90713 0.0968738
2.91124 0.0969423
2.91521 0.096882
2.92139 0.0990329
2.92546 0.0970496
2.92559 0.097178
2.92931 0.0968619
2.93347 0.0969937
2.9336 0.0971221
2.93732 0.0968039
2.94231 0.0977614
2.94583 0.0972542
2.94952 0.0969054
2.95356 0.0969118
2.95959 0.0989062
2.96359 0.0968641
2.96796 0.0971929
2.972 0.0971992
2.97565 0.0968194
2.98058 0.0977141
2.98071 0.0978425
2.98462 0.0977175
2.98929 0.0983599
2.98942 0.0984883
2.9932 0.093023
2.99333 0.097185
2.99704 0.0968644
3.00108 0.0968678
3.00509 0.0968451
3.00522 0.0969735
3.01147 0.0991901
3.01518 0.0968562
3.01922 0.096862
3.02329 0.0968995
3.02826 0.0978293
3.03166 0.0971937
3.03537 0.0968765
3.03944 0.0969129
3.04342 0.0968536
3.04945 0.0988515
3.05355 0.0969033
3.05753 0.0968469
3.0616 0.0968873
3.06561 0.0968615
3.06971 0.0969295
3.07371 0.0968992
3.07778 0.0969351
3.08182 0.0969375
3.08576 0.0968431
3.09101 0.0960469
3.09293 0.0927579
3.09502 0.09686
3.10108 0.0988821
3.10512 0.0968741
3.10915 0.0968754
3.11316 0.0968467
3.11716 0.0968135
3.12152 0.0971393
3.12536 0.0969511
3.12937 0.0969229
3.13366 0.0971831
3.13944 0.0989236
3.14344 0.0968786
3.1478 0.0972045
3.15146 0.0968286
3.15575 0.0970883
3.15957 0.0968719
3.16383 0.0970999
3.1678 0.0970396
3.17194 0.0971392
3.17768 0.0988452
3.18245 0.0975677
3.18642 0.0975054
3.19116 0.0982135
3.19292 0.0927443
3.19497 0.0968123
3.19907 0.0968814
3.20304 0.0968136
3.20711 0.0968471
3.21115 0.0968534
3.21522 0.0968909
3.21923 0.0968656
3.22333 0.0969347
3.22929 0.0988639
3.23362 0.0971385
3.2374 0.0968904
3.24138 0.0968311
3.24541 0.096834
3.24951 0.0969021
3.25352 0.0968733
3.25749 0.096813
3.26172 0.0970094
3.26798 0.0992295
3.27201 0.0972151
3.2757 0.0968703
3.28057 0.0977068
3.28461 0.0977102
3.28922 0.0982899
3.29313 0.092953
3.29339 0.0972433
3.297 0.0968254
3.3011 0.0968916
3.3051 0.0968594
3.30523 0.0969878
3.30917 0.0968883
3.31321 0.0968947
3.31919 0.0988506
3.3233 0.0969029
3.32753 0.0971003
3.3316 0.0971343
3.33531 0.0968172
3.33939 0.0968576
3.34345 0.0968916
3.34784 0.0972485
3.3515 0.0968726
3.35753 0.0988676
3.36173 0.0970161
3.36558 0.0968313
3.36962 0.0968377
3.37365 0.0968395
3.37766 0.0968143
3.3824 0.0975223
3.3865 0.0975885
3.39112 0.0981682
3.39291 0.092734
3.39509 0.0969305
3.39906 0.0968712
3.40313 0.0969046
3.40915 0.0988916
3.41322 0.0969083
3.41722 0.0968791
3.42139 0.0970138
3.42542 0.0970122
3.42927 0.0968245
3.43356 0.0970847
3.43744 0.09693
3.44225 0.0977008
3.44776 0.0991822
3.45155 0.0969179
3.45581 0.0971465
3.4596 0.096899
3.46367 0.0969359
3.46767 0.0969106
3.4678 0.097039
3.47193 0.0971347
3.47568 0.0968521
3.48068 0.097817
3.48581 0.0989102
3.48907 0.0961265
3.49292 0.0927437
3.49331 0.0971624
3.49939 0.0992171
3.50311 0.0968837
3.50718 0.0969212
3.51131 0.0970208
3.51516 0.0968281
3.5192 0.0968344
3.51932 0.0969628
3.52355 0.0971568
3.52842 0.0979933
3.53169 0.0972293
3.53734 0.098842
3.54137 0.0968287
3.54586 0.0972794
3.54951 0.0968996
3.55352 0.0968708
3.55756 0.0968767
3.56166 0.0969447
3.56567 0.0969189
3.56964 0.0968591
3.5757 0.0988846
3.58047 0.097607
3.58451 0.0976104
3.58931 0.0983812
3.58944 0.0985096
3.59312 0.092947
3.59338 0.0972374
3.59706 0.0968857
3.6011 0.0968891
3.60523 0.0969853
3.6091 0.0968276
3.61318 0.0968651
3.61721 0.0968669
3.62138 0.0970017
3.62747 0.0990559
3.6316 0.0971393
3.63538 0.0968883
3.63943 0.0968976
3.64346 0.0969005
3.64782 0.0972263
3.65148 0.0968505
3.6559 0.0972385
3.65956 0.0968626
3.66559 0.098857
3.66966 0.0968777
3.67364 0.0968213
3.67777 0.0969244
3.68242 0.0975352
3.68652 0.0976014
3.69113 0.0981811
3.69292 0.092743
3.69497 0.096811
3.69901 0.0968139
3.70311 0.0968785
3.70717 0.096912
3.71124 0.0969494
3.71721 0.0988776
3.7214 0.0970267
3.72547 0.0970602
3.7256 0.0971886
3.72935 0.0969036
3.73345 0.0969692
3.73732 0.0968105
3.74229 0.0977408
3.74594 0.097362
3.74953 0.0969199
3.75581 0.0991682
3.7596 0.0969039
3.76358 0.0968475
3.76794 0.0971763
3.77204 0.0972449
3.77573 0.0968961
3.78069 0.0978259
3.78447 0.0975725
3.78921 0.0982806
3.79312 0.0929437
3.79338 0.097234
3.79706 0.0968823
3.80116 0.0969485
3.80709 0.0988427
3.81138 0.097085
3.81151 0.0972134
3.81522 0.0968923
3.8192 0.0968359
3.8233 0.096901
3.82753 0.0970985
3.82797 0.0975464
3.83163 0.0971676
3.83535 0.0968544
3.83939 0.0968637
3.84587 0.0993036
3.84943 0.0968136
3.85347 0.09682
3.85751 0.0968258
3.8616 0.0968899
3.86564 0.0968952
3.86965 0.0968664
3.87375 0.0969345
3.87773 0.0968781
3.88445 0.0995718
3.88695 0.0960207
3.89121 0.0962493
3.8932 0.093023
3.89704 0.0988811
3.90114 0.0969305
3.90524 0.0969996
3.90921 0.0969352
3.91316 0.0968443
3.91718 0.0968387
3.92154 0.0971611
3.92263 0.098248
3.92535 0.0969383
3.92932 0.096879
3.93532 0.0988394
3.93936 0.0968319
3.94346 0.096897
3.94781 0.0972189
3.95147 0.096843
3.95573 0.0970715
3.95955 0.0968551
3.96365 0.0969232
3.96782 0.0970574
3.97366 0.0988612
3.97767 0.0968192
3.98241 0.0975272
3.98606 0.0971455
3.99112 0.0981731
3.99292 0.0927389
3.9951 0.0969354
3.999 0.0968099
4.00307 0.0968394
4.0071 0.0968434
4.01127 0.0969781
4.01521 0.0968827
4.01919 0.0968263
4.02543 0.099039
4.02556 0.0991674
4.02928 0.0968345
4.03357 0.0970947
4.03742 0.0969089
4.04139 0.0968461
4.04216 0.0976135
4.04549 0.0969152
4.04953 0.09692
4.05354 0.0968912
4.05751 0.0968309
4.06383 0.0991132
4.06395 0.0992416
4.06767 0.0969111
4.07175 0.0969515
4.07573 0.0968981
4.08021 0.0973483
4.08412 0.0972263
4.08906 0.0981284
4.09294 0.0927594
4.09319 0.0970497
4.097 0.0968209
4.10103 0.0968243
4.10513 0.0968913
4.10917 0.0968966
4.11523 0.0989186
4.11927 0.0969072
4.12324 0.0968479
4.1276 0.0971737
4.13164 0.0971766
4.13532 0.0968244
4.13946 0.096927
4.14339 0.0968326
4.14775 0.0971545
4.15349 0.098861
4.15753 0.09685
4.16164 0.096922
4.16568 0.0969313
4.16962 0.0968404
4.17372 0.0969084
4.1777 0.0968481
4.18247 0.0975872
4.18689 0.0979729
4.19108 0.0981358
4.19323 0.0930523
4.19515 0.0969919
4.19922 0.0970265
4.20518 0.0989557
4.20918 0.0969057
4.21322 0.0969121
4.21723 0.0968828
4.22127 0.0968892
4.2214 0.0970175
4.22537 0.0969537
4.22934 0.0968944
4.23366 0.0971857
4.23745 0.0969377
4.24348 0.0989297
4.24777 0.0971726
4.25155 0.0969251
4.25582 0.0971536
4.2596 0.0969061
4.2637 0.0969747
4.26781 0.0970427
4.27197 0.0971695
4.27569 0.0968558
4.28171 0.0988473
4.286 0.0970878
4.28645 0.0975357
4.28927 0.0963209
4.29318 0.0930007
4.29523 0.0990856
4.29536 0.099214
4.29911 0.0969122
4.30314 0.0969106
4.30721 0.0969481
4.31131 0.0970166
4.31515 0.0968239
4.31932 0.0969586
4.32332 0.0969304
4.32813 0.0977042
4.33358 0.0991199
4.33743 0.0969173
4.34147 0.0969207
4.34586 0.0972776
4.34951 0.0968978
4.35348 0.0968379
4.35759 0.096906
4.36172 0.0970051
4.36569 0.0969442
4.37204 0.0992587
4.3757 0.096866
4.3806 0.0977336
4.38451 0.0976086
4.38912 0.0981883
4.39316 0.0929798
4.39341 0.0972701
4.39712 0.0969456
4.40109 0.0968833
4.40509 0.0968511
4.40917 0.0968881
4.4132 0.0968904
4.41724 0.0968963
4.4233 0.0989193
4.42753 0.0971
4.43163 0.0971651
4.43541 0.0969142
4.43935 0.0968227
4.44349 0.0969229
4.44784 0.0972487
4.4515 0.0968729
4.4558 0.0971325
4.46163 0.0989358
4.46561 0.0968621
4.46965 0.0968685
4.47366 0.0968432
4.4777 0.096849
4.48244 0.0975571
4.48654 0.0976233
4.49102 0.0980746
4.49295 0.0927688
4.495 0.0968369
4.4991 0.0969025
4.50313 0.0969009
4.50716 0.0969033
4.51325 0.0989604
4.51723 0.0968833
4.5214 0.097018
4.52549 0.0970826
4.52927 0.0968287
4.53344 0.0969605
4.53742 0.096907
4.54229 0.0977401
4.54594 0.0973612
4.55152 0.0989078
4.55584 0.0971818
4.55963 0.0969343
4.5638 0.097069
4.56393 0.0971974
4.56781 0.0970437
4.57203 0.0972367
4.57569 0.0968608
4.58065 0.0977906
4.58456 0.0976656
4.58918 0.0982453
4.59312 0.0929395
4.59337 0.0972298
4.59706 0.0968821
4.60311 0.0989017
4.60709 0.0968257
4.61144 0.097151
4.61516 0.0968299
4.6192 0.0968362
4.62381 0.0974159
4.6283 0.0978672
4.63166 0.0971965
4.63544 0.0969456
4.6414 0.0988749
4.64217 0.0996423
4.64599 0.0974062
4.64948 0.0968668
4.65352 0.0968731
4.65759 0.0969101
4.66156 0.0968497
4.66169 0.0969781
4.66566 0.0969172
4.66966 0.0968845
4.67364 0.0968242
4.68043 0.099583
4.68434 0.0974413
4.68697 0.0960353
4.69321 0.0930377
4.69347 0.0985063
4.6936 0.0986347
4.69709 0.0969101
4.70119 0.0969762
4.70513 0.0968853
4.7091 0.096821
4.71317 0.0968544
4.71724 0.0968919
4.72166 0.0972805
4.72538 0.0969638
4.73162 0.099178
4.73541 0.0969103
4.73945 0.0969196
4.74348 0.0969225
4.74781 0.0972133
4.75147 0.0968374
4.75576 0.0970971
4.75958 0.0968807
4.76368 0.0969487
4.76968 0.098912
4.77365 0.0968388
4.77772 0.0968758
4.78246 0.0975839
4.78599 0.0970737
4.78644 0.0975216
4.79105 0.0981013
4.79294 0.0927605
4.79499 0.0968285
4.79902 0.0968314
4.80306 0.0968298
4.80715 0.0968944
4.81126 0.096963
4.81523 0.0969026
4.82266 0.1003
4.82551 0.0971024
4.82564 0.0972308
4.82929 0.096849
4.83346 0.0969808
4.83359 0.0971092
4.83733 0.0968222
4.8423 0.0977525
4.84589 0.0973075
4.84944 0.0968303
4.85351 0.0968678
4.85961 0.0989283
4.86397 0.0972369
4.86794 0.0971805
4.87198 0.0971869
4.87567 0.0968421
4.88067 0.097803
4.88458 0.097678
4.88919 0.0982577
4.8931 0.0929208
4.89335 0.0972111
4.89707 0.0968945
4.90111 0.0968979
4.90524 0.0969981
4.91149 0.0992147
4.91556 0.0972314
4.91925 0.0968866
4.92325 0.0968584
4.92761 0.0971803
4.93149 0.0970237
4.9354 0.0969011
4.93944 0.0969064
4.9435 0.0969404
4.94946 0.0988692
4.95357 0.096921
4.95754 0.0968646
4.96165 0.0969366
4.96566 0.0969113
4.96963 0.0968475
4.97373 0.0969155
4.97767 0.0968241
4.98244 0.0975633
4.98712 0.0982057
4.99109 0.0961296
4.99321 0.0930317
4.99526 0.0970998
5.00115 0.0989599
5.00507 0.0968269
5.00917 0.0968949
5.01318 0.0968662
5.01731 0.0969613
5.02122 0.0968388
5.02538 0.0969695
5.02936 0.0969102
5.03365 0.0971704
5.03936 0.0988487
5.04349 0.0969322
5.04741 0.0968096
5.05157 0.0969433
5.0558 0.0971368
5.05961 0.0969159
5.06384 0.0971128
5.06766 0.0968964
5.07176 0.0969639
5.07769 0.0988635
5.08173 0.0968531
5.08587 0.0969532
5.09099 0.098046
5.09304 0.0928646
5.09509 0.0969317
5.09907 0.0968723
5.10306 0.0968346
5.10713 0.096871
5.11124 0.096943
5.11524 0.0969138
5.11928 0.0969191
5.12357 0.0971793
5.12941 0.0989802
5.1336 0.0971263
5.13745 0.0969405
5.14149 0.0969439
5.14588 0.0973008
5.14953 0.096921
5.1536 0.0969584
5.15752 0.0968359
5.16175 0.0970323
5.1679 0.0991551
5.17203 0.097238
5.17572 0.0968932
5.18062 0.0977608
5.18453 0.0976358
5.18928 0.0983439
5.19315 0.0929719
5.19341 0.0972622
5.19702 0.0968404
5.20112 0.0969065
5.20515 0.0969049
5.20921 0.0969339
5.21315 0.096843
5.21927 0.0989272
5.22325 0.0968511
5.22761 0.097177
5.23164 0.0971799
5.23535 0.0968588
5.23936 0.096833
5.2435 0.0969331
5.24775 0.0971577
5.25157 0.0969413
5.25756 0.0989012
5.26163 0.0969213
5.26561 0.096865
5.26971 0.0969335
5.27372 0.0969082
5.27776 0.0969101
5.28237 0.0974898
5.28692 0.0980038
5.29108 0.0981356
5.2932 0.093021
5.29525 0.097089
5.29909 0.0969013
5.30313 0.0969037
5.30918 0.0989218
5.31325 0.0969385
5.31725 0.0969092
5.32168 0.0972978
5.32542 0.0970044
5.32932 0.0968794
5.33365 0.0971707
5.33743 0.0969187
5.3423 0.0977552
5.34775 0.0991703
5.35157 0.0969372
5.35583 0.0971657
5.35961 0.0969182
5.36369 0.0969557
5.36381 0.0970841
5.36766 0.0968993
5.36779 0.0970277
5.37202 0.0972207
5.37568 0.0968448
5.38067 0.0978096
5.38583 0.098934
5.3891 0.0961503
5.39294 0.0927675
5.39333 0.0971862
5.39941 0.0992369
5.40316 0.0969306
5.4072 0.096937
5.4113 0.0970055
5.41553 0.097203
5.41925 0.0968898
5.42358 0.0971811
5.42813 0.0976981
5.43165 0.0971909
5.43742 0.098928
5.4414 0.0968519
5.44588 0.0973027
5.44954 0.0969228
5.45351 0.096863
5.45761 0.096931
5.46171 0.0969991
5.46559 0.0968414
5.46966 0.0968789
5.47569 0.0988733
5.48043 0.0975646
5.48056 0.097693
5.48447 0.097568
5.48921 0.0982761
5.49315 0.0929703
5.4934 0.0972606
5.49836 0.098187
5.50106 0.0968467
5.50519 0.0969463
5.50913 0.0968509
5.51323 0.0969195
5.51727 0.0969213
5.52169 0.0973099
5.52742 0.09901
5.52755 0.0991384
5.53165 0.0971907
5.53543 0.0969398
5.53948 0.096949
5.54348 0.0969168
5.54784 0.0972427
5.5515 0.0968668
5.55582 0.0971576
5.55957 0.096875
5.56563 0.098904
5.5697 0.0969246
5.57368 0.0968683
5.57772 0.0968741
5.58246 0.0975822
5.58656 0.0976483
5.59105 0.0980996
5.59294 0.0927588
5.59512 0.0969552
5.59905 0.0968608
5.60316 0.0969294
5.60719 0.0969278
5.61119 0.0968991
5.61132 0.0970275
5.61725 0.0989206
5.62167 0.0972924
5.62551 0.0971002
5.62564 0.0972286
5.62936 0.0969125
5.63346 0.0969781
5.63743 0.0969207
5.64195 0.0974031
5.64589 0.0973122
5.64945 0.096839
5.65586 0.0992156
5.65961 0.0969163
5.66394 0.0972105
5.66792 0.0971541
5.67202 0.0972227
5.67568 0.0968468
5.68067 0.0978077
5.68458 0.0976827
5.68926 0.0983251
5.68938 0.0984535
5.69316 0.0929882
5.69342 0.0972786
5.69711 0.0969308
5.70121 0.096997
5.70717 0.0989257
5.71142 0.097129
5.71155 0.0972574
5.71559 0.0972603
5.71931 0.0969472
5.72335 0.0969506
5.72758 0.097148
5.73168 0.0972171
5.73533 0.0968378
5.73938 0.096847
5.74591 0.0993491
5.74947 0.0968592
5.75351 0.0968655
5.75752 0.0968403
5.76163 0.0969123
5.76566 0.0969181
5.76973 0.0969516
5.77377 0.0969574
5.77775 0.096901
5.78448 0.0995947
5.78653 0.0955957
5.78697 0.0960436
5.79111 0.0961438
5.79309 0.0929175
5.79837 0.100213
5.80107 0.0968561
5.8052 0.0969563
5.8092 0.096927
5.81315 0.0968361
5.81718 0.096838
5.82154 0.0971638
5.82167 0.0972922
5.82538 0.0969716
5.82936 0.0969123
5.83541 0.0989349
5.83939 0.0968617
5.84349 0.0969268
5.84784 0.0972487
5.85156 0.096935
5.85579 0.0971285
5.85964 0.0969432
5.86374 0.0970118
5.86387 0.0971401
5.86784 0.0970798
5.87368 0.0988836
5.87775 0.0969038
5.88173 0.0968444
5.88646 0.0975496
5.89108 0.0981293
5.89319 0.0930146
5.89524 0.0970827
5.89909 0.096895
5.90318 0.0969556
5.90712 0.0968567
5.91129 0.0969915
5.91523 0.0969005
5.91921 0.0968441
5.92552 0.0991206
5.92564 0.0992489
5.92936 0.0969161
5.93359 0.0971101
5.93744 0.0969243
5.9415 0.0969588
5.94586 0.0972846
5.94955 0.0969399
5.95353 0.09688
5.95763 0.096952
5.96385 0.0991375
5.96789 0.0971266
5.97209 0.0972924
5.97575 0.0969166
5.98061 0.0977491
5.98452 0.0976241
5.98465 0.0977525
5.98913 0.0982038
5.99317 0.0929913
5.99342 0.0972816
5.99701 0.0968326
6.00111 0.0968988
6.00515 0.096903
6.00912 0.0968427
6.01556 0.0992504
6.01928 0.0969199
6.02332 0.0969263
6.02755 0.0971238
6.03165 0.0971889
6.03543 0.0969339
6.0395 0.0969743
6.04354 0.0969772
6.04745 0.0968546
6.05354 0.0989112
6.05758 0.0969003
6.06165 0.0969407
6.06563 0.0968843
6.06967 0.0968901
6.07374 0.096926
6.07781 0.0969579
6.08174 0.0968635
6.08578 0.0968664
6.09107 0.0981187
6.09305 0.0928751
6.0951 0.0969422
6.09914 0.096945
6.1052 0.0989695
6.10923 0.0969501
6.11327 0.0969564
6.11727 0.0969306
6.12157 0.0971908
6.12537 0.0969636
6.12935 0.0969042
6.13361 0.0971294
6.13736 0.0968502
6.14345 0.0989049
6.14787 0.0972723
6.15156 0.0969275
6.15572 0.0970588
6.15957 0.0968735
6.1637 0.0969731
6.1678 0.0970412
6.172 0.097203
6.17569 0.0968582
6.18238 0.0995198
6.18648 0.0975692
6.1893 0.0963544
6.18943 0.0964828
6.19321 0.0930342
6.19526 0.0991191
6.19539 0.0992475
6.19911 0.0969146
6.20317 0.0969441
6.20711 0.0968492
6.21141 0.0971123
6.21518 0.0968574
6.21935 0.0969921
6.22336 0.0969639
6.22845 0.0980221
6.23364 0.099181
6.23746 0.0969473
6.2415 0.0969507
6.24579 0.0972104
6.24592 0.0973388
6.24954 0.0969278
6.25351 0.096868
6.25765 0.0969711
6.26175 0.0970391
6.2656 0.0968504
6.27207 0.0992892
6.27576 0.0969277
6.28063 0.0977642
6.28441 0.0975108
6.28454 0.0976392
6.28915 0.0982189
6.29306 0.092882
6.29344 0.0973007
6.2984 0.0982231
6.30109 0.0968828
6.30509 0.0968501
6.30923 0.0969492
6.31323 0.0969205
6.3173 0.0969534
6.32335 0.0989765
6.32746 0.0970288
6.32759 0.0971572
6.33165 0.0971912
6.33537 0.0968741
6.33941 0.0968799
6.34341 0.0968517
6.34777 0.0971775
6.35156 0.09693
6.35582 0.0971586
6.36166 0.0989619
6.36564 0.0968887
6.36974 0.0969573
6.37371 0.0969009
6.37779 0.0969378
6.38172 0.096844
6.38691 0.097997
6.39108 0.0981288
6.39319 0.0930142
6.39524 0.0970822
6.39912 0.0969256
6.40315 0.096928
6.40719 0.0969304
6.41328 0.0989875
6.41729 0.096942
6.42171 0.0973306
6.42542 0.09701
6.42933 0.0968845
6.43349 0.0970123
6.43747 0.0969549
6.44195 0.0974062
6.44599 0.0974125
6.45151 0.0988929
6.45586 0.097198
6.45965 0.0969505
6.46382 0.0970852
6.46394 0.0972136
6.46779 0.0970288
6.47202 0.0972218
6.47568 0.0968459
6.48064 0.0977757
6.48077 0.0979041
6.48455 0.0976507
6.48916 0.0982304
6.49307 0.0928935
6.49333 0.0971839
6.49711 0.0969294
6.50316 0.0989491
6.5072 0.0969347
6.51149 0.0971978
6.51559 0.0972624
6.51931 0.0969492
6.52348 0.097081
6.52803 0.097598
6.53168 0.0972192
6.5354 0.096906
6.54149 0.0989637
6.54591 0.0973349
6.54951 0.0968929
6.55355 0.0968992
6.55762 0.0969361
6.56159 0.0968758
6.56172 0.0970042
6.56569 0.0969438
6.56972 0.0969422
6.57366 0.0968508
6.58046 0.0996096
6.58059 0.099738
6.58437 0.0974679
6.58655 0.095614
6.59305 0.0928702
6.59343 0.0984673
6.59839 0.0982113
6.60108 0.096871
6.60521 0.0969672
6.60925 0.096969
6.61318 0.0968741
6.61728 0.0969387
6.6217 0.0973268
6.62539 0.096979
6.63167 0.0992243
6.63545 0.0969566
6.63949 0.0969659
6.6435 0.0969377
6.64785 0.0972556
6.65151 0.0968797
6.6558 0.0971394
6.65958 0.0968879
6.66388 0.097147
6.66975 0.098982
6.67369 0.0968737
6.67776 0.0969107
6.68173 0.0968513
6.68602 0.0971086
6.68647 0.0975565
6.69108 0.0981362
6.69313 0.0929554
6.69518 0.0970234
6.69916 0.0969641
6.70309 0.0968652
6.70719 0.0969298
6.71129 0.0969984
6.7152 0.0968763
6.72142 0.0990624
6.72542 0.0970129
6.72555 0.0971413
6.72933 0.0968879
6.7335 0.0970197
6.73363 0.0971481
6.73747 0.0969583
6.74196 0.0974096
6.74593 0.0973498
6.74958 0.0969699
6.75356 0.0969101
6.75965 0.0989707
6.76388 0.0971508
6.76792 0.0971567
6.77212 0.0973225
6.77571 0.0968804
6.78064 0.0977751
6.78077 0.0979035
6.78455 0.0976502
6.78916 0.0982299
6.78929 0.0983582
6.79307 0.092893
6.79333 0.0971833
6.79838 0.0982069
6.80108 0.0968666
6.80521 0.0969663
6.81152 0.0992451
6.81559 0.0972618
6.81931 0.0969487
6.82335 0.0969521
6.82803 0.0975974
6.83155 0.0970902
6.83543 0.0969365
6.83954 0.0970085
6.84354 0.0969803
6.8495 0.0989091
6.85358 0.0969298
6.85755 0.0968694
6.86165 0.0969414
6.86563 0.096885
6.86963 0.0968523
6.87377 0.0969515
6.8778 0.0969533
6.88248 0.0975957
6.88715 0.0982382
6.89106 0.0960964
6.89318 0.0929985
6.89523 0.0970666
6.90106 0.0988645
6.9051 0.0968541
6.9092 0.0969261
6.91327 0.0969636
6.91731 0.096962
6.92135 0.0969683
6.92538 0.0969707
6.92939 0.0969425
6.93371 0.0972338
6.93939 0.098877
6.94349 0.0969293
6.94785 0.0972512
6.95157 0.0969375
6.95579 0.097131
6.95954 0.0968484
6.96384 0.0971076
6.96785 0.0970823
6.97201 0.0972131
6.97778 0.0989542
6.9824 0.0975171
6.9865 0.0975832
6.99111 0.0981629
6.99294 0.0927599
6.99512 0.0969563
6.99909 0.096897
7.00318 0.0969576
7.00723 0.0969665
7.01127 0.0969728
7.01559 0.0972631
7.01931 0.0969454
7.02338 0.0969829
7.02933 0.0989047
7.02946 0.0990331
7.03363 0.0971481
7.03747 0.0969623
7.04151 0.0969657
7.04548 0.0969059
7.04956 0.0969457
7.0535 0.0968548
7.05757 0.0968917
7.06177 0.0970605
7.06793 0.0991838
7.07171 0.0969156
7.07572 0.0968932
7.08034 0.0974719
7.08421 0.0973148
7.08895 0.0980223
7.08908 0.0981507
7.09302 0.0928439
7.09328 0.0971342
7.09843 0.0982496
7.10109 0.0968777
7.10522 0.0969758
7.10922 0.096946
7.11326 0.0969524
7.11931 0.0989694
7.12335 0.096956
7.12758 0.0971535
7.13168 0.0972186
7.13546 0.0969637
7.13944 0.0969073
7.14347 0.0969107
7.14786 0.0972677
7.15155 0.0969229
7.15758 0.0989138
7.16168 0.0969651
7.16565 0.0969047
7.16975 0.0969733
7.1737 0.0968818
7.17773 0.0968876
7.18248 0.0975957
7.18658 0.0976619
7.19106 0.0981132
7.19318 0.0929985
7.19523 0.0970666
7.19913 0.0969416
7.2032 0.0969751
7.20925 0.0989932
7.21326 0.0969477
7.21729 0.0969495
7.22172 0.0973381
7.22542 0.0970135
7.2294 0.0969542
7.23369 0.0972144
7.23741 0.0969002
7.24234 0.0977994
7.24789 0.0993119
7.25158 0.0969503
7.25587 0.09721
7.25956 0.0968652
7.26369 0.0969649
7.26382 0.0970933
7.2677 0.0969356
7.26783 0.097064
7.27205 0.097257
7.27571 0.0968811
7.28064 0.0977798
7.28577 0.098873
7.2859 0.0990014
7.28904 0.0960893
7.2932 0.093026
7.29359 0.0974447
7.29372 0.0975731
7.29935 0.0991764
7.30319 0.0969675
7.30723 0.0969704
7.3114 0.0971051
7.31559 0.097267
7.31935 0.0969849
7.32351 0.0971167
7.32364 0.0972451
7.32816 0.097727
7.33168 0.0972198
7.33748 0.098988
7.34152 0.0969746
7.34591 0.0973316
7.34604 0.09746
7.34956 0.0969517
7.3536 0.0969581
7.35764 0.0969559
7.36177 0.0970591
7.36562 0.0968703
7.36968 0.0969038
7.37571 0.0988942
7.38061 0.097745
7.38439 0.0974917
7.38916 0.0982308
7.38929 0.0983592
7.39307 0.092894
7.39346 0.0973127
7.39841 0.098235
7.4011 0.0968947
7.4052 0.0969593
7.40914 0.0968639
7.41327 0.0969635
7.41731 0.0969654
7.4217 0.0973224
7.42746 0.0990536
7.42759 0.099182
7.4317 0.0972343
7.43545 0.0969522
7.43939 0.0968642
7.44352 0.0969604
7.44788 0.0972863
7.45157 0.0969415
7.45586 0.0972012
7.45958 0.0968875
7.46564 0.098913
7.46974 0.0969648
7.47372 0.0969044
7.47773 0.0968791
7.48247 0.0975872
7.48657 0.0976534
7.49105 0.0981047
7.49316 0.092986
7.49521 0.0970541
7.49534 0.0971825
7.49906 0.0968664
7.50319 0.0969661
7.50722 0.0969645
7.5113 0.0970019
7.51142 0.0971303
7.51728 0.0989573
7.52171 0.0973291
7.52555 0.0971369
7.52939 0.0969492
7.53349 0.0970148
7.53747 0.0969534
7.54195 0.0974047
7.54605 0.0974732
7.54948 0.0968717
7.55589 0.0992483
7.55968 0.0969801
7.5639 0.097173
7.56794 0.0971789
7.57214 0.0973447
7.5757 0.0968676
7.58063 0.0977662
7.58454 0.0976413
7.58915 0.098221
7.59309 0.0929152
7.59335 0.0972055
7.59713 0.0969511
7.60123 0.0970172
7.60722 0.0989771
7.61145 0.0971533
7.61561 0.0972845
7.6193 0.0969398
7.62334 0.0969432
7.62347 0.0970716
7.62757 0.0971406
7.6277 0.097269
7.63167 0.0972097
7.63539 0.0968926
7.63952 0.0969957
7.64593 0.0993694
7.64952 0.0969105
7.65356 0.0969169
7.65757 0.0968916
7.66161 0.0968974
7.66174 0.0970258
7.66568 0.0969344
7.66965 0.0968706
7.67369 0.0968724
7.67773 0.0968782
7.68448 0.0996031
7.68654 0.0956041
7.68698 0.096052
7.69128 0.0963121
7.69313 0.0929575
7.69841 0.100253
7.70111 0.0968961
7.70521 0.0969651
7.70924 0.096967
7.71328 0.0969733
7.71722 0.0968745
7.72158 0.0972003
7.72539 0.096977
7.72936 0.0969177
7.73545 0.0989714
7.7394 0.0968666
7.74353 0.0969628
7.74788 0.0972847
7.7516 0.096971
7.75583 0.0971645
7.75958 0.0968819
7.76387 0.097145
7.76785 0.0970886
7.77372 0.0989235
7.77776 0.0969126
7.7824 0.0975234
7.7865 0.0975895
7.79112 0.0981692
7.79313 0.0929573
7.79519 0.0970254
7.79531 0.0971538
7.79916 0.0969661
7.80319 0.0969645
7.80713 0.0968656
7.81129 0.0970003
7.81559 0.09726
7.81937 0.097009
7.82542 0.0990276
7.82555 0.099156
7.8294 0.0969515
7.83362 0.0971455
7.83747 0.0969597
7.84151 0.0969631
7.84587 0.097289
7.84959 0.0969753
7.85353 0.0968844
7.85754 0.0968591
7.86389 0.099173
7.86793 0.0971621
7.87209 0.0972928
7.87578 0.096948
7.88071 0.0978467
7.88462 0.0977217
7.88923 0.0983014
7.89304 0.0928673
7.8933 0.0971576
7.89343 0.097286
7.89704 0.0968641
7.90114 0.0969303
7.90521 0.0969637
7.90925 0.0969696
7.91562 0.0993116
7.91931 0.0969461
7.92334 0.0969495
7.92761 0.0971781
7.93167 0.0972121
7.93545 0.0969571
7.93956 0.0970292
7.94347 0.0969042
7.94779 0.0971949
7.95353 0.0989015
7.9576 0.0969216
7.96174 0.0970247
7.96572 0.0969684
7.96975 0.0969707
7.97376 0.0969415
7.97773 0.0968811
7.98247 0.0975892
7.98657 0.0976553
7.99109 0.0981378
7.99313 0.0929569
7.99518 0.097025
7.99916 0.0969622
8.00515 0.0969079
8.00925 0.0969759
8.01316 0.0968539
8.0173 0.096953
8.02127 0.0968937
8.0214 0.0970221
8.0254 0.0969854
8.02937 0.0969261
8.03376 0.0972796
8.03741 0.0968992
8.04353 0.098988
8.04744 0.0968486
8.05151 0.096885
8.05578 0.0971136
8.05959 0.0968927
8.06372 0.0969924
8.06782 0.0970604
8.07167 0.0968751
8.07571 0.0968799
8.08183 0.0989676
8.08587 0.0969538
8.08904 0.096089
8.09304 0.0928651
8.09503 0.0988867
8.09913 0.0969351
8.10322 0.0969946
8.10713 0.0968676
8.11136 0.097068
8.1152 0.0968753
8.11934 0.0969784
8.12386 0.0974608
8.12847 0.0980405
8.13366 0.0991994
8.13748 0.0969657
8.14151 0.0969691
8.14594 0.0973577
8.14959 0.0969739
8.15353 0.096879
8.15756 0.0968848
8.1618 0.0970852
8.16568 0.0969315
8.17212 0.0993392
8.17578 0.0969466
8.18078 0.0979115
8.18443 0.0975297
8.18456 0.0976581
8.18917 0.0982378
8.19308 0.0929009
8.19346 0.0973196
8.19845 0.0982731
8.20114 0.0969328
8.20511 0.096869
8.20925 0.0969681
8.21332 0.0970056
8.21732 0.0969768
8.22338 0.0969831
8.22764 0.0972117
8.23171 0.0972457
8.23539 0.0968935
8.2394 0.0968682
8.24353 0.0969684
8.24782 0.0972281
8.25161 0.0969766
8.25587 0.0972052
8.2617 0.0990045
8.26567 0.0969273
8.26965 0.0968675
8.27375 0.0969355
8.27776 0.0969103
8.2825 0.0976183
8.2866 0.0976845
8.29108 0.0981358
8.2932 0.0930211
8.29525 0.0970892
8.29916 0.0969637
8.3031 0.0968688
8.30925 0.0989881
8.31322 0.0969115
8.31729 0.0969445
8.32171 0.0973331
8.32545 0.0970396
8.32943 0.0969803
8.33352 0.0970459
8.33365 0.0971743
8.33741 0.0968952
8.34234 0.0977944
8.34599 0.0974156
8.35154 0.098931
8.3559 0.09724
8.35959 0.0968953
8.36382 0.0970922
8.3678 0.0970318
8.37204 0.097248
8.3757 0.0968681
8.38076 0.0978952
8.38441 0.0975134
8.38915 0.0982215
8.39319 0.093013
8.39345 0.0973033
8.39925 0.0990696
8.40322 0.0969891
8.40725 0.0969919
8.41142 0.0971267
8.41155 0.0972551
8.41562 0.0972885
8.41937 0.0970065
8.42353 0.0971383
8.42808 0.0976553
8.43177 0.0973075
8.43539 0.0968971
8.44151 0.0969691
8.44593 0.0973537
8.44959 0.0969738
8.45356 0.096914
8.45765 0.0969741
8.46175 0.0970381
8.46563 0.0968805
8.4697 0.0969179
8.4737 0.0968887
8.48056 0.0997137
8.48434 0.0974436
8.4894 0.0984712
8.49305 0.0928775
8.49344 0.0972962
8.49843 0.0982497
8.50112 0.0969094
8.50519 0.0969429
8.50916 0.0968786
8.5132 0.0968849
8.51733 0.0969846
8.52172 0.0973415
8.52752 0.0991038
8.53168 0.0972184
8.53546 0.0969674
8.53947 0.0969421
8.54354 0.0969761
8.5479 0.097302
8.55156 0.0969261
8.55588 0.0972169
8.55957 0.0968721
8.56387 0.0971352
8.56976 0.0990012
8.57374 0.0969281
8.57775 0.0969028
8.58249 0.0976109
8.58646 0.0975486
8.59108 0.0981283
8.59316 0.0929786
8.59521 0.0970467
8.59533 0.0971751
8.59918 0.0969873
8.60322 0.0969897
8.60725 0.0969881
8.61132 0.0970256
8.61731 0.0989809
8.62173 0.0973527
8.62544 0.0970321
8.62557 0.0971605
8.62942 0.0969728
8.63352 0.0970384
8.63749 0.096977
8.64197 0.0974283
8.64604 0.0974658
8.64951 0.0968953
8.65355 0.0969017
8.65957 0.0968753
8.6639 0.0971696
8.66797 0.0972065
8.67217 0.0973684
8.67582 0.0969885
8.68075 0.0978872
8.68453 0.0976338
8.68914 0.0982135
8.69312 0.0929388
8.69337 0.0972292
8.69715 0.0969747
8.70112 0.0969125
8.70715 0.0989034
8.71144 0.0971458
8.71564 0.0973082
8.71932 0.0969634
8.72336 0.0969668
8.72349 0.0970952
8.72772 0.0972927
8.7317 0.0972334
8.73545 0.0969513
8.73958 0.0970544
8.74596 0.0993936
8.74955 0.0969347
8.75359 0.0969411
8.75756 0.0968847
8.76163 0.0969216
8.76176 0.09705
8.76564 0.0968884
8.76967 0.0968908
8.77374 0.0969277
8.77772 0.0968713
8.78176 0.0968747
8.78701 0.0980934
8.79117 0.0962045
8.79303 0.0928498
8.79802 0.099865
8.80117 0.0969558
8.80524 0.0969933
8.80924 0.096964
8.81328 0.0969704
8.81732 0.0969722
8.82136 0.0969786
8.82539 0.0969815
8.82937 0.0969222
8.83549 0.0990069
8.83946 0.0969338
8.8435 0.0969372
8.84789 0.0972941
8.85155 0.0969183
8.85584 0.097174
8.85959 0.0968914
8.86372 0.096991
8.86385 0.0971194
8.86783 0.097063
8.87206 0.09726
8.87773 0.096887
8.88241 0.0975294
8.88651 0.0975956
8.89112 0.0981753
8.89314 0.0929633
8.89519 0.0970314
8.89532 0.0971598
8.89917 0.0969721
8.9032 0.0969705
8.90713 0.0968716
8.9112 0.096909
8.91547 0.0971376
8.91938 0.0970151
8.92556 0.099162
8.92943 0.0969887
8.93366 0.0971827
8.93748 0.0969658
8.94151 0.0969692
8.94594 0.0973577
8.94959 0.0969779
8.95353 0.0968869
8.95757 0.0968928
8.96392 0.0992067
8.96796 0.0971918
8.97212 0.0973225
8.97578 0.0969466
8.98071 0.0978453
8.98462 0.0977203
8.98923 0.0983
8.99307 0.092897
8.99333 0.0971873
8.99346 0.0973157
8.99803 0.0978523
9.00117 0.09696
9.00524 0.0969996
9.00928 0.0970014
9.01521 0.0988951
9.01934 0.0969775
9.02331 0.0969181
9.02767 0.097244
9.03171 0.0972469
9.03539 0.0968947
9.03943 0.0969005
9.04356 0.0970007
9.04786 0.0972638
9.05356 0.0989352
9.05764 0.0969554
9.06177 0.097058
9.06568 0.0969354
9.06968 0.0969027
9.07375 0.0969386
9.07775 0.0969044
9.08179 0.0969072
9.08589 0.0969763
9.09102 0.0980691
9.09307 0.0928917
9.09515 0.0969938
9.09913 0.0969345
9.10525 0.0990212
9.10928 0.0970018
9.11319 0.0968797
9.11729 0.0969477
9.12159 0.0972079
9.12171 0.0973363
9.12539 0.0969807
9.12937 0.0969213
9.13366 0.0971815
9.13748 0.0969646
9.1435 0.0989566
9.1478 0.0971995
9.15158 0.096952
9.15581 0.0971495
9.15969 0.0969953
9.16373 0.0969976
9.1677 0.0969373
9.16783 0.0970657
9.17209 0.0972897
9.17574 0.0969139
9.18074 0.0978787
9.18651 0.0975942
9.18933 0.0963794
9.19311 0.0929309
9.19529 0.0991441
9.1992 0.0970019
9.20323 0.0970003
9.20726 0.0970031
9.21137 0.0970717
9.21556 0.0972296
9.21934 0.0969821
9.22351 0.0971139
9.22834 0.0979153
9.22847 0.0980437
9.23366 0.0992026
9.23751 0.097
9.24155 0.0970034
9.24597 0.0973915
9.24952 0.0969104
9.25363 0.0969789
9.25757 0.0968875
9.2618 0.0970879
9.26568 0.0969342
9.27216 0.099377
9.27581 0.0969804
9.28061 0.0977507
9.28074 0.0978791
9.28452 0.0976257
9.28914 0.0982054
9.28926 0.0983338
9.29305 0.0928685
9.29343 0.0972872
9.29804 0.097859
9.30118 0.0969666
9.30515 0.0969028
9.30928 0.0970019
9.31319 0.0968798
9.31723 0.0968822
9.32341 0.0990337
9.32755 0.0971171
9.33171 0.0972444
9.33549 0.0969935
9.33947 0.0969366
9.3435 0.09694
9.34786 0.0972658
9.35161 0.0969832
9.35587 0.0972118
9.36174 0.0990462
9.36568 0.096938
9.36979 0.0970065
9.37376 0.0969462
9.37777 0.0969209
9.38244 0.0975633
9.3859 0.0969904
9.39113 0.0981775
9.39311 0.0929345
9.39516 0.0970026
9.39917 0.0969743
9.40311 0.0968834
9.40724 0.0969831
9.41324 0.0989429
9.4173 0.0969591
9.42173 0.0973477
9.42544 0.0970271
9.42557 0.0971555
9.42944 0.0969989
9.43354 0.0970645
9.43743 0.0969138
9.44223 0.0976846
9.44236 0.097813
9.44601 0.0974341
9.45156 0.0989495
9.45592 0.0972586
9.4597 0.0970071
9.46393 0.0972041
9.46781 0.0970464
9.4721 0.0973016
9.47572 0.0968907
9.48075 0.0978866
9.48453 0.0976333
9.48902 0.0980846
9.48914 0.098213
9.49305 0.0928761
9.49331 0.0971664
9.49344 0.0972948
9.49712 0.0969471
9.50311 0.0989005
9.50715 0.0968861
9.51151 0.0972114
9.51522 0.0968903
9.51925 0.0968927
9.52355 0.0971529
9.52765 0.097222
9.5281 0.0976699
9.53169 0.0972249
9.53541 0.0969117
9.54143 0.0989032
9.54608 0.0975001
9.54954 0.0969257
9.55358 0.096932
9.55758 0.0969028
9.56165 0.0969357
9.56178 0.0970641
9.56568 0.0969376
9.56976 0.096975
9.57379 0.0969809
9.58059 0.0997397
9.58437 0.0974696
9.58706 0.0961264
9.59308 0.0929035
9.59347 0.0985006
9.59813 0.0979562
9.60115 0.0969354
9.60521 0.0969689
9.60928 0.0970018
9.61319 0.0968798
9.61735 0.0970106
9.62175 0.0973675
9.6254 0.0969887
9.63171 0.0992651
9.63549 0.0969974
9.63944 0.0969094
9.64347 0.0969083
9.64783 0.0972302
9.65151 0.0968854
9.65575 0.0970828
9.65587 0.0972112
9.65969 0.0969948
9.66386 0.0971296
9.66966 0.0988983
9.67377 0.0969535
9.67778 0.0969283
9.68252 0.0976364
9.68636 0.0974457
9.6911 0.0981538
9.69315 0.092973
9.6952 0.097041
9.69918 0.0969817
9.70311 0.0968828
9.70714 0.0968812
9.71121 0.0969187
9.71134 0.0970471
9.71544 0.0971161
9.72144 0.099076
9.72557 0.0971549
9.72944 0.0969983
9.73354 0.0970639
9.73367 0.0971923
9.73742 0.0969052
9.74235 0.0978044
9.74604 0.0974567
9.7496 0.0969835
9.75364 0.0969899
9.7596 0.0989181
9.76392 0.0971916
9.76796 0.0971974
9.77216 0.0973633
9.77581 0.0969834
9.78075 0.0978821
9.78465 0.0977571
9.78927 0.0983368
9.79305 0.0928715
9.7933 0.0971618
9.79846 0.0982827
9.80115 0.0969425
9.80513 0.0968826
9.81153 0.0992548
9.81521 0.0968863
9.81932 0.0969543
9.82335 0.0969578
9.82765 0.0972174
9.83158 0.097123
9.83543 0.0969383
9.83957 0.0970414
9.84354 0.096982
9.84957 0.098973
9.85361 0.0969626
9.85762 0.0969373
9.86172 0.0970093
9.8657 0.0969489
9.86976 0.0969824
9.87374 0.0969221
9.87784 0.0969941
9.88245 0.0975738
9.88649 0.0975772
9.88694 0.0980251
9.89117 0.0962023
9.89315 0.0929761
9.8952 0.0970441
9.9011 0.0989043
9.90513 0.0968899
9.90924 0.0969579
9.91327 0.0969642
9.91734 0.0969972
9.9216 0.0972258
9.92539 0.0969753
9.92936 0.096916
9.93378 0.0973006
9.93946 0.0989439
9.94355 0.0969922
9.94791 0.0973141
9.95157 0.0969382
9.95586 0.0971939
9.9596 0.0969074
9.96383 0.0971043
9.96781 0.0970479
9.97211 0.097311
9.97775 0.0989237
9.98243 0.0975489
9.98653 0.097615
9.99114 0.0981947
9.99312 0.0929477
9.99518 0.0970158
9.99915 0.0969564

