% time_sec delay_sec
1.11927 0.0191435
1.11927 0.0191435
1.21925 0.0191275
1.31925 0.0191227
1.4171 0.320988
1.41927 0.0191452
1.51925 0.0191227
1.61925 0.0191254
1.71926 0.0191364
1.71986 0.321078
1.81925 0.0191294
1.91843 0.217642
1.92062 0.0204735
1.92249 0.0243633
1.92739 0.0252329
2.01845 0.112258
2.02679 0.024629
2.03056 0.0243705
2.03459 0.0243642
2.03926 0.0250039
2.04266 0.0243676
2.0467 0.0243767
2.05084 0.0244746
2.05678 0.02437
2.06083 0.024382
2.06485 0.024372
2.06922 0.024708
2.07295 0.0244011
2.077 0.024425
2.08103 0.0244195
2.08529 0.0246441
2.08913 0.0244558
2.09512 0.0264032
2.09915 0.0243888
2.10319 0.0243902
2.10722 0.0243875
2.11123 0.0243623
2.11648 0.0255858
2.12068 0.0205392
2.12081 0.0247011
2.12459 0.0244507
2.12863 0.0244501
2.1326 0.0243903
2.13664 0.0243961
2.14275 0.026474
2.14669 0.0243663
2.15105 0.0246871
2.15483 0.0244367
2.15919 0.0247615
2.16323 0.0247673
2.16759 0.0250961
2.17089 0.0243622
2.17493 0.0243646
2.18008 0.0254889
2.18534 0.0267106
2.18905 0.0243742
2.19334 0.0246305
2.19712 0.0243721
2.20122 0.0244382
2.20528 0.0244717
2.20929 0.0244424
2.21323 0.0243515
2.21855 0.0256378
2.2207 0.0205572
2.22281 0.024688
2.22688 0.0247254
2.22733 0.0251733
2.23262 0.026425
2.23665 0.0244061
2.24104 0.0247631
2.24469 0.0243837
2.24879 0.0244483
2.25283 0.0244547
2.25296 0.0245831
2.25687 0.0244605
2.26082 0.0243725
2.26492 0.0244445
2.26922 0.0247076
2.27499 0.0244245
2.27903 0.0244309
2.27915 0.0245592
2.28319 0.0245626
2.28396 0.0253301
2.28729 0.0246288
2.29107 0.0243754
2.2912 0.0245038
2.29517 0.0244445
2.29921 0.0244479
2.30325 0.0244542
2.30725 0.0244215
2.31331 0.0264476
2.31652 0.0236041
2.32071 0.0205703
2.3227 0.0265895
2.32682 0.0246644
2.33061 0.024414
2.33458 0.0243546
2.33881 0.0245545
2.34269 0.0243979
2.34676 0.0244354
2.35087 0.0245074
2.35478 0.0243853
2.36084 0.0264103
2.36487 0.0243954
2.36923 0.0247168
2.37291 0.0243645
2.37701 0.0244366
2.38102 0.0244083
2.38557 0.0249224
2.38922 0.0245406
2.39332 0.0246097
2.39711 0.0243593
2.40322 0.0264406
2.40729 0.0244613
2.41155 0.0246853
2.41655 0.0256486
2.42062 0.0204737
2.42138 0.0252746
2.42459 0.0244479
2.42876 0.0245797
2.4326 0.0243915
2.43661 0.0243662
2.44116 0.0248831
2.44465 0.0243443
2.45109 0.0267476
2.45475 0.024352
2.45882 0.0243884
2.46285 0.0243902
2.46759 0.0250968
2.47099 0.0244641
2.47503 0.0244704
2.47929 0.024699
2.48397 0.0253414
2.48737 0.0247058
2.49352 0.0248065
2.49717 0.0244197
2.50114 0.0243575
2.50517 0.0243598
2.50927 0.0244239
2.51331 0.0244263
2.51847 0.025553
2.52065 0.0205035
2.52276 0.0246343
2.5268 0.0246407
2.53058 0.0243902
2.53468 0.0244553
2.54119 0.0269253
2.54478 0.024467
2.54875 0.0244071
2.55295 0.024573
2.55683 0.0244193
2.5609 0.0244597
2.56494 0.024466
2.56914 0.0246319
2.57299 0.0244471
2.57921 0.0266326
2.58325 0.0246193
2.58722 0.024557
2.58735 0.0246854
2.59113 0.024432
2.59126 0.0245604
2.5951 0.0243727
2.59917 0.0244067
2.6032 0.0244051
2.60727 0.0244426
2.61137 0.0245111
2.61644 0.0255446
2.62067 0.0205291
2.62144 0.02533
2.62452 0.0243749
2.6306 0.0264251
2.63463 0.0244073
2.63909 0.0248294
2.64287 0.024576
2.64678 0.024454
2.65089 0.024526
2.65483 0.024435
2.65919 0.0247638
2.66285 0.0243879
2.66922 0.026729
2.67294 0.0243951
2.67704 0.0244631
2.68108 0.0244665
2.68531 0.024661
2.68922 0.0245361
2.69351 0.0247963
2.69847 0.0257266
2.70117 0.0243863
2.70533 0.0245176
2.71155 0.0246863
2.71399 0.0230892
2.72064 0.0205023
2.72141 0.0264816
2.72154 0.02661
2.72455 0.0244108
2.72862 0.0244454
2.73256 0.0243544
2.7367 0.0244575
2.74112 0.0248461
2.74125 0.0249745
2.74468 0.02437
2.74872 0.0243763
2.75302 0.0246395
2.75882 0.0264077
2.76285 0.0243928
2.76753 0.0250331
2.77089 0.0243654
2.77496 0.0244028
2.77939 0.0247909
2.78317 0.0245375
2.7872 0.0245409
2.79121 0.0245127
2.79134 0.0246411
2.79716 0.0264345
2.80114 0.0243555
2.80521 0.024393
2.80921 0.0243637
2.81325 0.0243661
2.81856 0.0256484
2.82068 0.0205367
2.82279 0.0246675
2.82686 0.0247049
2.83065 0.0244545
2.83462 0.0243952
2.83885 0.024595
2.84273 0.0244384
2.84875 0.0264254
2.85292 0.0245434
2.85305 0.0246718
2.8568 0.0243857
2.86084 0.024395
2.86494 0.024467
2.86914 0.0246329
2.87299 0.0244481
2.87719 0.0246134
2.88104 0.0244257
2.88725 0.0266059
2.89116 0.0244641
2.89526 0.0245297
2.89917 0.0244048
2.90316 0.0243681
2.90726 0.0244327
2.91124 0.0243728
2.91643 0.0255307
2.92069 0.0205468
2.92082 0.0247088
2.9245 0.024361
2.92866 0.0244889
2.93258 0.0243668
2.9393 0.027054
2.94295 0.0246555
2.94673 0.024405
2.95099 0.0246325
2.95484 0.0244443
2.9592 0.0247731
2.96289 0.0244283
2.96757 0.0250766
2.97097 0.0244439
2.97718 0.0266215
2.98109 0.0244798
2.98577 0.0251222
2.98942 0.0247404
2.99346 0.0247438
2.99717 0.0244233
3.00121 0.0244267
3.00522 0.024404
3.00929 0.0244409
3.01333 0.0244473
3.01855 0.0236195
3.01868 0.0237479
3.0289 0.0267401
3.03262 0.0244067
3.03672 0.0244748
3.04104 0.0247655
3.04476 0.0244524
3.04881 0.0244617
3.05291 0.0245302
3.05688 0.0244738
3.06086 0.0244204
3.06721 0.0267298
3.07092 0.0243954
3.07496 0.0244002
3.07906 0.0244682
3.083 0.0243728
3.08714 0.0244729
3.09114 0.0244442
3.09515 0.0244189
3.09915 0.0243902
3.10525 0.0264497
3.10928 0.0244343
3.11329 0.0244056
3.1185 0.0255906
3.12062 0.0204789
3.1228 0.0246724
3.1268 0.0246437
3.13059 0.0243932
3.13469 0.0244623
3.13879 0.0245338
3.14267 0.0243772
3.14671 0.0243835
3.15094 0.0245839
3.15107 0.0247123
3.15681 0.0264154
3.16082 0.0243728
3.16485 0.0243752
3.16921 0.0247005
3.17299 0.0244496
3.177 0.0244243
3.18104 0.0244272
3.18559 0.0249412
3.18937 0.0246878
3.1951 0.026388
3.1992 0.0244403
3.20317 0.0243725
3.20724 0.024406
3.21128 0.0244123
3.21644 0.0255396
3.2207 0.0205592
3.22083 0.0247211
3.22461 0.0244707
3.22865 0.0244741
3.22878 0.0246025
3.23259 0.0243832
3.2367 0.0244552
3.24112 0.0248432
3.24676 0.0264495
3.25108 0.0247225
3.25487 0.0244721
3.25881 0.0243801
3.26291 0.0244481
3.26759 0.0250964
3.27099 0.0244598
3.27493 0.0243688
3.27942 0.0248231
3.28019 0.0255905
3.28544 0.0268121
3.28935 0.0246704
3.29351 0.0248022
3.29713 0.0243843
3.30123 0.0244504
3.30523 0.0244182
3.30929 0.0244472
3.31333 0.0244536
3.31878 0.0258648
3.32067 0.0205274
3.32278 0.0246582
3.32695 0.0247929
3.33061 0.0244141
3.33663 0.0264011
3.34115 0.0248697
3.34467 0.0243619
3.34874 0.0243994
3.35291 0.0245341
3.35304 0.0246625
3.35676 0.0243493
3.3609 0.0244519
3.36494 0.0244583
3.36923 0.0247214
3.37503 0.0264861
3.37907 0.0244757
3.38324 0.0246075
3.38734 0.0246737
3.39112 0.0244203
3.39509 0.024361
3.39919 0.02443
3.40326 0.0244635
3.40723 0.0243997
3.41335 0.026484
3.41643 0.0235121
3.42069 0.0205445
3.42082 0.0247064
3.42683 0.0266904
3.43062 0.0244232
3.43459 0.0243639
3.43911 0.0248482
3.44289 0.0245949
3.4468 0.0244728
3.45091 0.0245448
3.45482 0.0244228
3.45921 0.0247827
3.46485 0.0263914
3.46921 0.024696
3.47292 0.0243788
3.47703 0.0244508
3.48107 0.0244543
3.48529 0.0246488
3.48907 0.0243954
3.49331 0.0245929
3.49849 0.0257489
3.50324 0.0264594
3.50718 0.0243516
3.51144 0.0245797
3.5165 0.0256052
3.52073 0.0205903
3.52086 0.0247522
3.52458 0.0244361
3.52893 0.024759
3.52906 0.0248874
3.53259 0.0243802
3.5367 0.0244522
3.54112 0.0248408
3.54467 0.0243646
3.54875 0.0244021
3.55486 0.0264864
3.55881 0.0243776
3.56284 0.0243834
3.56752 0.0250278
3.57099 0.0244573
3.57493 0.0243664
3.57932 0.0247233
3.58399 0.0253657
3.58746 0.0247929
3.59351 0.026813
3.59719 0.0244445
3.60123 0.024448
3.60523 0.0244158
3.60923 0.0243865
3.6133 0.024424
3.61856 0.0256441
3.62067 0.0205323
3.62279 0.0246631
3.62689 0.0247317
3.63055 0.0243529
3.63468 0.0244531
3.63878 0.0245245
3.63891 0.0246529
3.64468 0.0263876
3.64481 0.026516
3.64872 0.0243772
3.65302 0.0246403
3.6568 0.0243894
3.66091 0.0244609
3.66495 0.0244672
3.66927 0.0247614
3.67299 0.0244483
3.67713 0.0245514
3.67726 0.0246798
3.68402 0.0274046
3.68735 0.0246866
3.69113 0.0244332
3.69126 0.0245616
3.6951 0.0243699
3.69914 0.0243728
3.70323 0.0244374
3.7073 0.0244708
3.71124 0.0243799
3.71644 0.0255418
3.7207 0.0205574
3.72083 0.0247193
3.72451 0.0243716
3.72868 0.0244994
3.7346 0.0263896
3.73473 0.026518
3.73915 0.0248883
3.73928 0.0250167
3.74293 0.0246349
3.74671 0.0243845
3.75088 0.0245187
3.75101 0.0246471
3.75485 0.0244588
3.75922 0.0247876
3.76287 0.0244117
3.76755 0.02506
3.77294 0.0264085
3.77704 0.0244598
3.78108 0.0244632
3.7853 0.0246577
3.78921 0.0245327
3.79351 0.0247929
3.79847 0.0257193
3.80116 0.024379
3.80535 0.0245414
3.81151 0.0266607
3.81401 0.0231091
3.81868 0.0237529
3.82067 0.0205256
3.82458 0.0264538
3.82862 0.0244405
3.83266 0.0244468
3.83663 0.0243904
3.84112 0.0248447
3.84471 0.0244031
3.84878 0.0244406
3.85295 0.0245753
3.8568 0.0243905
3.86285 0.0264076
3.86753 0.0250351
3.87093 0.0243985
3.87497 0.0244048
3.87901 0.0244112
3.87913 0.0245396
3.88394 0.0253104
3.88708 0.024418
3.89121 0.0245182
3.89525 0.0245216
3.90114 0.0263777
3.90127 0.0265061
3.90524 0.02443
3.90921 0.0243657
3.91328 0.0244032
3.91865 0.0257408
3.92064 0.0205007
3.92314 0.0250137
3.92689 0.0247282
3.93054 0.0243494
3.93468 0.0244495
3.93872 0.0244588
3.94269 0.0243995
3.94673 0.0244019
3.95301 0.0266496
3.95314 0.026778
3.95679 0.0243819
3.96083 0.0243872
3.96487 0.024393
3.9693 0.0247845
3.97302 0.0244714
3.97702 0.0244461
3.981 0.0243868
3.98567 0.0250292
3.99125 0.0265703
3.9951 0.0243659
3.99913 0.0243688
4.00319 0.0243983
4.00723 0.0244023
4.01127 0.0244086
4.0114 0.024537
4.01656 0.0256598
4.02864 0.0244614
4.03268 0.0244678
4.03669 0.0244425
4.0428 0.0265244
4.04671 0.024385
4.05107 0.0247093
4.05479 0.0243927
4.05879 0.0243669
4.06357 0.0251085
4.06729 0.0247948
4.07098 0.02445
4.07496 0.0243966
4.08098 0.0263875
4.08534 0.0246966
4.08919 0.0245089
4.09319 0.0244802
4.09713 0.0243797
4.10116 0.0243832
4.10526 0.0244501
4.1093 0.0244555
4.11334 0.0244618
4.11853 0.0256192
4.12074 0.0206008
4.12286 0.0247316
4.12735 0.0251858
4.1326 0.0264064
4.13663 0.0243915
4.14106 0.0247796
4.14474 0.0244313
4.14881 0.0244648
4.15298 0.0245995
4.15689 0.024477
4.1608 0.0243579
4.16491 0.0244299
4.1709 0.0263892
4.17103 0.0265176
4.17494 0.0243748
4.17506 0.0245032
4.1791 0.0245095
4.18394 0.0253114
4.18727 0.0246102
4.1874 0.0247386
4.19108 0.0243879
4.19528 0.0245508
4.19922 0.0244569
4.20326 0.0244633
4.20931 0.0264814
4.21335 0.0244709
4.21643 0.0235158
4.22069 0.0205482
4.2228 0.0266958
4.2269 0.0247436
4.23059 0.0243959
4.23469 0.0244649
4.23912 0.0248559
4.2427 0.0244115
4.24681 0.02448
4.25091 0.024552
4.25482 0.02443
4.26082 0.0263928
4.26095 0.0265211
4.26486 0.0243784
4.26498 0.0245067
4.26924 0.0247308
4.27293 0.0243826
4.27703 0.0244546
4.28107 0.0244575
4.28562 0.0249715
4.28927 0.0245897
4.2894 0.0247181
4.29369 0.0249783
4.29923 0.0264879
4.30327 0.0244695
4.30721 0.0243785
4.31144 0.0245755
4.3165 0.025601
4.3207 0.0205549
4.32083 0.0247169
4.32461 0.0244664
4.32865 0.0244698
4.32877 0.0245982
4.33269 0.0244762
4.33663 0.0243847
4.34121 0.0249328
4.34467 0.0243629
4.35105 0.0267039
4.35118 0.0268323
4.35486 0.0244678
4.35883 0.0244069
4.36287 0.0244088
4.36761 0.0251193
4.37089 0.0243582
4.37493 0.0243646
4.37945 0.0248499
4.38399 0.0253639
4.38412 0.0254923
4.38925 0.0265856
4.39354 0.024829
4.39712 0.0243761
4.40122 0.0244422
4.40522 0.02441
4.40929 0.0244469
4.41333 0.0244493
4.41878 0.0258645
4.42067 0.0205271
4.42278 0.0246579
4.42682 0.0246642
4.43061 0.0244138
4.43471 0.0244789
4.44121 0.0269489
4.4447 0.0243933
4.44874 0.0243996
4.45304 0.0246627
4.45688 0.024474
4.4608 0.0243549
4.46484 0.0243607
4.46926 0.0247522
4.47298 0.024439
4.47911 0.0265273
4.47923 0.0266557
4.48327 0.0246423
4.48404 0.0254097
4.48724 0.0245801
4.48737 0.0247084
4.49115 0.0244551
4.49513 0.0243958
4.49922 0.0244614
4.50326 0.0244598
4.50729 0.0244621
4.51127 0.0244023
4.51139 0.0245307
4.51652 0.0256264
4.52069 0.0205487
4.52082 0.0247106
4.5246 0.0244602
4.53062 0.0264442
4.53459 0.0243681
4.53915 0.0248875
4.54293 0.0246341
4.54671 0.0243837
4.55088 0.0245179
4.55475 0.0243608
4.5588 0.0243701
4.56354 0.0250811
4.56921 0.0267175
4.56934 0.0268459
4.57293 0.0243875
4.57306 0.0245159
4.577 0.0244245
4.58117 0.0245563
4.58527 0.0246224
4.58918 0.0244974
4.5893 0.0246258
4.5935 0.0247887
4.59847 0.025719
4.60116 0.0243787
4.60721 0.0264013
4.61144 0.0245815
4.61157 0.0247099
4.61401 0.0231128
4.62067 0.0205298
4.62144 0.0265091
4.62157 0.0266375
4.62458 0.0244384
4.62894 0.0247613
4.63269 0.0244758
4.63672 0.0244816
4.64115 0.0248702
4.64467 0.024363
4.64874 0.0244004
4.65301 0.0246285
4.65881 0.0263967
4.65926 0.0268446
4.66284 0.0243818
4.66329 0.0248297
4.66755 0.0250532
4.67091 0.0243855
4.67498 0.0244229
4.67941 0.024811
4.68319 0.0245576
4.68722 0.024561
4.69123 0.0245328
4.69136 0.0246612
4.69849 0.0277638
4.70119 0.0244067
4.70526 0.0244442
4.70923 0.0243798
4.71329 0.0244133
4.71865 0.0257317
4.72063 0.0204916
4.72294 0.0248135
4.72307 0.0249419
4.72691 0.0247537
4.73057 0.0243749
4.7346 0.0243778
4.73881 0.0245465
4.74265 0.0243588
4.74871 0.0263809
4.74884 0.0265093
4.75313 0.0247556
4.75682 0.0244074
4.76086 0.0244127
4.76483 0.0243563
4.76929 0.0247789
4.77301 0.0244658
4.77721 0.0246311
4.78106 0.0244434
4.78727 0.0266236
4.79118 0.0244818
4.79512 0.0243874
4.79915 0.0243903
4.80319 0.0243887
4.80728 0.0244533
4.81126 0.0243934
4.81645 0.0255513
4.82068 0.0205364
4.82145 0.0253373
4.82459 0.0244449
4.82904 0.0248611
4.83269 0.0244823
4.83929 0.0270451
4.84294 0.0246465
4.84307 0.0247749
4.84679 0.0244583
4.85108 0.0247169
4.85486 0.0244665
4.85922 0.0247953
4.86358 0.0251206
4.86756 0.0250642
4.87096 0.0244316
4.87714 0.026582
4.88118 0.0245687
4.88541 0.0247632
4.88932 0.0246382
4.89335 0.0246416
4.8972 0.0244534
4.90124 0.0244568
4.90524 0.0244286
4.90931 0.0244655
4.91406 0.0251765
4.91857 0.0236441
4.92075 0.0206113
4.92287 0.0247421
4.92857 0.0264106
4.93257 0.0243651
4.93665 0.0244021
4.94116 0.0248874
4.94472 0.0244108
4.94882 0.0244793
4.95293 0.0245479
4.95677 0.0243631
4.96082 0.0243724
4.96751 0.027033
4.96764 0.0271613
4.97091 0.0243795
4.97104 0.0245079
4.97504 0.0244792
4.97908 0.0244855
4.97921 0.0246139
4.98328 0.0246484
4.98725 0.0245862
4.99109 0.0243985
4.99526 0.0245303
4.99936 0.0245959
4.99949 0.0247243
5.0052 0.0264025
5.0093 0.0244538
5.01331 0.024425
5.01852 0.02561
5.02692 0.0247594
5.03057 0.0243806
5.03468 0.0244496
5.03872 0.0244589
5.04269 0.0243996
5.0467 0.0243743
5.05106 0.0246986
5.05689 0.026495
5.06083 0.0243857
5.0649 0.0244232
5.06891 0.0243974
5.07292 0.0243716
5.07705 0.0244737
5.08109 0.02448
5.08535 0.0247086
5.0891 0.0244236
5.08923 0.024552
5.09509 0.0263789
5.09919 0.0244312
5.10319 0.0243935
5.10726 0.0244299
5.11124 0.0243735
5.11137 0.0245019
5.11653 0.0256282
5.12076 0.0206127
5.12088 0.0247746
5.1246 0.0244585
5.12877 0.0245903
5.13258 0.024371
5.13662 0.0243768
5.1411 0.0248276
5.14123 0.024956
5.14678 0.0264685
5.15104 0.0246792
5.15482 0.0244288
5.15883 0.024403
5.1629 0.0244399
5.16752 0.025022
5.17101 0.0244827
5.17495 0.0243917
5.17508 0.0245201
5.18024 0.0256445
5.18537 0.0267377
5.18549 0.0268661
5.18928 0.024596
5.1894 0.0247244
5.19353 0.0248211
5.19842 0.0256773
5.20125 0.0244654
5.20528 0.0244638
5.20921 0.0243644
5.21328 0.0244018
5.21854 0.0256224
5.22075 0.020604
5.22273 0.0246065
5.22735 0.0251891
5.23068 0.0244908
5.2366 0.0263765
5.23673 0.0265049
5.24109 0.0248139
5.24122 0.0249423
5.24471 0.0244035
5.24878 0.024437
5.25298 0.0246028
5.25679 0.024383
5.26093 0.0244856
5.26497 0.0244919
5.26888 0.0243693
5.27497 0.0264225
5.27917 0.0245716
5.28397 0.0253424
5.28839 0.025728
5.29108 0.0243877
5.29525 0.0245195
5.29922 0.0244602
5.30326 0.0244626
5.30723 0.0243988
5.31325 0.0263857
5.31646 0.0235423
5.32065 0.020509
5.32142 0.0253099
5.32746 0.0273216
5.33057 0.0243808
5.33464 0.0244148
5.33891 0.0246458
5.34294 0.0246492
5.34673 0.0243988
5.35092 0.0245641
5.35484 0.0244421
5.35923 0.024802
5.36484 0.0263801
5.36497 0.0265085
5.36888 0.0243652
5.37292 0.0243715
5.37702 0.0244435
5.38106 0.0244469
5.38119 0.0245753
5.38532 0.0246726
5.3891 0.0244192
5.39333 0.0246167
5.39711 0.0243622
5.40316 0.0263779
5.4072 0.0243675
5.41143 0.0245644
5.41656 0.0256606
5.42076 0.0206146
5.42089 0.0247765
5.4246 0.0244604
5.42877 0.0245922
5.43268 0.0244701
5.43662 0.0243787
5.44101 0.0247356
5.4447 0.0243879
5.44877 0.0244254
5.45476 0.0263812
5.45489 0.0265096
5.4588 0.0243698
5.46286 0.0244027
5.46754 0.0250476
5.47097 0.024446
5.47505 0.0244834
5.4794 0.0248093
5.48395 0.0253233
5.48735 0.0246877
5.49353 0.0268363
5.49836 0.0256174
5.50119 0.0244056
5.50519 0.0243768
5.50926 0.0244098
5.51336 0.0244783
5.5188 0.0258895
5.52066 0.020521
5.52297 0.024843
5.52685 0.0246858
5.53063 0.0244354
5.5346 0.0243761
5.53884 0.024576
5.5447 0.026404
5.54483 0.0265324
5.54874 0.0243935
5.55303 0.0246567
5.55681 0.0244017
5.56089 0.0244421
5.56486 0.0243857
5.56932 0.0248084
5.57291 0.0243668
5.57721 0.0246294
5.58394 0.0273231
5.58406 0.0274515
5.5874 0.0247335
5.59118 0.0244801
5.59512 0.0243857
5.59918 0.0244197
5.60316 0.0243599
5.60732 0.0244867
5.61132 0.0244579
5.61648 0.0255847
5.62065 0.0205036
5.62141 0.0253045
5.62462 0.0244778
5.62872 0.0245394
5.63461 0.0264025
5.63913 0.0248701
5.63926 0.0249984
5.64272 0.0244256
5.64679 0.024463
5.65105 0.0246945
5.65477 0.0243779
5.65923 0.0248
5.66356 0.0250942
5.66753 0.0250378
5.67292 0.0263903
5.67305 0.0265187
5.67702 0.0244416
5.67715 0.02457
5.68106 0.024445
5.68119 0.0245734
5.68573 0.0250874
5.68938 0.0247056
5.69355 0.0248374
5.69851 0.0257677
5.70121 0.0244275
5.70518 0.0243676
5.71155 0.0267047
5.71418 0.023282
5.71431 0.0234104
5.71892 0.0239925
5.72065 0.0205124
5.72463 0.0265034
5.72854 0.0243616
5.73261 0.0243991
5.73662 0.0243738
5.7411 0.024828
5.74476 0.0244487
5.74883 0.0244861
5.753 0.0246209
5.75685 0.0244361
5.76284 0.0263989
5.76361 0.0271663
5.76749 0.0249919
5.77095 0.0244214
5.77499 0.0244278
5.77916 0.0245625
5.78396 0.0253333
5.7871 0.0244409
5.79111 0.0244127
5.79527 0.0245445
5.80119 0.0264318
5.8052 0.0243868
5.80933 0.0244859
5.81328 0.024395
5.81853 0.0256151
5.82065 0.0205034
5.82282 0.0246969
5.82295 0.0248253
5.82692 0.0247615
5.83058 0.0243826
5.83471 0.0244828
5.83901 0.0247454
5.83913 0.0248738
5.84278 0.0244915
5.84676 0.0244317
5.85297 0.0266132
5.8531 0.0267416
5.85688 0.0244699
5.86086 0.024413
5.86489 0.0244154
5.86932 0.0248069
5.87291 0.0243654
5.87698 0.0244023
5.88108 0.0244714
5.88563 0.0249854
5.89121 0.0265266
5.89537 0.0246416
5.89922 0.0244539
5.90318 0.0243861
5.90725 0.0244156
5.91141 0.0245503
5.91645 0.0255492
5.92068 0.0205377
5.92145 0.0253387
5.92459 0.0244463
5.92859 0.0244146
5.93263 0.024421
5.9367 0.0244579
5.94272 0.0264459
5.94676 0.0244355
5.95109 0.0247292
5.95487 0.0244788
5.95924 0.0248076
5.96283 0.0243655
5.9675 0.0250103
5.97094 0.0244088
5.97511 0.0245435
5.98113 0.0265315
5.98535 0.0247093
5.98548 0.0248376
5.98926 0.0245843
5.99355 0.0248405
5.99842 0.0256695
6.00124 0.0244576
6.00528 0.0244619
6.00925 0.0244015
6.01329 0.0244079
6.01858 0.025663
6.02698 0.0248164
6.02742 0.0252642
6.03258 0.0263876
6.03662 0.0243727
6.0411 0.0248269
6.04476 0.0244476
6.04873 0.0243907
6.0529 0.0245214
6.05303 0.0246498
6.05681 0.0243988
6.06095 0.0245049
6.06486 0.0243829
6.07092 0.0264039
6.07505 0.0244892
6.07941 0.0248105
6.08302 0.0243961
6.08709 0.0244301
6.09107 0.0243708
6.09119 0.0244992
6.0951 0.0243726
6.09914 0.0243755
6.10321 0.0244119
6.10923 0.0263974
6.11327 0.0243869
6.11654 0.0236259
6.12067 0.0205304
6.12285 0.0267407
6.12298 0.0268691
6.12691 0.0247534
6.1306 0.0244057
6.13463 0.0244086
6.13916 0.0248969
6.14294 0.0246435
6.14307 0.0247719
6.14672 0.0243891
6.15091 0.0245544
6.15483 0.0244324
6.16082 0.0263912
6.16485 0.0243768
6.16893 0.0244137
6.17293 0.024385
6.17697 0.0243908
6.1811 0.024491
6.18565 0.025005
6.18943 0.0247516
6.19372 0.0250118
6.19924 0.0264903
6.20317 0.0243746
6.20724 0.0244081
6.21153 0.0246712
6.21653 0.0256345
6.22073 0.0205884
6.22086 0.0247504
6.22451 0.0243715
6.22909 0.0249162
6.23262 0.0244089
6.23663 0.0243837
6.24124 0.0249628
6.24473 0.024424
6.25108 0.0267339
6.25476 0.0243695
6.25887 0.0244409
6.26287 0.0244117
6.26758 0.0250876
6.27092 0.0243888
6.27499 0.0244262
6.27948 0.0248805
6.28402 0.0253945
6.28928 0.0266162
6.29344 0.0247312
6.2984 0.0256535
6.30122 0.0244416
6.30522 0.0244089
6.30923 0.0243797
6.31336 0.0244793
6.31852 0.0256022
6.32066 0.0205215
6.3231 0.0249719
6.32688 0.0247214
6.33066 0.024471
6.3346 0.0243766
6.34117 0.0269087
6.34476 0.0244504
6.3488 0.0244568
6.35297 0.0245915
6.35685 0.0244378
6.36083 0.0243809
6.36487 0.0243873
6.3689 0.0243931
6.37294 0.0243995
6.37942 0.0268383
6.38396 0.0253356
6.3873 0.0246343
6.39108 0.0243809
6.39121 0.0245093
6.39524 0.0245127
6.39925 0.0244845
6.40328 0.0244869
6.40732 0.0244893
6.41142 0.0245578
6.41655 0.025654
6.42068 0.0205418
6.42145 0.0253427
6.42453 0.0243876
6.43068 0.0265
6.43465 0.0244199
6.43913 0.0248732
6.44272 0.0244287
6.44676 0.024435
6.45086 0.024503
6.45099 0.0246314
6.45477 0.024377
6.45881 0.0243863
6.46356 0.0250973
6.46888 0.0263831
6.47292 0.0243727
6.47305 0.024501
6.47699 0.0244096
6.48115 0.0245414
6.48538 0.0247359
6.48929 0.0246109
6.49346 0.0247427
6.49851 0.0257663
6.50121 0.0244261
6.5072 0.0263819
6.51149 0.0246283
6.51406 0.0231596
6.52066 0.0205144
6.52142 0.0264937
6.52463 0.0244886
6.52867 0.0244921
6.53258 0.02437
6.53669 0.024442
6.54124 0.024959
6.54476 0.0244513
6.5488 0.0244576
6.55303 0.0246545
6.5588 0.0263916
6.56284 0.0243767
6.56757 0.0250798
6.57094 0.0244121
6.57494 0.0243833
6.57943 0.0248376
6.58321 0.0245842
6.58725 0.0245876
6.59132 0.0246221
6.59839 0.0276585
6.60121 0.0244298
6.60521 0.0243977
6.60925 0.0243995
6.61331 0.024433
6.6185 0.0255874
6.62068 0.0205379
6.62299 0.0248598
6.62693 0.0247689
6.63058 0.0243901
6.63462 0.024393
6.63885 0.0245928
6.6427 0.0244051
6.64875 0.0264232
6.65305 0.0246696
6.65318 0.024798
6.65683 0.0244146
6.66086 0.0244199
6.6649 0.0244263
6.66891 0.024401
6.67292 0.0243723
6.67712 0.0245376
6.68109 0.0244783
6.68718 0.0265301
6.6873 0.0266584
6.69121 0.0245167
6.69531 0.0245823
6.69916 0.0243946
6.70322 0.0244241
6.70732 0.0244887
6.71129 0.0244288
6.71655 0.0256534
6.72072 0.0205763
6.72085 0.0247382
6.72463 0.0244878
6.72895 0.0247716
6.7326 0.0243928
6.73914 0.0268933
6.73926 0.0270217
6.74273 0.0244321
6.74676 0.0244344
6.75112 0.0247593
6.75477 0.0243804
6.75882 0.0243897
6.76286 0.0243955
6.76753 0.0250404
6.77097 0.0244388
6.77699 0.0264258
6.77712 0.0265542
6.78115 0.0245408
6.78538 0.0247353
6.78929 0.0246104
6.79333 0.0246138
6.79345 0.0247422
6.79838 0.0256374
6.80121 0.0244255
6.80521 0.0243968
6.80921 0.0243675
6.81409 0.0252069
6.81892 0.023994
6.82066 0.0205139
6.82309 0.0249642
6.82867 0.0265083
6.83258 0.0243694
6.83672 0.0244726
6.84114 0.0248611
6.84476 0.0244507
6.84873 0.0243909
6.85293 0.0245567
6.85684 0.0244341
6.86082 0.0243772
6.86095 0.0245056
6.86752 0.0270378
6.87091 0.0243844
6.87498 0.0244178
6.8794 0.0248059
6.88017 0.0255733
6.88395 0.0253199
6.88728 0.0246187
6.89106 0.0243653
6.89523 0.0244971
6.89926 0.0245005
6.90523 0.0264298
6.90933 0.024485
6.91327 0.0243941
6.91852 0.0256107
6.92077 0.0206274
6.92276 0.0246298
6.92692 0.0247605
6.93061 0.0244128
6.93461 0.0243846
6.93875 0.0244872
6.93888 0.0246156
6.94272 0.0244279
6.94676 0.0244342
6.95092 0.0245645
6.95105 0.0246929
6.95679 0.026392
6.96082 0.0243805
6.9649 0.0244179
6.96894 0.0244238
6.97304 0.0244923
6.97701 0.0244359
6.98099 0.0243766
6.98566 0.025019
6.98944 0.0247657
6.99512 0.0264036
6.99922 0.0244559
7.00318 0.0243881
7.00723 0.0243969
7.01127 0.0244033
7.0114 0.0245317
7.01652 0.0256234
7.02908 0.0249
7.0326 0.0243928
7.03674 0.0244959
7.04125 0.0249778
7.04677 0.0264587
7.05106 0.024704
7.05485 0.0244535
7.05886 0.0244277
7.06357 0.0251071
7.06723 0.0247312
7.07094 0.0244141
7.07495 0.0243918
7.0795 0.0249077
7.08536 0.0267357
7.08908 0.0244028
7.09328 0.0245647
7.09843 0.0256801
7.10122 0.0244366
7.10522 0.0244063
7.10922 0.0243765
7.11326 0.0243828
7.11858 0.0256646
7.12066 0.0205178
7.12297 0.0248398
7.12701 0.0248461
7.13066 0.0244673
7.13661 0.0263881
7.13674 0.0265165
7.14116 0.0248883
7.14469 0.0243811
7.14482 0.0245094
7.14876 0.0244185
7.15309 0.0247127
7.15681 0.0243956
7.16085 0.0244009
7.16488 0.0244033
7.16892 0.0244091
7.1751 0.0265595
7.17914 0.0245491
7.18395 0.0253199
7.18741 0.0247471
7.19119 0.0244937
7.19535 0.0246255
7.19926 0.0245005
7.2032 0.0244056
7.20721 0.0243769
7.21326 0.0263949
7.21647 0.0235514
7.21659 0.0236798
7.22069 0.0205493
7.22146 0.0253502
7.22696 0.0268202
7.23062 0.0244246
7.23465 0.0244275
7.23921 0.0249469
7.24299 0.0246935
7.2468 0.0244742
7.25094 0.0245773
7.25485 0.0244552
7.25886 0.0244294
7.26488 0.0264164
7.26891 0.0244015
7.27295 0.0244078
7.27699 0.0244137
7.28116 0.0245455
7.28539 0.02474
7.28917 0.0244866
7.29372 0.0250036
7.29845 0.0257082
7.30319 0.0264147
7.30723 0.0244009
7.31153 0.024664
7.31649 0.0255962
7.32069 0.0205501
7.32146 0.0253511
7.32457 0.0244271
7.32867 0.0244927
7.3288 0.0246211
7.33258 0.0243706
7.33662 0.0243765
7.34113 0.0248583
7.34476 0.0244479
7.3488 0.0244542
7.35479 0.0264101
7.35882 0.0243947
7.36289 0.0244316
7.36757 0.0250725
7.371 0.0244709
7.37507 0.0245044
7.37946 0.0248613
7.38388 0.025247
7.3873 0.0246425
7.39346 0.0267599
7.39841 0.0256655
7.40155 0.0247731
7.4052 0.0243898
7.40927 0.0244228
7.41327 0.024394
7.41853 0.0256141
7.42068 0.0205335
7.42298 0.0248554
7.42689 0.0247294
7.42702 0.0248578
7.43067 0.024479
7.43465 0.0244197
7.43888 0.0246195
7.44474 0.0264475
7.44878 0.0244371
7.45298 0.024603
7.45682 0.0244142
7.46087 0.0244235
7.46487 0.0243948
7.46891 0.0244006
7.47295 0.024403
7.47721 0.0246345
7.48394 0.0273282
7.4874 0.0247385
7.49118 0.0244852
7.49534 0.024613
7.49919 0.0244253
7.50319 0.0243966
7.50722 0.0243949
7.51142 0.0245608
7.51655 0.0256525
7.52068 0.0205402
7.52145 0.0253412
7.52453 0.0243861
7.52862 0.0244477
7.53465 0.0264392
7.53913 0.0248716
7.53926 0.025
7.54272 0.0244272
7.54682 0.0244957
7.55096 0.0245988
7.55109 0.0247272
7.5548 0.0244106
7.55884 0.0244159
7.56288 0.0244177
7.56756 0.0250626
7.57294 0.0264111
7.57698 0.0244001
7.57711 0.0245285
7.58114 0.0245319
7.58537 0.0247265
7.58928 0.0246015
7.59348 0.0247644
7.59713 0.0243816
7.60123 0.0244477
7.60523 0.024419
7.61145 0.0266005
7.61433 0.0234346
7.61866 0.0237283
7.62065 0.020505
7.62462 0.026496
7.62866 0.0244826
7.63263 0.0244228
7.63667 0.0244286
7.64112 0.0248483
7.64478 0.0244689
7.64875 0.0244091
7.65305 0.0246722
7.6569 0.0244874
7.66286 0.0264151
7.66721 0.0247197
7.67096 0.0244337
7.67497 0.024405
7.6751 0.0245334
7.67913 0.0245397
7.68397 0.0253416
7.68711 0.0244492
7.69128 0.024581
7.69141 0.0247094
7.69531 0.0245844
7.70155 0.0267912
7.70521 0.0243956
7.70534 0.024524
7.70924 0.0243975
7.71328 0.0244038
7.71857 0.0256516
7.72068 0.0205399
7.72286 0.0247334
7.72693 0.0247669
7.73058 0.024388
7.73462 0.0243909
7.73875 0.0244935
7.74273 0.0244342
7.74679 0.0244677
7.75301 0.0266492
7.75314 0.0267776
7.75682 0.0244086
7.76086 0.0244179
7.7649 0.0244243
7.76933 0.0248158
7.77295 0.0244053
7.77699 0.0244111
7.78099 0.0243829
7.78567 0.0250254
7.79112 0.0264381
7.79125 0.0265665
7.79531 0.0245843
7.79916 0.0243965
7.80319 0.0243949
7.80725 0.0244244
7.81142 0.0245592
7.81649 0.0255892
7.82072 0.0205742
7.82085 0.0247362
7.82453 0.0243884
7.82863 0.0244501
7.83267 0.0244564
7.83664 0.0243961
7.84273 0.0264503
7.84677 0.0244398
7.85109 0.0247335
7.85488 0.0244831
7.85882 0.0243951
7.86286 0.0244009
7.86722 0.0247263
7.87094 0.0244091
7.87514 0.024575
7.88122 0.0266292
7.88545 0.0248069
7.88923 0.0245536
7.88936 0.0246819
7.89343 0.0247165
7.89845 0.025701
7.90159 0.0248086
7.90521 0.0243942
7.90925 0.0244
7.91329 0.0244064
7.91857 0.0256581
7.92065 0.0205113
7.92309 0.0249616
7.92735 0.0251902
7.92748 0.0253186
7.9327 0.0244913
7.93674 0.0244932
7.94116 0.0248817
7.94468 0.0243745
7.94481 0.0245029
7.94882 0.0244742
7.95289 0.0245116
7.95302 0.02464
7.95683 0.0244202
7.96087 0.0244295
7.96494 0.0244669
7.97093 0.0264223
7.9751 0.0245362
7.97914 0.0245426
7.98394 0.0253134
7.98727 0.0246121
7.9874 0.0247405
7.99109 0.0243899
7.99121 0.0245183
7.99518 0.0244555
7.99916 0.0243927
7.99928 0.0245211
8.00322 0.0244262
8.00925 0.0264232
8.01329 0.0244128
8.0165 0.023586
8.02693 0.0247753
8.03062 0.0244276
8.03466 0.0244304
8.03876 0.024498
8.03889 0.0246264
8.04273 0.0244386
8.04674 0.0244134
8.051 0.0246404
8.05482 0.024421
8.06084 0.0264104
8.06487 0.024396
8.06891 0.0244019
8.07292 0.0243761
8.07305 0.0245045
8.07706 0.0244781
8.08106 0.0244494
8.08535 0.0247091
8.08917 0.0244863
8.09343 0.0247143
8.09926 0.0265107
8.10322 0.0244251
8.10726 0.0244265
8.11149 0.0246269
8.11649 0.0255896
8.12072 0.0205747
8.12148 0.0253756
8.12463 0.0244832
8.12911 0.0249345
8.13264 0.0244273
8.13665 0.0244021
8.14126 0.0249812
8.14478 0.024474
8.15109 0.0247281
8.15481 0.0244115
8.15885 0.0244208
8.16286 0.0243955
8.1676 0.0251065
8.17097 0.0244388
8.17501 0.0244451
8.18026 0.0256668
8.18404 0.0254134
8.18917 0.0265067
8.1893 0.0266351
8.19346 0.0247501
8.19845 0.0257036
8.20159 0.0248112
8.20524 0.0244278
8.20925 0.0243986
8.21332 0.024436
8.21854 0.0256256
8.22069 0.0205449
8.22299 0.0248669
8.22738 0.0252238
8.23059 0.0243971
8.2367 0.0264774
8.24113 0.0248492
8.24125 0.0249776
8.24475 0.0244387
8.24875 0.02441
8.25302 0.0246381
8.2569 0.0244844
8.26087 0.0244235
8.2649 0.0244259
8.26894 0.0244317
8.27298 0.0244341
8.27917 0.0265885
8.28397 0.0253425
8.28743 0.0247697
8.29108 0.0243879
8.29525 0.0245197
8.29916 0.0243942
8.30322 0.0244277
8.30723 0.0243989
8.31149 0.024627
8.31659 0.0256916
8.32069 0.0205442
8.32145 0.0253452
8.32158 0.0254736
8.32654 0.0263983
8.33064 0.0244507
8.33468 0.0244535
8.3392 0.0249418
8.34298 0.0246885
8.34676 0.024438
8.3509 0.0245411
8.35481 0.0244191
8.35889 0.0244595
8.36357 0.0251043
8.36891 0.0244004
8.37294 0.0243948
8.37698 0.0244007
8.38127 0.0246609
8.38537 0.024727
8.38915 0.0244736
8.38928 0.024602
8.39357 0.0248622
8.39713 0.0243861
8.40117 0.0243895
8.40725 0.0264392
8.41155 0.0246856
8.41651 0.0256178
8.42071 0.0205717
8.42148 0.0253726
8.42456 0.0244175
8.4286 0.0244209
8.43267 0.0244584
8.43668 0.0244331
8.44113 0.0248528
8.44478 0.024474
8.44875 0.0244102
8.45481 0.0264282
8.45884 0.0244088
8.46287 0.0244107
8.46758 0.0250866
8.47098 0.024454
8.47505 0.0244874
8.47954 0.0249417
8.48319 0.0245599
8.48729 0.024626
8.49133 0.0246295
8.49843 0.0276969
8.50157 0.0247878
8.50531 0.0245018
8.50928 0.0244374
8.51332 0.0244438
8.51855 0.0256333
8.5207 0.0205527
8.52313 0.025003
8.52694 0.0247797
8.53059 0.0244009
8.53463 0.0244037
8.53921 0.0249542
8.54476 0.0264632
8.5488 0.0244528
8.55309 0.0247159
8.55681 0.0243988
8.56085 0.0244081
8.56489 0.0244144
8.56893 0.0244203
8.57297 0.0244266
8.57724 0.0246581
8.58108 0.0244704
8.58717 0.0245054
8.5873 0.0246338
8.59108 0.0243804
8.5912 0.0245088
8.59533 0.0246055
8.59918 0.0244178
8.60322 0.0244202
8.60725 0.0244186
8.61132 0.0244561
8.61657 0.0256761
8.62071 0.0205639
8.62147 0.0253648
8.62455 0.0244097
8.62878 0.0245998
8.6347 0.0264939
8.63916 0.0248953
8.63928 0.0250237
8.64274 0.0244508
8.64682 0.0244883
8.65098 0.0246225
8.65111 0.0247509
8.65489 0.0245004
8.65887 0.0244396
8.66288 0.0244143
8.66758 0.0250902
8.67293 0.0264036
8.67306 0.026532
8.67697 0.0243927
8.6771 0.0245211
8.68126 0.0246529
8.68536 0.024719
8.68927 0.024594
8.6935 0.024788
8.69715 0.0244052
8.70157 0.0247909
8.70529 0.0244737
8.70926 0.0244134
8.71432 0.0254439
8.71865 0.0237209
8.72067 0.0205286
8.72465 0.0265196
8.72868 0.0245063
8.73259 0.0243842
8.73673 0.0244873
8.74118 0.024907
8.74471 0.0243998
8.74878 0.0244333
8.75307 0.0246964
8.75679 0.0243832
8.75692 0.0245116
8.76288 0.0264353
8.7672 0.0247088
8.77092 0.0243917
8.77496 0.024398
8.77945 0.0248523
8.784 0.0253663
8.78714 0.0244739
8.79117 0.0244734
8.79521 0.0244768
8.79937 0.0246086
8.80524 0.0244238
8.80924 0.0243945
8.81328 0.0244009
8.81853 0.025621
8.82078 0.0206376
8.82296 0.0248312
8.82693 0.0247713
8.83059 0.0243925
8.83465 0.0244265
8.83908 0.0248175
8.84311 0.0248209
8.84677 0.0244421
8.85309 0.0267249
8.85683 0.0244181
8.86084 0.0243923
8.86488 0.0243987
8.86892 0.0244045
8.87299 0.0244419
8.87696 0.0243856
8.88113 0.0245174
8.88568 0.0250314
8.89112 0.0264442
8.89532 0.0245903
8.89917 0.0244026
8.9032 0.024401
8.90726 0.0244305
8.91133 0.0244679
8.91649 0.0255952
8.92072 0.0205803
8.92085 0.0247422
8.92454 0.0243945
8.92863 0.0244561
8.9327 0.0244936
8.93665 0.0244021
8.9428 0.026519
8.94292 0.0266474
8.94674 0.0244113
8.9511 0.0247361
8.95488 0.0244857
8.95886 0.0244288
8.9629 0.0244346
8.96725 0.024756
8.97097 0.0244388
8.97514 0.0245736
8.98122 0.0266278
8.98545 0.0248055
8.98923 0.0245522
8.98936 0.0246805
8.99346 0.0247462
8.99803 0.0252828
9.00117 0.0243904
9.00524 0.0244301
9.00928 0.0244319
9.01332 0.0244383
9.01854 0.0256273
9.02742 0.0252561
9.03261 0.0264145
9.03667 0.0244307
9.04116 0.0248815
9.04478 0.024471
9.04879 0.0244458
9.05292 0.0245454
9.05305 0.0246738
9.05686 0.024454
9.06091 0.0244627
9.06491 0.024434
9.07093 0.0264165
9.07496 0.0244005
9.07948 0.0248853
9.08313 0.024506
9.08717 0.0245089
9.09115 0.0244496
9.09515 0.0244243
9.09926 0.0244934
9.10329 0.0244947
9.10726 0.0244338
9.11332 0.0244386
9.11653 0.0236119
9.12069 0.0205475
9.12287 0.0267578
9.12693 0.0247705
9.13058 0.0243917
9.13469 0.0244608
9.13882 0.0245634
9.14299 0.0246952
9.14677 0.0244447
9.15094 0.0245789
9.15485 0.0244569
9.16084 0.0264157
9.16488 0.0244013
9.16901 0.0245004
9.17299 0.0244406
9.17696 0.0243842
9.18126 0.0246444
9.18568 0.02503
9.18933 0.0246483
9.19362 0.0249085
9.1992 0.0264491
9.20323 0.0244307
9.20726 0.0244336
9.21149 0.0246306
9.21658 0.0256872
9.22069 0.0205473
9.22146 0.0253482
9.22454 0.0243931
9.22911 0.0249377
9.23264 0.0244305
9.23665 0.0244052
9.24129 0.0250155
9.24476 0.0244456
9.25106 0.0267165
9.25478 0.0243831
9.25885 0.0244235
9.26286 0.0243982
9.26728 0.0247897
9.271 0.0244765
9.27504 0.0244789
9.28023 0.0256344
9.28414 0.0255094
9.28926 0.0266027
9.29343 0.0247177
9.29804 0.0252894
9.29848 0.0257373
9.30118 0.0243971
9.30527 0.0244616
9.30928 0.0244324
9.31332 0.0244387
9.31857 0.0256593
9.32072 0.0205787
9.32303 0.0249006
9.32697 0.0248097
9.33065 0.024462
9.33466 0.0244298
9.34119 0.0269343
9.34472 0.0244103
9.34876 0.0244167
9.35302 0.0246447
9.3569 0.024491
9.36091 0.0244652
9.36491 0.0244365
9.36895 0.0244423
9.37299 0.0244447
9.3795 0.0269186
9.38404 0.0254159
9.38709 0.0244262
9.39113 0.0244296
9.39529 0.0245614
9.39917 0.0244048
9.40324 0.0244423
9.40724 0.0244135
9.41147 0.0246105
9.41647 0.0255778
9.4207 0.0205588
9.42147 0.0253598
9.42455 0.0244047
9.43066 0.026486
9.43473 0.0245032
9.43922 0.0249604
9.443 0.024707
9.44678 0.0244566
9.45092 0.0245597
9.45105 0.0246881
9.45483 0.0244377
9.45887 0.024443
9.46291 0.0244488
9.4689 0.0264007
9.47293 0.0243863
9.47697 0.0243921
9.48126 0.0246523
9.48536 0.0247184
9.48914 0.0244651
9.48927 0.0245935
9.49344 0.0247253
9.49853 0.025784
9.50154 0.0247632
9.50727 0.0264618
9.51151 0.0246419
9.51407 0.0231733
9.52073 0.0205863
9.5215 0.0265656
9.52457 0.0244321
9.52861 0.0244355
9.53271 0.0245041
9.53669 0.0244477
9.54118 0.0248985
9.5413 0.0250269
9.54477 0.0244569
9.5488 0.0244593
9.55306 0.0246874
9.55893 0.0265178
9.56286 0.0244016
9.56764 0.0251437
9.57097 0.0244449
9.57495 0.024385
9.57956 0.0249677
9.58353 0.0249054
9.58731 0.024652
9.59135 0.0246555
9.59813 0.0274034
9.60159 0.0248138
9.60521 0.0243994
9.60928 0.0244323
9.61332 0.0244387
9.61857 0.0256593
9.62072 0.0205787
9.62303 0.0249006
9.62694 0.0247786
9.63059 0.0243997
9.63466 0.0244337
9.6388 0.0245363
9.63892 0.0246647
9.64277 0.024477
9.64885 0.0265262
9.65305 0.0246753
9.65318 0.0248036
9.6568 0.0243932
9.65693 0.0245216
9.66085 0.0244025
9.66492 0.0244399
9.66896 0.0244457
9.673 0.0244521
9.67713 0.0245552
9.68111 0.0244959
9.68719 0.0265477
9.68732 0.0266761
9.6911 0.0244059
9.69533 0.0245999
9.69918 0.0244122
9.70324 0.0244417
9.70727 0.0244401
9.71134 0.0244776
9.71647 0.0255738
9.72073 0.0205899
9.72086 0.0247518
9.72464 0.0245014
9.72864 0.0244657
9.72877 0.0245941
9.73271 0.0245032
9.73921 0.0269687
9.74299 0.0246985
9.74681 0.0244792
9.75107 0.0247107
9.75485 0.0244602
9.75889 0.0244656
9.7629 0.0244363
9.76726 0.0247616
9.77101 0.0244796
9.77697 0.0264043
9.77709 0.0265327
9.78126 0.0246478
9.78549 0.0248423
9.7894 0.0247173
9.79343 0.0247207
9.79846 0.0257132
9.8016 0.0248208
9.80525 0.0244415
9.80935 0.0245056
9.81432 0.0254388
9.81871 0.023778
9.82066 0.0205196
9.8231 0.0249699
9.82861 0.0264478
9.83261 0.0244023
9.83675 0.0245054
9.84117 0.024894
9.84476 0.0244524
9.8488 0.0244548
9.85297 0.0245895
9.85685 0.0244358
9.86089 0.0244451
9.8672 0.02672
9.87091 0.0243861
9.87495 0.0243924
9.87925 0.0246555
9.88393 0.025298
9.88707 0.0244056
9.8913 0.0245996
9.8952 0.0244746
9.8993 0.0245402
9.90526 0.0264655
9.90924 0.0243884
9.90936 0.0245168
9.91327 0.0243947
9.91856 0.0256459
9.92071 0.0205653
9.92288 0.0247589
9.92692 0.0247652
9.93058 0.0243864
9.93468 0.0244515
9.93881 0.0245541
9.93894 0.0246825
9.94279 0.0244947
9.94682 0.0244971
9.95093 0.0245651
9.95105 0.0246935
9.95681 0.0264198
9.96095 0.0245056
9.96486 0.0243835
9.96499 0.0245119
9.96897 0.0244555
9.97301 0.0244619
9.97698 0.0244055
9.97711 0.0245339
9.98102 0.0244084
9.9857 0.0250508
9.98948 0.0247975
9.9953 0.0265914
9.99915 0.0243869

