% time_sec delay_sec
1.17671 0.07656
1.17671 0.07656
1.27674 0.0765863
1.37672 0.076573
1.4747 0.378565
1.47672 0.0765666
1.57671 0.0765578
1.67672 0.0765757
1.77671 0.0765659
1.77754 0.378725
1.87674 0.0765871
1.97606 0.27524
1.97808 0.0779127
1.98021 0.0820548
1.98422 0.0820304
2.07615 0.169929
2.07822 0.0780528
2.0802 0.0820508
2.0842 0.0820181
2.08849 0.0822738
2.09234 0.0820845
2.09636 0.0820784
2.10037 0.0820502
2.10444 0.0820821
2.10837 0.0819861
2.11443 0.0819954
2.11866 0.0821913
2.12292 0.0824199
2.12741 0.0828701
2.13055 0.0819772
2.13068 0.0821056
2.13458 0.0819801
2.13471 0.0821085
2.13923 0.0825889
2.14275 0.0820787
2.14669 0.0819878
2.1531 0.0843599
2.15682 0.08203
2.16086 0.0820353
2.1649 0.0820411
2.16923 0.0823353
2.17409 0.0831697
2.17816 0.0779953
2.17842 0.0822856
2.18252 0.0823517
2.18265 0.0824801
2.18649 0.082289
2.19084 0.0826079
2.19475 0.0824829
2.19488 0.0826113
2.20083 0.0845297
2.2049 0.0825464
2.20865 0.0822604
2.21282 0.0823951
2.21653 0.082078
2.22083 0.0823406
2.22461 0.0820901
2.22855 0.0819963
2.23262 0.0820297
2.23665 0.0820276
2.24277 0.0841164
2.24675 0.0820398
2.25117 0.0824268
2.25495 0.0821763
2.25924 0.0824389
2.26325 0.0824137
2.26762 0.0827425
2.27092 0.0820085
2.27614 0.0832015
2.27819 0.0780241
2.28044 0.0822833
2.2846 0.0824151
2.29049 0.0842758
2.29479 0.0825192
2.29895 0.082651
2.30235 0.0820154
2.30674 0.0823678
2.31075 0.0823426
2.31453 0.0820921
2.31856 0.082094
2.3227 0.0821942
2.32283 0.0823226
2.32682 0.0822859
2.32695 0.0824143
2.33266 0.08207
2.3367 0.0820758
2.34134 0.0826895
2.34494 0.082248
2.34875 0.0820286
2.35305 0.0822918
2.3568 0.0820097
2.36084 0.082015
2.36487 0.0820169
2.3709 0.0840073
2.37419 0.0812532
2.37823 0.0780644
2.38048 0.0843403
2.38467 0.0824865
2.38883 0.0826153
2.38896 0.0827437
2.3923 0.0820454
2.39634 0.0820488
2.40076 0.0824374
2.40463 0.0822763
2.4086 0.0822159
2.41264 0.0822183
2.41277 0.0823467
2.41879 0.0843371
2.42331 0.0828022
2.42741 0.0828713
2.42754 0.0829997
2.43068 0.0821068
2.43465 0.0820475
2.4393 0.0826641
2.44276 0.0820913
2.44674 0.0820314
2.45109 0.0823523
2.45487 0.0821018
2.4608 0.0839984
2.46484 0.0819835
2.46932 0.0824333
2.4742 0.0832756
2.47814 0.0779728
2.4784 0.0822631
2.48263 0.0824576
2.48654 0.0823326
2.49089 0.0826555
2.49493 0.0826589
2.49921 0.0829112
2.50236 0.0820188
2.50863 0.0842626
2.50876 0.0843909
2.5128 0.0823765
2.51651 0.0820594
2.52077 0.0822869
2.52456 0.0820365
2.52859 0.0820399
2.53263 0.0820423
2.53663 0.082013
2.54119 0.08253
2.54478 0.0820884
2.55103 0.0822883
2.55481 0.0820379
2.55923 0.0824289
2.56353 0.082692
2.56751 0.0826356
2.57094 0.082034
2.5762 0.0832581
2.57812 0.0779524
2.58049 0.0823399
2.58453 0.0823433
2.58882 0.0826006
2.59228 0.0820306
2.59862 0.0843387
2.60231 0.0819742
2.60676 0.0823889
2.6108 0.0823947
2.61445 0.0820159
2.61868 0.0822123
2.62311 0.0826009
2.62323 0.0827293
2.62688 0.0823465
2.6306 0.0820298
2.63672 0.0841141
2.64133 0.0826765
2.64486 0.0821693
2.64877 0.0820473
2.65319 0.0824388
2.65682 0.0820283
2.66086 0.0820376
2.66486 0.0820084
2.66922 0.0823337
2.67413 0.0832032
2.67813 0.0779625
2.67839 0.0822528
2.68262 0.0824474
2.68896 0.0847559
2.69325 0.0829993
2.69626 0.0819786
2.69639 0.082107
2.70091 0.0825894
2.70495 0.0825923
2.70507 0.0827207
2.7086 0.0822129
2.71264 0.0822193
2.71277 0.0823477
2.71655 0.0820927
2.72154 0.0830531
2.72753 0.0850105
2.73077 0.0821981
2.73462 0.0820104
2.73939 0.0827555
2.74292 0.0822453
2.74673 0.082026
2.75109 0.0823548
2.75488 0.0821044
2.75882 0.0820124
2.76285 0.0820142
2.76926 0.0823696
2.77205 0.0811226
2.77823 0.0780646
2.77836 0.0834049
2.78259 0.0824211
2.78272 0.0825495
2.7865 0.0822961
2.79082 0.0825874
2.79473 0.0824624
2.79486 0.0825908
2.79908 0.0827808
2.79921 0.0829092
2.80235 0.0820168
2.80671 0.0823422
2.81069 0.0822818
2.81081 0.0824102
2.81652 0.0840782
2.82081 0.0823201
2.82459 0.0820696
2.82866 0.0821041
2.8327 0.0821105
2.83668 0.0820541
2.84139 0.08273
2.84478 0.0820939
2.84875 0.0820301
2.85478 0.084025
2.85917 0.0823642
2.86283 0.0819883
2.86764 0.082765
2.87094 0.082035
2.8761 0.0831618
2.87815 0.0779844
2.8804 0.0822436
2.88456 0.0823754
2.88885 0.0826327
2.89225 0.0819966
2.89635 0.0820627
2.90071 0.0823856
2.90672 0.0843646
2.91079 0.0823848
2.91451 0.0820682
2.91909 0.0826152
2.92306 0.0825559
2.92732 0.0827805
2.93065 0.0820822
2.93462 0.0820189
2.9393 0.0826587
2.94494 0.0842655
2.94875 0.0820294
2.95317 0.0824169
2.95683 0.0820376
2.96087 0.0820469
2.96488 0.0820216
2.9693 0.0824131
2.97417 0.0832515
2.97814 0.0779758
2.9784 0.0822661
2.98263 0.0824606
2.98276 0.082589
2.98692 0.0827179
2.99083 0.0825929
2.99096 0.0827213
2.99634 0.0840713
3.00069 0.082373
3.00496 0.0826071
3.00865 0.0822588
3.00877 0.0823872
3.01281 0.0823936
3.01653 0.0820764
3.02083 0.082339
3.02454 0.0820219
3.0289 0.0823448
3.03467 0.0840795
3.03906 0.0824181
3.04277 0.082102
3.04675 0.0820457
3.05111 0.0823739
3.0549 0.0821235
3.05881 0.0820044
3.05894 0.0821328
3.06285 0.0820097
3.0633 0.0824576
3.06734 0.0824629
3.07105 0.0821452
3.07625 0.0812888
3.07823 0.0780615
3.08028 0.0821295
3.08041 0.0822579
3.08627 0.0840854
3.09031 0.082071
3.09435 0.0820774
3.09877 0.0824649
3.10242 0.082085
3.10675 0.0823822
3.11072 0.0823173
3.11457 0.0821296
3.11863 0.0821621
3.1246 0.0840913
3.12873 0.0821713
3.12885 0.0822997
3.13264 0.0820492
3.13668 0.0820551
3.14129 0.0826377
3.14142 0.0827661
3.14492 0.0822273
3.14883 0.0821052
3.15312 0.0823683
3.15694 0.0821485
3.16357 0.0847503
3.16755 0.0826732
3.17101 0.0821027
3.17617 0.0832295
3.17825 0.0780832
3.18037 0.082214
3.18456 0.0823769
3.18898 0.0827625
3.19228 0.0820291
3.19632 0.0820325
3.20074 0.0824211
3.20471 0.0823533
3.20858 0.0821957
3.2148 0.0843817
3.21881 0.0823397
3.22307 0.0825683
3.22743 0.0828941
3.22756 0.0830225
3.23067 0.0820985
3.23464 0.0820392
3.23901 0.0823674
3.24291 0.0822425
3.24689 0.0821826
3.25313 0.0843953
3.25685 0.0820653
3.26092 0.0821018
3.2649 0.0820414
3.26935 0.082464
3.27423 0.0833024
3.27827 0.0780968
3.27839 0.0822588
3.28275 0.0825817
3.28653 0.0823283
3.29089 0.0826512
3.2948 0.0825262
3.29918 0.0828758
3.30497 0.0846381
3.3051 0.0847665
3.30866 0.0822691
3.30878 0.0823975
3.31269 0.0822715
3.31282 0.0823999
3.31654 0.0820827
3.32125 0.0827587
3.32458 0.0820604
3.32875 0.0821922
3.33262 0.082035
3.33275 0.0821634
3.33676 0.0821342
3.34275 0.0840945
3.34685 0.0821463
3.35099 0.0822494
3.35112 0.0823778
3.3549 0.0821274
3.35885 0.0820394
3.35929 0.0824873
3.36352 0.0826842
3.36763 0.0827562
3.37093 0.0820223
3.37619 0.0832464
3.37824 0.078069
3.38035 0.0821998
3.38048 0.0823282
3.38452 0.0823316
3.38465 0.08246
3.38894 0.0827172
3.39471 0.0844524
3.39483 0.0845808
3.39868 0.0823764
3.40237 0.0820286
3.40672 0.082346
3.41078 0.082379
3.41457 0.0821285
3.41857 0.0820993
3.4187 0.0822277
3.4228 0.0822968
3.42696 0.0824235
3.43267 0.084096
3.43674 0.0821162
3.44135 0.0826954
3.44488 0.0821881
3.44879 0.0820661
3.45321 0.0824576
3.45684 0.0820472
3.46084 0.0820214
3.46498 0.0821245
3.471 0.0841149
3.47421 0.0812674
3.47825 0.0780787
3.4785 0.082369
3.48472 0.0845491
3.48882 0.0825985
3.49228 0.0820286
3.49632 0.082032
3.50067 0.0823549
3.5008 0.0824833
3.50478 0.0824234
3.50859 0.0822036
3.51279 0.0823694
3.51663 0.0821767
3.52342 0.0849356
3.52816 0.0836269
3.53067 0.0820955
3.53464 0.0820362
3.53477 0.0821646
3.53939 0.0827501
3.54304 0.0823684
3.54676 0.0820518
3.55108 0.0823415
3.55499 0.0822195
3.56092 0.084116
3.56496 0.0821051
3.56925 0.0823643
3.57422 0.0832999
3.57817 0.0779971
3.57842 0.0822874
3.58265 0.0824819
3.58694 0.0827392
3.59088 0.0826453
3.59492 0.0826487
3.59879 0.0824881
3.59892 0.0826165
3.60245 0.0821093
3.6067 0.0823339
3.61276 0.0843559
3.61654 0.0820882
3.6208 0.0823157
3.62459 0.0820653
3.62869 0.0821309
3.63263 0.08204
3.63667 0.0820458
3.64116 0.0825001
3.64128 0.0826284
3.64481 0.0821207
3.65097 0.084244
3.65488 0.0821052
3.65885 0.0820483
3.66353 0.0826932
3.66754 0.0826679
3.66767 0.0827963
3.67094 0.0820352
3.67617 0.0832282
3.67822 0.0780508
3.68049 0.0823411
3.68466 0.0824729
3.68895 0.0827301
3.69228 0.0820278
3.69632 0.0820312
3.70241 0.0840854
3.70679 0.0824172
3.71067 0.0822635
3.7108 0.0823919
3.71458 0.0821414
3.71881 0.0823379
3.72294 0.082438
3.72307 0.0825664
3.72733 0.082791
3.7307 0.0821238
3.73473 0.0821227
3.74139 0.0847522
3.74492 0.0822282
3.74883 0.0821061
3.75319 0.0824315
3.75684 0.0820521
3.75697 0.0821805
3.76088 0.0820614
3.76499 0.0821334
3.76922 0.0823304
3.76935 0.0824587
3.77412 0.0831998
3.77826 0.0780876
3.77838 0.0822495
3.78261 0.082444
3.78652 0.0823191
3.79325 0.0850128
3.79652 0.082232
3.8009 0.0825821
3.8051 0.0827444
3.80878 0.0823962
3.81273 0.0823053
3.81657 0.0821125
3.82124 0.0827569
3.82471 0.0821869
3.83073 0.0841789
3.83471 0.0821028
3.83901 0.0823689
3.84272 0.0820528
3.84676 0.0820591
3.85116 0.082419
3.85481 0.0820402
3.85494 0.0821686
3.85926 0.0824583
3.8633 0.0824602
3.86926 0.0843884
3.87195 0.0810274
3.87625 0.0812934
3.87817 0.0780044
3.8826 0.0844433
3.8865 0.0823016
3.89051 0.0822734
3.89487 0.0825963
3.89499 0.0827247
3.89909 0.0827863
3.90236 0.0820223
3.90671 0.0823442
3.91072 0.0823149
3.91456 0.0821272
3.92141 0.0849398
3.92455 0.0820307
3.92868 0.0821274
3.93262 0.0820365
3.93275 0.0821649
3.93673 0.0821085
3.94147 0.0828195
3.94481 0.0821172
3.94493 0.0822456
3.94884 0.0821196
3.95314 0.0823827
3.95327 0.0825111
3.95885 0.0840576
3.96327 0.0824284
3.96756 0.082691
3.97096 0.0820583
3.97619 0.0832513
3.97824 0.0780739
3.98036 0.0822047
3.98049 0.0823331
3.98452 0.0823365
3.98881 0.0825937
3.99228 0.0820238
3.99631 0.0820272
4.00067 0.0823496
4.00474 0.0823847
4.0107 0.084309
4.01454 0.082104
4.01867 0.0822031
4.0188 0.0823315
4.023 0.0824974
4.02742 0.0828814
4.02755 0.0830098
4.03063 0.0820547
4.03075 0.0821831
4.03473 0.0821238
4.03928 0.0826392
4.04293 0.0822574
4.04877 0.0840607
4.05315 0.0823964
4.05328 0.0825248
4.0569 0.0821144
4.06098 0.0821542
4.06501 0.0821566
4.06928 0.0823881
4.07419 0.0832645
4.07823 0.0780579
4.07848 0.0823482
4.08246 0.0822889
4.08637 0.0821669
4.09041 0.0821697
4.09435 0.0820788
4.10078 0.0844746
4.10446 0.0821086
4.10847 0.0820828
4.11283 0.0824081
4.11654 0.0820905
4.12087 0.0823842
4.12465 0.0821337
4.12869 0.0821371
4.13273 0.0821395
4.13894 0.0843205
4.14279 0.0821161
4.14679 0.0820873
4.15118 0.0824432
4.15484 0.0820644
4.15497 0.0821928
4.15926 0.0824554
4.16292 0.0820795
4.16763 0.0827589
4.17103 0.0821223
4.17116 0.0822507
4.17622 0.0832802
4.17827 0.0781028
4.18039 0.0822336
4.18051 0.082362
4.18471 0.0825249
4.19051 0.0842883
4.19502 0.0827539
4.19896 0.08266
4.20249 0.0821528
4.20678 0.082412
4.21079 0.0823827
4.21457 0.0821323
4.21857 0.082103
4.22293 0.0824289
4.22883 0.084288
4.23264 0.0820519
4.23668 0.0820577
4.24136 0.0827031
4.24149 0.0828315
4.24495 0.0822615
4.2488 0.0820733
4.25309 0.0823364
4.25322 0.0824648
4.25684 0.0820544
4.26095 0.0821258
4.26108 0.0822542
4.26755 0.0846931
4.27104 0.082133
4.27421 0.0812712
4.27825 0.0780824
4.28049 0.0843583
4.28459 0.0824072
4.28888 0.0826645
4.29331 0.083053
4.29645 0.0821606
4.30077 0.0824519
4.3009 0.0825803
4.30468 0.0823219
4.30859 0.0821994
4.31279 0.0823652
4.31906 0.084609
4.31919 0.0847374
4.32307 0.082564
4.3232 0.0826924
4.32743 0.0828898
4.32756 0.0830182
4.33063 0.0820631
4.33076 0.0821915
4.33474 0.0821322
4.33935 0.0827138
4.34281 0.0821409
4.34676 0.08205
4.35118 0.082437
4.3513 0.0825654
4.35685 0.0840778
4.36095 0.0821286
4.36499 0.0821304
4.36935 0.0824558
4.37422 0.0832981
4.37829 0.0781237
4.37842 0.0822856
4.38265 0.0824801
4.38656 0.0823551
4.39091 0.0826781
4.39482 0.0825531
4.39917 0.0828675
4.40244 0.0821035
4.40862 0.0842505
4.41272 0.0823023
4.41285 0.0824307
4.41657 0.0821136
4.42125 0.0827584
4.42458 0.0820601
4.42862 0.0820635
4.42875 0.0821919
4.43265 0.0820658
4.43676 0.0821339
4.44134 0.082682
4.44688 0.0841944
4.45112 0.082378
4.4549 0.0821276
4.45926 0.0824524
4.4633 0.0824583
4.46753 0.0826587
4.46766 0.082787
4.47106 0.0821544
4.47622 0.0832811
4.47827 0.0781038
4.48052 0.082363
4.48455 0.0823664
4.48468 0.0824948
4.48897 0.082752
4.49231 0.0820537
4.49897 0.0846812
4.50249 0.0821573
4.50665 0.0822801
4.51082 0.0824143
4.5146 0.0821638
4.5187 0.0822319
4.52293 0.0824293
4.5269 0.0823655
4.52735 0.0828134
4.53075 0.0821773
4.53678 0.0841722
4.54139 0.0827346
4.54492 0.0822274
4.54886 0.0821365
4.55319 0.0824307
4.55687 0.0820825
4.56091 0.0820917
4.56499 0.0821292
4.56934 0.0824506
4.56947 0.0825789
4.57422 0.0832929
4.57822 0.0780523
4.57848 0.0823426
4.58271 0.0825371
4.58892 0.0847173
4.58905 0.0848457
4.59324 0.0829918
4.59639 0.0820994
4.6009 0.0825818
4.6051 0.0827442
4.60872 0.0823338
4.61279 0.0823712
4.6165 0.0820501
4.62157 0.0830806
4.62817 0.085646
4.63076 0.0821911
4.63474 0.0821318
4.63942 0.0827796
4.64307 0.0823978
4.64688 0.0821785
4.65108 0.0823438
4.65487 0.0820934
4.65926 0.0824493
4.65938 0.0825777
4.66496 0.0841202
4.66928 0.0823897
4.67207 0.0811427
4.67825 0.0780847
4.67838 0.083425
4.67851 0.0835534
4.68261 0.0824412
4.68652 0.0823162
4.69084 0.0826075
4.69475 0.0824825
4.69488 0.0826109
4.69926 0.0829604
4.7024 0.0820681
4.70683 0.0824556
4.71083 0.0824263
4.71656 0.084126
4.72153 0.0830424
4.72461 0.0820873
4.72871 0.0821529
4.73265 0.082062
4.73669 0.0820678
4.74143 0.0827788
4.74483 0.0821427
4.74884 0.082114
4.74896 0.0822424
4.75486 0.0841089
4.75887 0.0820663
4.76329 0.0824539
4.76753 0.0826543
4.76766 0.0827827
4.77096 0.0820527
4.77109 0.0821811
4.77625 0.0833079
4.7783 0.0781305
4.78041 0.0822613
4.78445 0.0822647
4.78458 0.0823931
4.78887 0.0826504
4.79307 0.0828127
4.79646 0.0821771
4.80069 0.0823712
4.80674 0.0843853
4.81081 0.0824054
4.81459 0.082155
4.81908 0.0826047
4.82356 0.083056
4.82801 0.0834723
4.83064 0.0820693
4.83474 0.0821344
4.83942 0.0827782
4.84499 0.0843188
4.84877 0.0820516
4.85326 0.0825013
4.85685 0.0820598
4.86089 0.0820691
4.86499 0.0821376
4.86929 0.0824007
4.8742 0.0832742
4.87823 0.0780647
4.87849 0.082355
4.88272 0.0825495
4.8865 0.0822961
4.88695 0.082744
4.89098 0.0827474
4.89637 0.0840975
4.90072 0.0824031
4.90498 0.0826317
4.90867 0.0822834
4.91284 0.0824182
4.91659 0.0821321
4.92088 0.0823947
4.92466 0.0821403
4.9287 0.0821437
4.93475 0.0841663
4.93902 0.0823805
4.94277 0.0820955
4.94677 0.0820668
4.95113 0.0823916
4.95491 0.0821412
4.95928 0.08247
4.9636 0.0827642
4.96764 0.082766
4.96777 0.0828944
4.97206 0.0831536
4.9762 0.0812394
4.97825 0.0780788
4.98049 0.082338
4.98699 0.0848061
4.98712 0.0849344
4.99052 0.0822821
4.99487 0.082605
4.9991 0.082799
5.0025 0.0821634
5.00683 0.0824634
5.01074 0.0823368
5.01452 0.0820864
5.01865 0.0821815
5.02458 0.0840787
5.02871 0.0821586
5.02884 0.082287
5.03275 0.082165
5.03673 0.0821086
5.04135 0.0826912
5.04484 0.0821524
5.04497 0.0822808
5.04891 0.0821888
5.05311 0.0823546
5.05702 0.0822281
5.06359 0.0847632
5.06727 0.0824016
5.07103 0.082119
5.07622 0.0832793
5.07827 0.0781015
5.08032 0.0821695
5.08436 0.0821759
5.08872 0.0824983
5.0924 0.0821495
5.09638 0.0820892
5.0965 0.0822175
5.10051 0.0821859
5.10454 0.0821827
5.10854 0.0821569
5.11457 0.0841518
5.1188 0.082331
5.12332 0.0828129
5.12755 0.0830103
5.13075 0.0821836
5.13476 0.0821554
5.13938 0.082737
5.14284 0.0821641
5.14691 0.0822016
5.15322 0.0844804
5.15694 0.0821505
5.16095 0.0821247
5.16502 0.0821616
5.16938 0.0824869
5.17425 0.0833253
5.17832 0.0781508
5.17845 0.0823128
5.18268 0.0825073
5.18312 0.0829552
5.1869 0.0827018
5.18703 0.0828302
5.19091 0.0826702
5.19103 0.0827985
5.19494 0.0826736
5.19932 0.0830191
5.20467 0.0843336
5.2048 0.0844619
5.2087 0.0823147
5.21277 0.0823481
5.21658 0.0821288
5.22087 0.0823874
5.22466 0.082137
5.22882 0.0822688
5.2328 0.082209
5.23686 0.082238
5.24282 0.0841672
5.24683 0.0821217
5.25106 0.0823181
5.25497 0.0821961
5.25933 0.0825209
5.26356 0.0827178
5.2676 0.0827237
5.27103 0.0821221
5.27628 0.0833422
5.27833 0.0781648
5.28058 0.082424
5.28474 0.0825558
5.28903 0.0828131
5.28916 0.0829415
5.29512 0.0848678
5.29871 0.0824065
5.30249 0.0821561
5.30672 0.0823451
5.30684 0.0824735
5.31078 0.082378
5.3146 0.0821587
5.31892 0.082449
5.32308 0.0825808
5.32321 0.0827092
5.32804 0.0835026
5.33275 0.084182
5.33676 0.082136
5.3414 0.0827497
5.34493 0.0822425
5.34506 0.0823709
5.3489 0.0821827
5.35323 0.0824769
5.35698 0.0821948
5.36093 0.0821068
5.36106 0.0822352
5.3651 0.0822416
5.37112 0.084232
5.3742 0.0812601
5.37824 0.0780713
5.3785 0.0823616
5.38474 0.0845729
5.38884 0.0826223
5.39307 0.0828197
5.39647 0.0821841
5.40069 0.0823747
5.40082 0.0825031
5.40482 0.0824704
5.4087 0.0823167
5.4129 0.0824825
5.41669 0.0822321
5.42345 0.0849599
5.42755 0.0830122
5.43076 0.0821855
5.43473 0.0821261
5.43903 0.0823882
5.43915 0.0825166
5.44306 0.0823916
5.44691 0.0822034
5.4512 0.082462
5.45502 0.0822427
5.46091 0.0841082
5.46504 0.0821871
5.46927 0.0823841
5.47421 0.0832886
5.47825 0.0780831
5.47838 0.082245
5.48261 0.0824395
5.48652 0.0823145
5.4909 0.0826686
5.49494 0.082672
5.49913 0.0828309
5.49926 0.0829593
5.50253 0.0821953
5.50679 0.0824233
5.51278 0.0843792
5.51656 0.0821075
5.52143 0.0829435
5.52156 0.0830719
5.52464 0.0821167
5.52877 0.0822135
5.53268 0.0820914
5.53672 0.0820972
5.53685 0.0822256
5.54133 0.0826799
5.54495 0.0822655
5.55098 0.0842604
5.55489 0.0821216
5.55931 0.0825086
5.56332 0.0824833
5.56759 0.0827148
5.57112 0.0822105
5.57625 0.0833062
5.5783 0.0781288
5.58054 0.082388
5.58471 0.0825198
5.589 0.0827771
5.59306 0.0828111
5.59646 0.0821755
5.60245 0.0841324
5.60667 0.0823046
5.6068 0.082433
5.61075 0.0823415
5.61456 0.0821222
5.61904 0.0825719
5.62321 0.0827037
5.62334 0.0828321
5.62737 0.0828311
5.6275 0.0829594
5.6307 0.0821327
5.63487 0.082264
5.64137 0.0847339
5.645 0.0823067
5.64891 0.0821847
5.65323 0.0824789
5.65336 0.0826073
5.65692 0.0821307
5.66102 0.0822022
5.66497 0.0821112
5.66933 0.0824366
5.6742 0.0832789
5.67824 0.0780694
5.6785 0.0823597
5.68272 0.0825542
5.68714 0.0829399
5.69329 0.0850573
5.69643 0.0821481
5.70095 0.0826306
5.7048 0.0824423
5.70876 0.082378
5.7129 0.0824777
5.71661 0.082161
5.72155 0.0830632
5.72476 0.0822365
5.73078 0.0842284
5.73479 0.0821835
5.73899 0.0823522
5.74284 0.0821645
5.74681 0.0821047
5.7512 0.0824646
5.75499 0.0822141
5.75925 0.0824456
5.76374 0.0828994
5.76935 0.0844735
5.77197 0.0810503
5.7721 0.0811787
5.77627 0.0813164
5.77832 0.0781558
5.78262 0.0844662
5.78653 0.0823245
5.7904 0.0821679
5.79489 0.0826192
5.79901 0.0827119
5.80254 0.0822047
5.8068 0.0824333
5.81084 0.0824352
5.81462 0.0821847
5.82141 0.0849425
5.82154 0.0850709
5.82465 0.0821262
5.82872 0.0821607
5.83279 0.0821982
5.83683 0.082204
5.84144 0.0827832
5.84189 0.0832311
5.84496 0.0822754
5.84887 0.0821494
5.85323 0.0824747
5.85925 0.0844652
5.86361 0.0827737
5.86759 0.0827134
5.87112 0.0822091
5.87628 0.0833359
5.87833 0.0781585
5.88044 0.0822893
5.88461 0.0824211
5.8889 0.0826784
5.89332 0.0830669
5.89345 0.0831953
5.89646 0.0821745
5.90075 0.0824347
5.90472 0.082367
5.91071 0.0843223
5.91481 0.0823746
5.91882 0.0823493
5.92356 0.0830574
5.9275 0.082963
5.93071 0.0821363
5.93474 0.0821392
5.93926 0.0826235
5.93939 0.0827519
5.94285 0.082179
5.94298 0.0823074
5.94891 0.084205
5.95327 0.0825136
5.95699 0.0822004
5.96103 0.0822097
5.96501 0.0821499
5.96937 0.0824752
5.97427 0.0833487
5.97831 0.0781391
5.97844 0.0823011
5.98279 0.082624
5.98657 0.0823706
5.99105 0.0828179
5.99496 0.082693
6.00098 0.0846775
6.00467 0.0823149
6.0048 0.0824433
6.00873 0.0823478
6.01277 0.0823542
6.01659 0.0821343
6.02088 0.0823969
6.02473 0.0822122
6.02877 0.0822156
6.03348 0.0828881
6.03899 0.0843679
6.04284 0.0821634
6.04687 0.0821692
6.0511 0.0823651
6.05123 0.0824935
6.05502 0.0822431
6.05899 0.0821862
6.06358 0.0827372
6.06371 0.0828656
6.0673 0.0824235
6.07117 0.0822654
6.07633 0.0833945
6.07838 0.0782127
6.0805 0.0823435
6.08443 0.0822486
6.09049 0.0842711
6.09446 0.0821945
6.09888 0.0825786
6.10254 0.0822027
6.10686 0.082488
6.11083 0.0824271
6.11474 0.0823051
6.11881 0.082342
6.11894 0.0824704
6.12311 0.0826022
6.12884 0.0842978
6.12896 0.0844262
6.13348 0.0828913
6.13685 0.082227
6.14217 0.0835114
6.14496 0.0822679
6.1489 0.082173
6.15322 0.0824672
6.15335 0.0825956
6.15704 0.0822474
6.16108 0.0822527
6.16755 0.0846915
6.17104 0.0821354
6.17434 0.081402
6.17832 0.078147
6.18056 0.084423
6.18463 0.0824407
6.18905 0.0828263
6.19334 0.0830865
6.19347 0.0832149
6.19648 0.0821941
6.20077 0.0824543
6.20484 0.0824838
6.20871 0.0823262
6.21288 0.0824609
6.21301 0.0825893
6.21922 0.0847709
6.22323 0.0827259
6.22819 0.0836557
6.23082 0.0822527
6.2348 0.0821933
6.23938 0.0827438
6.24284 0.082171
6.24694 0.0822395
6.25133 0.0825954
6.25701 0.0842363
6.26099 0.0821626
6.26505 0.0821961
6.26931 0.0824241
6.26944 0.0825525
6.27428 0.0833598
6.27832 0.0781542
6.27845 0.0823162
6.28268 0.0825107
6.28691 0.0827052
6.29107 0.082837
6.29498 0.082712
6.2993 0.0829954
6.30257 0.0822314
6.30865 0.0842806
6.31281 0.0823946
6.31659 0.0821396
6.32156 0.0830724
6.32477 0.0822456
6.3288 0.082249
6.33281 0.0822203
6.33684 0.0822222
6.34143 0.0827702
6.34694 0.0842516
6.35105 0.0823068
6.35117 0.0824352
6.35496 0.0821848
6.35925 0.0824474
6.36358 0.0827416
6.36371 0.08287
6.36759 0.0827163
6.36772 0.0828447
6.37115 0.0822432
6.37631 0.0833699
6.37836 0.0781926
6.38083 0.082674
6.38473 0.082549
6.38903 0.0828063
6.39345 0.0831948
6.3987 0.0844165
6.40252 0.0821804
6.40668 0.0823072
6.40681 0.0824356
6.41084 0.0824414
6.41482 0.0823821
6.41908 0.0826101
6.42337 0.0828703
6.42747 0.0829314
6.4308 0.0822331
6.43157 0.0830005
6.43676 0.0841579
6.44138 0.0827203
6.44497 0.0822787
6.44891 0.0821878
6.45333 0.0825753
6.45702 0.0822271
6.46106 0.0822364
6.4651 0.0822427
6.46945 0.0825641
6.47433 0.0834064
6.47833 0.0781658
6.47859 0.0824561
6.48269 0.0825222
6.48903 0.0848308
6.4932 0.0829458
6.49647 0.0821818
6.50095 0.0826292
6.50482 0.0824681
6.5088 0.0824117
6.51284 0.082418
6.51662 0.0821631
6.52168 0.0831936
6.52758 0.0850572
6.53079 0.0822137
6.53476 0.0821544
6.53938 0.08274
6.54284 0.0821671
6.54694 0.0822357
6.55124 0.0824983
6.55502 0.0822478
6.55938 0.0825726
6.56502 0.0841779
6.56931 0.0824163
6.57209 0.0811693
6.57828 0.0781113
6.57841 0.0834516
6.57854 0.08358
6.58264 0.0824678
6.58655 0.0823428
6.59061 0.0823773
6.59484 0.0825718
6.59497 0.0827002
6.59929 0.0829836
6.60256 0.0822196
6.60694 0.0825726
6.61085 0.082446
6.6113 0.0828939
6.61658 0.0841456
6.62158 0.0830887
6.62465 0.0821336
6.62885 0.0822965
6.63282 0.0822367
6.63686 0.0822425
6.64148 0.0828251
6.64485 0.0821579
6.64901 0.0822847
6.65491 0.0841512
6.65933 0.0825215
6.66362 0.0827806
6.6676 0.0827242
6.67116 0.0822511
6.67628 0.0833428
6.67833 0.0781654
6.68045 0.0822962
6.68058 0.0824246
6.68461 0.082428
6.6889 0.0826853
6.68903 0.0828136
6.69339 0.083136
6.69653 0.0822437
6.70082 0.0825038
6.70665 0.0842923
6.71116 0.0827603
6.71482 0.0823815
6.71912 0.0826446
6.71924 0.082773
6.72309 0.0825853
6.72322 0.0827137
6.72805 0.0835111
6.73081 0.0822365
6.73484 0.0822394
6.73939 0.0827548
6.7449 0.0842327
6.74503 0.0843611
6.74891 0.0821872
6.75317 0.0824153
6.7533 0.0825437
6.75702 0.0822305
6.76106 0.0822398
6.76504 0.0821799
6.76943 0.0825364
6.77424 0.0833125
6.77833 0.0781652
6.77859 0.0824555
6.78314 0.0829696
6.78705 0.0828446
6.79064 0.0824001
6.79647 0.084198
6.80095 0.0826286
6.80482 0.0824715
6.8087 0.0823138
6.80883 0.0824422
6.81287 0.0824486
6.81662 0.0821625
6.82155 0.0830647
6.82476 0.0822379
6.8288 0.0822414
6.82892 0.0823697
6.83476 0.0841706
6.83928 0.0826421
6.83941 0.0827705
6.84287 0.0821976
6.84694 0.0822351
6.85114 0.0824004
6.85127 0.0825288
6.85492 0.08215
6.85928 0.0824748
6.86371 0.0828663
6.86777 0.0828993
6.87207 0.0831584
6.87629 0.0813375
6.87838 0.0782081
6.88081 0.0826584
6.88094 0.0827867
6.88715 0.0849669
6.89048 0.0822489
6.89497 0.0827002
6.89901 0.0827036
6.90253 0.0821964
6.90683 0.0824595
6.90696 0.0825879
6.91084 0.0824342
6.91468 0.0822465
6.91481 0.0823749
6.91878 0.0823106
6.92468 0.0841771
6.92884 0.0822882
6.93282 0.0822283
6.93676 0.0821369
6.9415 0.0828479
6.94497 0.0822779
6.94887 0.0821519
6.95323 0.0824773
6.95704 0.0822534
6.96358 0.0847579
6.96759 0.0827159
6.97105 0.0821454
6.97631 0.0833695
6.97836 0.0781921
6.98048 0.0823229
6.98464 0.0824547
6.98906 0.0828404
6.99306 0.0828122
6.99646 0.0821766
6.99659 0.0823049
7.00076 0.0824367
7.00505 0.0826944
7.0087 0.0823151
7.0146 0.0841816
7.01883 0.0823573
7.02312 0.0826164
7.02818 0.0836395
7.03081 0.0822365
7.03478 0.0821772
7.0394 0.0827588
7.04286 0.0821859
7.04703 0.0823201
7.05324 0.0845051
7.05696 0.0821752
7.06104 0.0822151
7.06511 0.0822525
7.06941 0.0825156
7.07431 0.0833881
7.07835 0.0781815
7.07848 0.0823434
7.08255 0.0823774
7.08652 0.0823175
7.09056 0.0823204
7.09456 0.0822917
7.09932 0.0830219
7.09945 0.0831503
7.10458 0.0842449
7.10865 0.0822606
7.11288 0.0824575
7.11669 0.0822372
7.12156 0.0830686
7.12476 0.0822419
7.12893 0.0823737
7.13284 0.0822477
7.13687 0.0822496
7.14309 0.0844327
7.147 0.0822938
7.15104 0.0822997
7.15495 0.0821776
7.15934 0.0825335
7.16366 0.0828238
7.16761 0.0827323
7.16773 0.0828607
7.17113 0.0822241
7.17639 0.0834481
7.17831 0.0781424
7.18068 0.08253
7.18472 0.0825334
7.18485 0.0826618
7.18914 0.082919
7.1951 0.0848453
7.19901 0.0827036
7.20253 0.0821964
7.20682 0.0824516
7.21089 0.0824845
7.21461 0.0821679
7.21473 0.0822963
7.21896 0.0824893
7.21909 0.0826176
7.22325 0.0827494
7.22754 0.0830012
7.2328 0.0842257
7.2369 0.082277
7.24145 0.082794
7.24513 0.0824463
7.24892 0.0821958
7.25337 0.0826184
7.25703 0.0822391
7.26107 0.0822444
7.26513 0.0822779
7.27116 0.0842683
7.27436 0.0814248
7.27834 0.0781698
7.2786 0.0824602
7.28481 0.0846403
7.28891 0.0826897
7.29333 0.0830783
7.29647 0.0821859
7.30076 0.0824426
7.30518 0.0828267
7.30871 0.082319
7.31287 0.0824537
7.313 0.0825821
7.31675 0.0822961
7.32338 0.0848954
7.32351 0.0850238
7.32758 0.0830411
7.33079 0.0822143
7.33479 0.0821861
7.33941 0.0827677
7.34287 0.0821948
7.34694 0.0822323
7.35117 0.0824287
7.3513 0.0825571
7.35504 0.0822716
7.36107 0.0842615
7.36507 0.082216
7.36943 0.0825374
7.37436 0.0834379
7.37843 0.0782635
7.37856 0.0824254
7.38266 0.0824916
7.38692 0.0827172
7.39064 0.0824011
7.39499 0.082724
7.39512 0.0828524
7.39931 0.0830073
7.40258 0.0822434
7.40693 0.0825647
7.4128 0.0843922
7.41673 0.08228
7.42157 0.0830843
7.42478 0.0822576
7.42881 0.082257
7.43285 0.0822634
7.43686 0.0822381
7.44138 0.0827234
7.445 0.082309
7.45106 0.0843351
7.45497 0.0821962
7.45933 0.0825211
7.46362 0.0827842
7.46773 0.0828522
7.47115 0.0822467
7.47638 0.0834396
7.47843 0.0782623
7.48067 0.0825215
7.48484 0.0826533
7.48913 0.0829105
7.49342 0.0831667
7.49656 0.0822743
7.50259 0.0842663
7.50671 0.0823413
7.51085 0.0824444
7.51472 0.0822873
7.51908 0.0826086
7.51921 0.082737
7.52337 0.0828688
7.52741 0.0828677
7.53074 0.0821694
7.53491 0.0823007
7.54137 0.0847355
7.54503 0.0823394
7.54894 0.0822174
7.55327 0.0825116
7.5534 0.08264
7.55705 0.0822607
7.56102 0.0821998
7.56509 0.0822333
7.56945 0.0825586
7.57435 0.0834281
7.57833 0.0781563
7.57858 0.0824466
7.58313 0.0829607
7.58704 0.0828357
7.59322 0.0849842
7.59649 0.0822035
7.60097 0.0826508
7.60472 0.0823653
7.60485 0.0824937
7.60888 0.0824955
7.61292 0.0825019
7.61664 0.0821853
7.62154 0.0830558
7.62167 0.0831842
7.62488 0.0823574
7.63078 0.084221
7.63481 0.0822072
7.63927 0.0826293
7.64286 0.0821848
7.64696 0.0822533
7.65125 0.0825159
7.65504 0.0822655
7.65937 0.0825592
7.66376 0.0829156
7.66939 0.0845209
7.67211 0.081191
7.67638 0.081422
7.67843 0.0782614
7.6826 0.0844435
7.68654 0.0823328
7.69044 0.0822078
7.69493 0.0826591
7.69918 0.0828803
7.70258 0.0822447
7.70694 0.0825705
7.7113 0.0828919
7.71482 0.0823847
7.72145 0.084979
7.72158 0.0851074
7.72478 0.08226
7.72885 0.0822945
7.73282 0.0822346
7.73686 0.0822405
7.74151 0.0828542
7.745 0.0823114
7.74891 0.0821854
7.75327 0.0825107
7.75932 0.0845322
7.76362 0.0827786
7.7676 0.0827222
7.77112 0.0822179
7.77641 0.0834731
7.77834 0.0781673
7.78045 0.0822981
7.78465 0.082461
7.78894 0.0827183
7.78907 0.0828467
7.79339 0.083138
7.79653 0.0822456
7.80083 0.0825058
7.80486 0.0825042
7.81085 0.0844595
7.81482 0.0823834
7.81911 0.0826426
7.82325 0.0827428
7.82754 0.0829985
7.83074 0.0821718
7.83478 0.0821746
7.83939 0.0827562
7.84298 0.0823117
7.84891 0.0842094
7.85327 0.0825179
7.85699 0.0822048
7.86107 0.0822452
7.86504 0.0821853
7.8694 0.0825107
7.8743 0.0833801
7.87841 0.0782368
7.8793 0.0831661
7.88321 0.0830411
7.88699 0.0827878
7.89106 0.0828223
7.89497 0.0826973
7.90101 0.084709
7.90482 0.0824689
7.90873 0.0823464
7.9129 0.0824811
7.91665 0.0821956
7.92155 0.0830621
7.92476 0.0822354
7.92882 0.0822699
7.93283 0.0822412
7.9336 0.0830086
7.9393 0.0846795
7.94295 0.082281
7.94308 0.0824094
7.94696 0.0822522
7.95122 0.0824837
7.95504 0.0822644
7.95933 0.082527
7.96366 0.0828212
7.9676 0.0827298
7.96773 0.0828582
7.97119 0.0822837
7.97638 0.0834416
7.97843 0.0782643
7.98068 0.0825234
7.98484 0.0826552
7.99051 0.0822735
7.99493 0.0826586
7.99506 0.082787
7.99903 0.0827242
8.00255 0.082217
8.00688 0.0825133
8.01098 0.0825813
8.01464 0.0822025
8.01477 0.0823309
8.01884 0.0823644
8.01896 0.0824928
8.02294 0.0824334
8.02886 0.0843197
8.03286 0.0822742
8.03684 0.0822138
8.04151 0.0828586
8.04501 0.0823198
8.04514 0.0824482
8.04892 0.0821967
8.05334 0.0825843
8.05703 0.082236
8.06109 0.0822719
8.06757 0.0847108
8.07116 0.0822519
8.07446 0.0815215
8.0784 0.0782343
8.08045 0.0843192
8.08449 0.0823048
8.08878 0.082561
8.09317 0.0829174
8.09657 0.0822803
8.09669 0.0824087
8.1006 0.0822837
8.10073 0.0824121
8.10466 0.0823116
8.10479 0.08244
8.10867 0.0822819
8.1088 0.0824102
8.113 0.0825761
8.11921 0.0847571
8.12373 0.0832228
8.12821 0.0836741
8.13084 0.082271
8.13482 0.0822117
8.1394 0.0827622
8.14318 0.0825088
8.14696 0.0822584
8.15135 0.0826064
8.15705 0.0842783
8.16109 0.0822709
8.16516 0.0823083
8.16946 0.0825714
8.17443 0.0835071
8.17847 0.0783015
8.1786 0.0824635
8.1827 0.0825296
8.18705 0.0828525
8.19109 0.0828559
8.19513 0.0828593
8.19948 0.0831738
8.20262 0.0822814
8.20275 0.0824098
8.2087 0.0823138
8.2128 0.0823824
8.21675 0.0822914
8.22158 0.0830958
8.22479 0.082269
8.22886 0.0823035
8.23286 0.0822748
8.23696 0.0823389
8.24138 0.0827274
8.24699 0.0843021
8.25109 0.0823534
8.255 0.0822313
8.25933 0.0825251
8.26362 0.0827842
8.26375 0.0829126
8.2676 0.0827238
8.26773 0.0828522
8.27115 0.0822467
8.27641 0.0834708
8.27846 0.0782934
8.2807 0.0825526
8.28487 0.0826844
8.28929 0.08307
8.29512 0.084868
8.29884 0.0825351
8.30256 0.0822185
8.30684 0.0824737
8.31079 0.0823822
8.31091 0.0825106
8.3147 0.0822601
8.31908 0.0826126
8.32312 0.082616
8.32325 0.0827444
8.32744 0.0828988
8.32756 0.0830272
8.3309 0.0823289
8.33689 0.0842887
8.34144 0.0827889
8.3451 0.0824101
8.34904 0.0823192
8.35334 0.0825823
8.35706 0.0822691
8.36104 0.0822122
8.3651 0.0822457
8.36949 0.0825982
8.3748 0.0838765
8.37845 0.0782853
8.37935 0.0832146
8.38467 0.084499
8.3848 0.0846274
8.38902 0.0828051
8.39332 0.0830653
8.39659 0.0823013
8.40078 0.0824642
8.4052 0.0828483
8.40886 0.0824689
8.4129 0.0824753
8.41677 0.0823177
8.42174 0.0832509
8.42751 0.0829693
8.43087 0.0823021
8.43485 0.0822428
8.4394 0.0827622
8.44318 0.0825088
8.44696 0.0822544
8.45125 0.082513
8.45506 0.0822897
8.45941 0.0826066
8.46508 0.0842429
8.46944 0.0825515
8.47434 0.083421
8.47838 0.0782154
8.47851 0.0823774
8.48261 0.0824435
8.48274 0.0825719
8.48658 0.0823812
8.49062 0.0823846
8.49498 0.0827076
8.49511 0.082836
8.49945 0.0831504
8.50272 0.0823864
8.50708 0.0827078
8.51281 0.0844069
8.51675 0.0822991
8.52159 0.0831035
8.5248 0.0822768
8.52886 0.0823073
8.53284 0.0822475
8.53687 0.0822533
8.54133 0.082673
8.54146 0.0828014
8.54501 0.0823247
8.54905 0.0823311
8.55498 0.0842287
8.55931 0.0825057
8.56361 0.0827688
8.56771 0.0828408
8.57118 0.0822703
8.5764 0.0834633
8.57845 0.0782859
8.58057 0.0824167
8.58473 0.0825485
8.58915 0.0829342
8.59354 0.0832877
8.59668 0.0823953
8.60258 0.0842589
8.6067 0.0823338
8.61119 0.0827875
8.61472 0.0822798
8.6191 0.0826323
8.6234 0.0828925
8.62743 0.0828914
8.63089 0.0823214
8.63483 0.082227
8.63496 0.0823554
8.63941 0.0827735
8.64502 0.082332
8.64893 0.0822099
8.65329 0.0825353
8.65704 0.0822532
8.66111 0.0822896
8.66512 0.0822609
8.66947 0.0825822
8.67479 0.0838685
8.67845 0.0782773
8.67934 0.0832066
8.6828 0.0826337
8.68716 0.0829566
8.69324 0.0850079
8.69651 0.0822271
8.70099 0.0826745
8.70471 0.0823578
8.70875 0.0823597
8.71279 0.082366
8.71666 0.0822089
8.72157 0.0830794
8.72477 0.0822527
8.7249 0.0823811
8.7308 0.0842447
8.7349 0.082297
8.73933 0.082688
8.74311 0.0824346
8.74698 0.0822775
8.75115 0.0824117
8.75128 0.0825401
8.75506 0.0822897
8.75933 0.0825212
8.76378 0.0829358
8.76778 0.0829066
8.77207 0.0831657
8.7765 0.0815434
8.77842 0.0782544
8.78265 0.0844993
8.78701 0.0828054
8.79047 0.0822325
8.79495 0.0826799
8.79899 0.0826833
8.79911 0.0828117
8.80264 0.0823045
8.80697 0.0825987
8.81129 0.0828889
8.81476 0.082319
8.82123 0.0847573
8.82475 0.0822333
8.82885 0.082299
8.83286 0.0822702
8.8369 0.082276
8.84222 0.0835604
8.84497 0.0822858
8.84905 0.0823233
8.85334 0.0825864
8.85709 0.0822964
8.86359 0.082753
8.86757 0.0826966
8.87116 0.0822546
8.87639 0.0834475
8.87844 0.0782701
8.88074 0.0825921
8.88087 0.0827204
8.88465 0.0824671
8.88907 0.0828527
8.89353 0.0832724
8.89667 0.08238
8.90083 0.0825118
8.90096 0.0826402
8.90486 0.0825102
8.91076 0.0843683
8.9112 0.0848162
8.91486 0.0824206
8.91912 0.0826486
8.92325 0.0827488
8.92754 0.0830045
8.93078 0.0822089
8.93482 0.0822118
8.9394 0.0827623
8.94305 0.0823805
8.94895 0.0842431
8.95328 0.0825205
8.957 0.0822074
8.9611 0.0822789
8.96508 0.082219
8.96943 0.0825404
8.97443 0.0835071
8.9784 0.0782354
8.97866 0.0825257
8.98385 0.0836788
8.98712 0.0829148
8.99109 0.082852
8.99512 0.0828554
9.00091 0.0846103
9.00473 0.0823764
9.00873 0.0823471
9.0128 0.0823846
9.01293 0.082513
9.01668 0.0822269
9.02126 0.082774
9.02485 0.0823324
9.02889 0.0823358
9.03286 0.082276
9.0393 0.0846792
9.04302 0.0823464
9.04703 0.0823211
9.05126 0.0825175
9.05504 0.0822671
9.05905 0.0822413
9.06369 0.0828545
9.06766 0.0827902
9.07118 0.082278
9.0765 0.0835627
9.07846 0.0782875
9.0807 0.0825467
9.08467 0.0824868
9.09057 0.0843499
9.09461 0.0823395
9.099 0.0826965
9.10262 0.0822855
9.10688 0.0825085
9.11133 0.0829266
9.11498 0.0825478
9.11896 0.0824875
9.12312 0.0826193
9.12325 0.0827477
9.12885 0.0843149
9.13353 0.0829435
9.13696 0.0823414
9.14145 0.0827956
9.14222 0.0835631
9.14511 0.0824168
9.14908 0.082357
9.15325 0.0824917
9.15713 0.0823381
9.1611 0.0822772
9.16514 0.0822796
9.17116 0.0822532
9.17485 0.0819055
9.17844 0.0782688
9.181 0.0848643
9.18478 0.0825941
9.18907 0.0828514
9.19336 0.0831116
9.19663 0.0823476
9.20086 0.0825416
9.20099 0.08267
9.20534 0.0829879
9.20887 0.0824801
9.213 0.0825798
9.21883 0.0843757
9.21896 0.084504
9.22338 0.0828759
9.22821 0.0836773
9.23085 0.0822742
9.23495 0.0823433
9.23943 0.0827965
9.24302 0.082352
9.247 0.0822922
9.25132 0.082578
9.25705 0.084281
9.2611 0.0822735
9.26517 0.082311
9.26946 0.0825741
9.27446 0.0835409
9.27844 0.0782691
9.27857 0.0824311
9.28279 0.0826256
9.28715 0.0829485
9.29119 0.0829519
9.2951 0.0828269
9.29522 0.0829553
9.29951 0.0832076
9.30278 0.0824436
9.30873 0.0843644
9.31281 0.082385
9.31675 0.0822941
9.32162 0.0831295
9.32482 0.0823028
9.32889 0.0823373
9.33286 0.0822735
9.3369 0.0822793
9.34145 0.0827958
9.34703 0.0843399
9.3511 0.08236
9.35504 0.0822691
9.3594 0.0825979
9.36367 0.0828259
9.36761 0.0827345
9.36774 0.0828629
9.37116 0.0822573
9.37655 0.0836098
9.37847 0.078304
9.38103 0.0828827
9.38494 0.0827577
9.38907 0.082855
9.3935 0.0832436
9.39362 0.0833719
9.39875 0.0844652
9.40269 0.0823575
9.40673 0.0823599
9.40686 0.0824883
9.4109 0.0824941
9.41471 0.0822747
9.4191 0.0826272
9.42339 0.0828874
9.42742 0.0828863
9.43092 0.0823475
9.43691 0.0843073
9.44146 0.0828075
9.44499 0.0823003
9.44906 0.0823378
9.45336 0.0826009
9.45708 0.0822877
9.46118 0.0823552
9.46512 0.0822603
9.46947 0.0825817
9.47447 0.0835484
9.47492 0.0839963
9.47845 0.0782767
9.47947 0.0833344
9.48389 0.0837201
9.48889 0.0846849
9.48902 0.0848133
9.49331 0.0830567
9.49658 0.0822927
9.50097 0.0826468
9.50109 0.0827752
9.50497 0.0826141
9.50888 0.0824915
9.51298 0.08256
9.51682 0.0823673
9.52175 0.0832655
9.52752 0.0850007
9.52765 0.0851291
9.53156 0.0829868
9.53489 0.0822885
9.53945 0.0828079
9.54304 0.0823634
9.54698 0.0822724
9.55127 0.0825311
9.55505 0.0822806
9.55938 0.0825704
9.56517 0.0843312
9.5695 0.0826086
9.57213 0.0812022
9.57225 0.0813305
9.57841 0.0782414
9.57854 0.0835817
9.58264 0.0824695
9.58277 0.0825979
9.58661 0.0824072
9.59052 0.0822823
9.59513 0.082862
9.59948 0.0831764
9.60025 0.0839438
9.60275 0.0824124
9.60707 0.0827027
9.61146 0.0830551
9.61675 0.0843108
9.62162 0.0831295
9.62482 0.0823028
9.62886 0.0823062
9.63287 0.0822774
9.6369 0.0822833
9.64155 0.082897
9.64495 0.0822569
9.64898 0.0822593
9.65504 0.0842853
9.65931 0.0825
9.6636 0.0827632
9.66761 0.0827379
9.66774 0.0828663
9.6712 0.0822958
9.67643 0.0834888
9.67848 0.0783114
9.68059 0.0824422
9.68476 0.082574
9.68918 0.0829596
9.69353 0.083282
9.69668 0.0823897
9.70097 0.0826498
9.70673 0.0843721
9.71121 0.082809
9.71487 0.0824302
9.71926 0.0827867
9.72323 0.0827273
9.72755 0.0830141
9.73092 0.0823469
9.73486 0.0822525
9.73947 0.0828301
9.74501 0.0843397
9.74908 0.0823603
9.75325 0.0824951
9.7571 0.0823103
9.76117 0.0823467
9.76521 0.0823491
9.76947 0.0825771
9.77447 0.0835439
9.77844 0.0782722
9.77947 0.0833299
9.78388 0.0837155
9.78401 0.0838439
9.78715 0.0829515
9.79119 0.0829549
9.79657 0.084305
9.80102 0.0827044
9.80471 0.0823567
9.80875 0.0823586
9.81288 0.0824582
9.81682 0.0823633
9.82156 0.0830704
9.82169 0.0831987
9.8248 0.0822747
9.82886 0.0823093
9.83492 0.0843318
9.83931 0.0826749
9.84303 0.0823588
9.84697 0.0822679
9.85117 0.0824332
9.8513 0.0825616
9.85508 0.0823112
9.85935 0.0825427
9.86374 0.0828991
9.86777 0.082901
9.87232 0.0834169
9.87649 0.0815378
9.87842 0.0782488
9.88079 0.0826364
9.88649 0.0843059
9.89053 0.0822926
9.89495 0.0826777
9.89905 0.0827433
9.89917 0.0828717
9.9027 0.0823645
9.90699 0.0826236
9.90712 0.082752
9.91141 0.0830112
9.91475 0.0823129
9.91882 0.0823458
9.92481 0.0843062
9.92885 0.0822928
9.93288 0.0822952
9.93692 0.082301
9.94157 0.0829147
9.94503 0.0823408
9.94907 0.0823432
9.95323 0.0824779
9.95707 0.0822812
9.96358 0.0847546
9.96768 0.0828099
9.97121 0.0823056
9.97641 0.0834675
9.97849 0.0783212
9.9806 0.082452
9.98467 0.0824865
9.98909 0.0828722
9.99351 0.0832568
9.99665 0.0823644
9.99678 0.0824928

