% time_sec delay_sec
1.11658 0.0165147
1.11658 0.0165147
1.21657 0.0164986
1.31656 0.0164938
1.41441 0.318351
1.41656 0.0164964
1.51656 0.0164939
1.61656 0.016488
1.71656 0.0164912
1.71707 0.318339
1.81656 0.016492
1.91576 0.215024
1.91792 0.0178355
1.91979 0.0217197
1.92389 0.0217817
2.01576 0.109617
2.02395 0.0218479
2.02797 0.0218297
2.03193 0.0217612
2.03599 0.0217856
2.04042 0.0221774
2.04429 0.0220191
2.0481 0.021798
2.05409 0.0217325
2.05819 0.0217993
2.06224 0.0218119
2.06626 0.0218013
2.07028 0.0217872
2.07423 0.021706
2.07848 0.0219211
2.08251 0.0219155
2.08645 0.0218206
2.0931 0.0244466
2.09649 0.0217847
2.1005 0.0217565
2.10456 0.0217884
2.10863 0.0218208
2.11379 0.0229481
2.11392 0.0230765
2.11802 0.0179321
2.11815 0.022094
2.12209 0.0220031
2.12626 0.0221339
2.13003 0.02188
2.13394 0.0217545
2.1407 0.0244772
2.14435 0.0220816
2.14804 0.0217339
2.15227 0.0219264
2.15618 0.0218043
2.16022 0.0218096
2.16426 0.0218155
2.16823 0.0217591
2.1723 0.0217925
2.17634 0.0217979
2.18265 0.0240748
2.18694 0.0223148
2.19097 0.0223142
2.19501 0.0223176
2.19929 0.0225698
2.20256 0.0218058
2.20676 0.0219677
2.21076 0.0219385
2.21589 0.0230307
2.21804 0.0179501
2.21987 0.0217954
2.22384 0.0217361
2.23003 0.0238876
2.23403 0.0218386
2.23796 0.0217421
2.24213 0.0218739
2.2461 0.0218141
2.25008 0.0217532
2.25418 0.0218223
2.25431 0.0219507
2.25816 0.0217654
2.26216 0.0217401
2.26621 0.0217494
2.27232 0.0218174
2.27627 0.0217294
2.28056 0.0219896
2.28473 0.0221214
2.28902 0.0223786
2.29312 0.0224477
2.29652 0.0218121
2.30075 0.0220066
2.30088 0.022135
2.30492 0.0221414
2.31075 0.0239372
2.31087 0.0240656
2.31389 0.0210281
2.31805 0.0179632
2.31988 0.0238253
2.32388 0.0217803
2.3281 0.0219664
2.33189 0.0217159
2.33593 0.0217218
2.3407 0.0224639
2.34429 0.0220223
2.34811 0.021803
2.35221 0.021875
2.35821 0.0238383
2.36218 0.0217612
2.36616 0.0217003
2.36629 0.0218287
2.37026 0.0217649
2.37464 0.0221173
2.37849 0.0219326
2.38269 0.0220955
2.38698 0.0223527
2.39101 0.0223561
2.39486 0.0221684
2.40089 0.0241604
2.40489 0.0221109
2.40873 0.0219222
2.41386 0.0230144
2.41802 0.0179327
2.41815 0.0220947
2.42266 0.0225766
2.42626 0.022135
2.43004 0.0218811
2.43401 0.0218218
2.43802 0.0217995
2.44212 0.0218656
2.44808 0.0237943
2.45218 0.0218416
2.45231 0.02197
2.45609 0.0217196
2.45622 0.021848
2.46016 0.021756
2.4642 0.0217578
2.46823 0.0217597
2.47227 0.021766
2.47632 0.0217753
2.48083 0.0222577
2.48474 0.0221328
2.49089 0.0222334
2.49102 0.0223618
2.49506 0.0223652
2.49934 0.0226175
2.50248 0.0217251
2.50261 0.0218535
2.5069 0.0221126
2.51075 0.0219199
2.51087 0.0220483
2.51587 0.0230121
2.51795 0.0178653
2.51981 0.0217418
2.52392 0.0218108
2.52808 0.0219426
2.53199 0.0218166
2.53805 0.0238416
2.54215 0.021891
2.54227 0.0220194
2.54619 0.0218973
2.55007 0.0217431
2.55417 0.0218122
2.55815 0.0217553
2.56212 0.0216989
2.56623 0.0217709
2.5703 0.0218084
2.57633 0.0238028
2.58062 0.0220462
2.58466 0.0220496
2.58479 0.022178
2.58895 0.0223069
2.58908 0.0224353
2.59305 0.0223759
2.59645 0.0217403
2.60071 0.0219655
2.60487 0.0220922
2.60862 0.0218102
2.61381 0.0229686
2.61804 0.0179531
2.61817 0.022115
2.62259 0.0225036
2.62804 0.0239153
2.63188 0.0217103
2.63201 0.0218387
2.63595 0.0217433
2.64069 0.0224509
2.64422 0.0219436
2.64813 0.0218216
2.65223 0.0218936
2.65618 0.0218027
2.66022 0.0218119
2.66628 0.0238369
2.67025 0.0217603
2.67425 0.0217311
2.67852 0.0219591
2.68274 0.0221537
2.68697 0.0223482
2.69088 0.0222232
2.69101 0.0223516
2.69505 0.022355
2.69937 0.0226463
2.70251 0.0217539
2.70873 0.0219192
2.71142 0.0205789
2.71796 0.0178675
2.7184 0.0235273
2.72314 0.0230531
2.72625 0.0221291
2.73 0.0218441
2.73013 0.0219725
2.73397 0.0217848
2.73798 0.0217624
2.7424 0.0221481
2.74609 0.0218004
2.75013 0.0218096
2.7561 0.0237389
2.76017 0.0217585
2.7642 0.0217604
2.7683 0.0218244
2.7723 0.0217957
2.77625 0.0217077
2.7808 0.0222212
2.7847 0.0220962
2.78874 0.0220997
2.79486 0.0241855
2.79934 0.0226155
2.80248 0.0217231
2.80261 0.0218515
2.80684 0.0220485
2.81126 0.022436
2.81574 0.0228858
2.81805 0.0179607
2.81985 0.0217749
2.82382 0.0217156
2.82802 0.0218785
2.83193 0.0217564
2.83591 0.0217001
2.84087 0.0226328
2.84619 0.0239196
2.85004 0.0217135
2.85016 0.0218419
2.85427 0.021911
2.85821 0.021819
2.86219 0.0217626
2.86623 0.0217719
2.8703 0.0218094
2.8746 0.0220725
2.87854 0.021981
2.88456 0.0239701
2.88898 0.022339
2.89334 0.0226614
2.89346 0.0227897
2.89648 0.021769
2.90083 0.0220919
2.9047 0.0219268
2.90483 0.0220552
2.90861 0.0218003
2.91386 0.0230209
2.918 0.0179081
2.91844 0.0223896
2.9221 0.0220107
2.92585 0.0217247
2.93014 0.0219849
2.93591 0.0237191
2.9409 0.0226587
2.94103 0.0227871
2.9443 0.0220231
2.94442 0.0221515
2.94811 0.0218037
2.95221 0.0218718
2.95234 0.0220002
2.95618 0.0218119
2.96023 0.0218212
2.96424 0.0217959
2.96821 0.0217396
2.97462 0.0241157
2.97853 0.0219724
2.98276 0.0221669
2.98321 0.0226148
2.98705 0.0224242
2.98718 0.0225525
2.99109 0.0224276
2.99487 0.0221742
2.9989 0.0221731
3.00255 0.0217943
3.00682 0.0220284
3.01076 0.0219369
3.01602 0.0211408
3.02621 0.0241043
3.03012 0.0219626
3.0339 0.0217087
3.03797 0.0217446
3.04213 0.0218764
3.04611 0.02182
3.05015 0.0218288
3.05425 0.0218978
3.05817 0.0217787
3.0642 0.0237726
3.06823 0.0217611
3.07234 0.0218287
3.07637 0.0218334
3.08041 0.0218358
3.08441 0.0218031
3.08854 0.0219033
3.09306 0.0223881
3.09643 0.0217238
3.10255 0.0238081
3.10688 0.0220885
3.11085 0.0220236
3.11585 0.0229914
3.11799 0.0179029
3.11979 0.0217171
3.12383 0.0217205
3.12808 0.0219456
3.132 0.0218236
3.13603 0.0218294
3.14033 0.0220925
3.14427 0.0220016
3.14806 0.0217512
3.14819 0.0218795
3.15409 0.0237461
3.15809 0.0217035
3.15822 0.0218319
3.16216 0.0217404
3.16627 0.0218085
3.17024 0.0217486
3.17428 0.0217545
3.17851 0.0219514
3.18271 0.0221143
3.187 0.0223716
3.18712 0.0225
3.19305 0.0243912
3.19645 0.0217388
3.20087 0.0221274
3.20484 0.0220596
3.20871 0.021902
3.21416 0.0233177
3.21804 0.0179521
3.21817 0.022114
3.22211 0.0220231
3.22583 0.0217099
3.23003 0.0218728
3.234 0.0218135
3.23804 0.0218223
3.24429 0.0240365
3.24811 0.0218004
3.25217 0.0218333
3.25608 0.0217113
3.26015 0.0217477
3.26426 0.0218157
3.26823 0.0217594
3.2724 0.0218901
3.27634 0.0218021
3.28275 0.0241763
3.28698 0.0223541
3.29102 0.0223575
3.29492 0.0222325
3.29931 0.022582
3.29944 0.0227104
3.30258 0.0218181
3.30683 0.0220426
3.31077 0.0219432
3.31589 0.0230355
3.31795 0.0178576
3.31984 0.0217656
3.32381 0.0217063
3.32823 0.0220949
3.3339 0.0237323
3.33804 0.0218176
3.34211 0.0218521
3.34608 0.0217923
3.34621 0.0219207
3.35003 0.0217043
3.35413 0.0217733
3.35426 0.0219017
3.3582 0.0218137
3.36224 0.0218196
3.36622 0.0217632
3.37234 0.0238479
3.37631 0.0217743
3.38048 0.0219061
3.38477 0.0221663
3.38906 0.0224235
3.39304 0.0223642
3.39644 0.0217286
3.40073 0.0219888
3.4048 0.0220223
3.41091 0.024102
3.41392 0.0210645
3.41806 0.0179685
3.41818 0.0221304
3.42383 0.0237402
3.42824 0.022104
3.4319 0.0217252
3.43597 0.0217621
3.44071 0.0224697
3.44084 0.0225981
3.44423 0.0219625
3.44802 0.0217121
3.45225 0.0219124
3.45238 0.0220408
3.45619 0.0218215
3.46219 0.0237843
3.46626 0.0218079
3.47023 0.0217441
3.47466 0.0221316
3.4785 0.0219469
3.47927 0.0227143
3.4826 0.022013
3.48696 0.0223359
3.491 0.0223393
3.49484 0.0221516
3.5008 0.0240779
3.50491 0.0221297
3.50872 0.0219099
3.51375 0.0229088
3.51388 0.0230372
3.51798 0.0178893
3.51843 0.0223708
3.52278 0.0226932
3.52624 0.0221232
3.53002 0.0218698
3.534 0.0218105
3.53798 0.0217571
3.5424 0.0221427
3.54612 0.0218261
3.55217 0.0238476
3.55621 0.0218372
3.56015 0.0217452
3.56419 0.0217511
3.56829 0.0218191
3.57227 0.0217593
3.57637 0.0218307
3.58086 0.0222821
3.58476 0.0221571
3.59101 0.0243683
3.59505 0.022355
3.59892 0.0221944
3.59905 0.0223228
3.60257 0.0218156
3.60683 0.0220402
3.60696 0.0221686
3.61084 0.0220109
3.61577 0.0229125
3.61804 0.0179564
3.61984 0.0217706
3.62382 0.0217113
3.62804 0.0219053
3.63199 0.0218143
3.63603 0.0218202
3.64212 0.0238778
3.64622 0.0219296
3.65013 0.0218105
3.65411 0.0217512
3.65424 0.0218796
3.65821 0.0218227
3.66225 0.0218285
3.66623 0.0217721
3.6703 0.0218095
3.67428 0.0217532
3.68049 0.0239357
3.68479 0.0221792
3.68908 0.0224364
3.69305 0.0223731
3.69318 0.0225015
3.69645 0.0217375
3.70067 0.0219315
3.7008 0.0220599
3.70477 0.0219961
3.70865 0.0218385
3.71381 0.0229658
3.71804 0.0179503
3.71817 0.0221122
3.72211 0.0220213
3.72586 0.0217352
3.73198 0.0238211
3.73601 0.0218061
3.74075 0.0225097
3.74088 0.0226381
3.74427 0.0220025
3.74806 0.0217521
3.75223 0.0218863
3.7562 0.0218265
3.76011 0.0217074
3.76422 0.0217794
3.77025 0.0237738
3.77425 0.0217277
3.7747 0.0221756
3.77851 0.0219558
3.78274 0.0221503
3.78697 0.0223448
3.79101 0.0223483
3.79491 0.0222233
3.79936 0.022639
3.80251 0.0217466
3.80878 0.0239909
3.81151 0.0206649
3.81592 0.0210485
3.81804 0.0179536
3.82208 0.0240062
3.82625 0.0221242
3.83009 0.0219365
3.83394 0.0217488
3.83805 0.0218237
3.84208 0.0218271
3.84599 0.0217051
3.84612 0.0218335
3.85007 0.0217455
3.8543 0.0219429
3.86016 0.0237733
3.8642 0.0217584
3.8683 0.0218265
3.87234 0.0218288
3.87625 0.0217097
3.87638 0.0218381
3.88054 0.0219699
3.88471 0.0221017
3.88875 0.0221051
3.89333 0.0226532
3.89922 0.0245094
3.90249 0.0217286
3.90262 0.021857
3.90684 0.0220505
3.91085 0.0220212
3.91578 0.0229234
3.91795 0.0178619
3.91981 0.0217389
3.92391 0.021805
3.92804 0.0219018
3.93198 0.0218108
3.93596 0.0217544
3.94083 0.0225938
3.94429 0.0220199
3.95013 0.0238198
3.95423 0.0218721
3.9582 0.0218152
3.96218 0.0217548
3.96628 0.0218263
3.97019 0.0217043
3.9743 0.0217763
3.9785 0.0219421
3.97895 0.02239
3.98266 0.0220739
3.98894 0.0243168
3.99304 0.0223691
3.99317 0.0224975
3.99644 0.0217335
3.99657 0.0218619
4.0008 0.0220559
4.00487 0.022091
4.00858 0.0217699
4.00871 0.0218983
4.01377 0.0229283
4.02627 0.0221452
4.03011 0.0219575
4.03396 0.0217698
4.04075 0.0245276
4.0444 0.022132
4.04812 0.0218183
4.05219 0.0218513
4.05613 0.0217603
4.06021 0.0218002
4.06421 0.0217715
4.06819 0.0217146
4.07226 0.0217549
4.07848 0.0239429
4.08259 0.0219952
4.08637 0.0217447
4.0865 0.0218731
4.09041 0.0217476
4.09085 0.0221955
4.09448 0.0217851
4.09898 0.022258
4.10248 0.0217192
4.10687 0.0220746
4.11078 0.0219515
4.11577 0.0229148
4.11802 0.0179315
4.11978 0.0217106
4.12388 0.0217797
4.13004 0.0239001
4.13401 0.02182
4.13798 0.0217586
4.14202 0.021762
4.14615 0.0218617
4.15009 0.0217697
4.15419 0.0218388
4.15432 0.0219672
4.15817 0.0217819
4.16215 0.0217255
4.16827 0.0238172
4.17244 0.0219312
4.17635 0.0218081
4.18051 0.0219399
4.18484 0.0222312
4.189 0.02236
4.19336 0.0226824
4.1965 0.02179
4.20076 0.0220157
4.20678 0.0240066
4.20691 0.024135
4.21091 0.022089
4.21393 0.0210682
4.21806 0.0179722
4.21986 0.0238032
4.22383 0.0217271
4.22818 0.0220456
4.232 0.0218262
4.23604 0.0218321
4.24072 0.0224774
4.24431 0.0220359
4.24815 0.0218476
4.25226 0.0219196
4.25813 0.0237545
4.26217 0.0217436
4.26627 0.0218116
4.27027 0.0217789
4.27466 0.0221354
4.27851 0.0219506
4.28274 0.0221446
4.28703 0.0224019
4.28715 0.0225303
4.29093 0.0222769
4.29645 0.0237553
4.3009 0.0221582
4.3048 0.0220282
4.30871 0.0219057
4.31375 0.0229046
4.31388 0.023033
4.31797 0.0178851
4.31842 0.0223665
4.32211 0.0220188
4.32628 0.0221536
4.32999 0.0218375
4.33012 0.0219659
4.33397 0.0217781
4.33794 0.0217207
4.34217 0.0219153
4.3481 0.0238129
4.35227 0.0219264
4.35239 0.0220548
4.35621 0.0218354
4.36018 0.0217745
4.36422 0.0217764
4.36826 0.0217822
4.3723 0.0217886
4.37634 0.0217979
4.38085 0.0222803
4.38656 0.0239498
4.38701 0.0243977
4.39104 0.0223843
4.39495 0.0222594
4.3993 0.0225738
4.40257 0.0218098
4.40683 0.0220344
4.41077 0.0219429
4.4158 0.0229379
4.41795 0.0178573
4.41984 0.0217653
4.42394 0.0218344
4.4281 0.0219662
4.43201 0.0218402
4.43794 0.0237368
4.44217 0.0219145
4.4423 0.0220429
4.44624 0.021952
4.45016 0.0218329
4.45426 0.021902
4.45817 0.0217789
4.46215 0.0217225
4.46625 0.021794
4.47029 0.0218003
4.47635 0.0238258
4.48064 0.0220693
4.48468 0.0220727
4.48481 0.0222011
4.48897 0.0223299
4.4891 0.0224583
4.49307 0.022399
4.49647 0.0217634
4.50076 0.0220201
4.50479 0.0220185
4.50864 0.0218298
4.51383 0.0229882
4.51806 0.0179727
4.51819 0.0221346
4.5221 0.0220126
4.52806 0.0239344
4.5319 0.0217294
4.53203 0.0218578
4.53601 0.0218014
4.54075 0.022509
4.54427 0.0220018
4.54809 0.0217824
4.55222 0.0218855
4.55623 0.0218568
4.56014 0.0217377
4.56627 0.0238294
4.57024 0.0217488
4.57037 0.0218772
4.57434 0.0218208
4.57925 0.0226879
4.58271 0.022115
4.58315 0.0225629
4.58693 0.0223095
4.591 0.022344
4.59491 0.0222191
4.59504 0.0223475
4.59924 0.0225104
4.6051 0.0243389
4.60523 0.0244673
4.60872 0.0219117
4.60885 0.02204
4.61144 0.0206025
4.61798 0.0178911
4.61843 0.0235509
4.62304 0.0229522
4.62625 0.0221255
4.62999 0.0218371
4.63012 0.0219655
4.63397 0.0217777
4.63801 0.0217865
4.6423 0.0220438
4.64243 0.0221722
4.64624 0.0219528
4.65012 0.0217986
4.65621 0.0238563
4.66015 0.0217475
4.66028 0.0218759
4.66419 0.0217494
4.66432 0.0218778
4.66819 0.0217162
4.66832 0.0218446
4.67232 0.0218158
4.67245 0.0219442
4.67627 0.0217278
4.68082 0.0222413
4.68472 0.0221163
4.68863 0.0219914
4.68876 0.0221198
4.69488 0.0242056
4.69939 0.0226667
4.70253 0.0217743
4.70695 0.0221619
4.71128 0.0224521
4.71579 0.0229335
4.71794 0.0178529
4.7198 0.0217299
4.72384 0.0217333
4.72807 0.0219273
4.73188 0.0217079
4.73592 0.0217138
4.74079 0.0225532
4.74092 0.0226816
4.74624 0.0239684
4.75012 0.0217974
4.75422 0.0218665
4.7581 0.0217123
4.7622 0.0217803
4.76625 0.0217896
4.77032 0.0218271
4.77429 0.0217707
4.77856 0.0219987
4.78458 0.0239878
4.789 0.0223566
4.79307 0.0223906
4.79319 0.022519
4.79646 0.021755
4.79659 0.0218834
4.80082 0.0220774
4.80485 0.0220758
4.80863 0.0218209
4.81382 0.0229793
4.81799 0.0178976
4.81843 0.0223791
4.82292 0.0228304
4.8259 0.0217775
4.83013 0.021972
4.83593 0.0237373
4.84089 0.0226498
4.84102 0.0227782
4.84435 0.0220764
4.84813 0.0218259
4.8523 0.0219562
4.85621 0.0218341
4.86012 0.021715
4.86435 0.021912
4.8682 0.0217272
4.87433 0.0238189
4.87926 0.0227003
4.88317 0.0225753
4.88695 0.0223219
4.89098 0.0223253
4.89111 0.0224537
4.89489 0.0222004
4.89893 0.0222032
4.90258 0.0218244
4.90672 0.0219246
4.91149 0.0226662
4.91594 0.0210681
4.91806 0.0179731
4.91979 0.0217212
4.92588 0.0237749
4.93004 0.0218899
4.93398 0.0217955
4.93793 0.021707
4.94213 0.0218699
4.94613 0.0218411
4.95004 0.0217181
4.95427 0.0219155
4.95819 0.0217964
4.96425 0.0238224
4.96841 0.0219359
4.97232 0.0218099
4.97245 0.0219383
4.97632 0.0217841
4.98062 0.0220443
4.98469 0.0220788
4.98866 0.0220165
4.99334 0.0226619
4.99648 0.0217695
5.0025 0.023758
5.00696 0.0221696
5.01087 0.0220431
5.01587 0.0230109
5.02394 0.0218362
5.02807 0.021933
5.03198 0.0218109
5.03596 0.0217545
5.0407 0.0224656
5.04433 0.0220551
5.04814 0.0218347
5.0542 0.0238608
5.05817 0.0217831
5.06218 0.0217533
5.06618 0.0217281
5.07026 0.021765
5.07433 0.0218049
5.07853 0.0219697
5.08257 0.021976
5.08638 0.0217567
5.0924 0.0237442
5.0965 0.0217954
5.10051 0.0217638
5.10063 0.0218922
5.10466 0.021889
5.10867 0.0218632
5.1138 0.0229594
5.11393 0.0230878
5.11803 0.0179434
5.11816 0.0221053
5.12268 0.0225872
5.12627 0.0221457
5.13011 0.021958
5.13399 0.0218013
5.13797 0.0217439
5.14434 0.0240865
5.14813 0.0218193
5.15226 0.0219185
5.15617 0.0217964
5.16018 0.0217706
5.16425 0.0218075
5.16829 0.0218134
5.17242 0.021913
5.17637 0.021825
5.18312 0.0245499
5.18703 0.0224081
5.19103 0.0223764
5.19494 0.0222515
5.19932 0.022597
5.20259 0.021833
5.20688 0.0220882
5.21081 0.0219888
5.21581 0.0229531
5.21802 0.0179347
5.21979 0.0217139
5.22389 0.021783
5.22818 0.0220432
5.22831 0.0221715
5.23395 0.0237778
5.23802 0.021793
5.24205 0.0217964
5.24606 0.0217677
5.2501 0.021773
5.2542 0.021842
5.25811 0.021719
5.26215 0.0217248
5.26625 0.0217968
5.27231 0.0238194
5.27628 0.0217417
5.27641 0.0218701
5.28058 0.0220019
5.28474 0.0221337
5.28916 0.0225194
5.29333 0.0226512
5.29647 0.0217588
5.30076 0.022019
5.3048 0.0220213
5.31078 0.0239727
5.31091 0.0241011
5.31395 0.0210947
5.31796 0.0178703
5.31841 0.0223517
5.32386 0.0237674
5.32855 0.0224157
5.33198 0.0218112
5.33599 0.0217819
5.34076 0.0225241
5.34429 0.0220168
5.34813 0.0218286
5.35227 0.0219317
5.3524 0.0220601
5.35609 0.0217124
5.35621 0.0218408
5.36215 0.0237414
5.36625 0.0217966
5.37022 0.0217328
5.37433 0.0218048
5.3785 0.0219395
5.37926 0.0227069
5.38263 0.0220368
5.38654 0.0219118
5.38698 0.0223597
5.39102 0.0223631
5.39487 0.0221754
5.40082 0.0240977
5.40482 0.0220483
5.4087 0.0218946
5.41406 0.023213
5.41803 0.0179447
5.41848 0.0224262
5.42268 0.0225891
5.42281 0.0227175
5.42627 0.0221475
5.43011 0.0219598
5.43396 0.0217721
5.43794 0.0217147
5.44242 0.022166
5.44614 0.0218494
5.45229 0.0239682
5.45623 0.0218605
5.46014 0.0217374
5.46427 0.0218331
5.46831 0.0218389
5.47226 0.021748
5.47633 0.0217883
5.48081 0.0222396
5.48472 0.0221147
5.4909 0.0242632
5.49103 0.0243916
5.49494 0.0222499
5.49507 0.0223782
5.49926 0.0225372
5.50253 0.0217732
5.50692 0.0221296
5.51086 0.0220342
5.51579 0.0229318
5.51797 0.0178823
5.51983 0.0217593
5.52387 0.0217627
5.528 0.0218594
5.53204 0.0218658
5.53595 0.0217432
5.54217 0.0239292
5.54624 0.0219459
5.55015 0.0218268
5.55412 0.0217675
5.55822 0.021835
5.56223 0.0218098
5.56618 0.0217217
5.57022 0.0217281
5.57432 0.0218001
5.58054 0.0239827
5.58471 0.0220977
5.58483 0.0222261
5.589 0.022355
5.58912 0.0224834
5.59306 0.022389
5.59319 0.0225174
5.59646 0.0217534
5.59659 0.0218817
5.60072 0.0219785
5.60482 0.022047
5.60866 0.0218543
5.61379 0.0229465
5.61392 0.0230749
5.61795 0.0178649
5.6184 0.0223463
5.62269 0.0226065
5.6259 0.0217753
5.63198 0.02383
5.63593 0.0217217
5.64073 0.0224915
5.64435 0.0220811
5.64814 0.0218306
5.65227 0.0219338
5.65612 0.0217455
5.66013 0.0217197
5.6642 0.0217572
5.67023 0.0237516
5.67433 0.0218068
5.6785 0.0219376
5.68272 0.0221321
5.68317 0.02258
5.68714 0.0225178
5.69092 0.0222644
5.69105 0.0223928
5.69496 0.0222678
5.69941 0.0226875
5.70255 0.0217951
5.70876 0.0239727
5.71155 0.0207089
5.71584 0.0209686
5.71796 0.0178737
5.72257 0.0245037
5.72585 0.0217258
5.73001 0.0218576
5.73402 0.0218294
5.73803 0.0218071
5.74207 0.0218105
5.74604 0.0217506
5.74617 0.021879
5.75011 0.021791
5.75434 0.0219885
5.76015 0.0237607
5.76438 0.0219408
5.76826 0.0217832
5.77223 0.0217234
5.77627 0.0217326
5.78044 0.0218644
5.78473 0.0221246
5.78864 0.0219997
5.78877 0.022128
5.79322 0.0225477
5.79335 0.0226761
5.79901 0.0243066
5.80254 0.0217826
5.8068 0.0220112
5.80693 0.0221396
5.81084 0.022013
5.81129 0.0224609
5.81584 0.0229808
5.81802 0.0179274
5.81981 0.0217416
5.82388 0.0217721
5.82807 0.021935
5.83202 0.0218441
5.83593 0.0217215
5.84092 0.0226859
5.84432 0.0220498
5.85009 0.0237834
5.85419 0.0218357
5.85816 0.0217748
5.8622 0.0217807
5.86618 0.0217203
5.87022 0.0217267
5.87435 0.0218298
5.87858 0.0220267
5.88275 0.0221585
5.8889 0.024273
5.89345 0.0227732
5.89646 0.0217524
5.89659 0.0218808
5.90075 0.0220126
5.90088 0.022141
5.90485 0.0220732
5.90859 0.0217832
5.91404 0.0231989
5.91805 0.0179617
5.91818 0.0221237
5.92292 0.0228318
5.9259 0.0217788
5.93007 0.0219106
5.93397 0.0217851
5.94073 0.0245119
5.94433 0.0220535
5.94814 0.0218342
5.95231 0.0219684
5.95609 0.021718
5.96013 0.0217273
5.96424 0.0217958
5.96828 0.0218017
5.97235 0.0218391
5.97844 0.0238957
5.97856 0.0240241
5.98279 0.0222019
5.98702 0.0223964
5.99105 0.0223958
5.99496 0.0222708
5.99509 0.0223992
5.99931 0.0225893
6.00258 0.0218253
6.00688 0.0220863
6.01085 0.0220259
6.01582 0.0229587
6.02383 0.0217297
6.02999 0.0238501
6.03399 0.0218012
6.03803 0.0218059
6.04206 0.0218094
6.0461 0.0218152
6.05014 0.02182
6.05412 0.0217606
6.05425 0.021889
6.05822 0.0218321
6.06217 0.0217441
6.06832 0.0238669
6.07233 0.0218204
6.07633 0.0217941
6.0805 0.0219214
6.08443 0.0218265
6.08882 0.02218
6.09241 0.0217379
6.09651 0.0218059
6.10049 0.0217432
6.10061 0.0218715
6.10686 0.0240826
6.11083 0.022005
6.11128 0.0224529
6.11397 0.0211126
6.11798 0.0178917
6.11984 0.0237854
6.12388 0.021772
6.12819 0.0220554
6.13194 0.0217699
6.13595 0.0217446
6.14076 0.0225183
6.14431 0.0220422
6.14825 0.0219473
6.15239 0.0220504
6.15819 0.0238192
6.16217 0.021742
6.16627 0.0218101
6.17027 0.0217813
6.17434 0.0218183
6.17857 0.0220152
6.18264 0.0220497
6.18719 0.0225638
6.19097 0.0223104
6.19648 0.0237888
6.20077 0.0220322
6.20484 0.0220617
6.20871 0.0219041
6.21384 0.0230003
6.21397 0.0231287
6.21801 0.0179186
6.21845 0.0224
6.22214 0.0220523
6.22627 0.022152
6.23005 0.0218986
6.23403 0.0218393
6.23797 0.0217508
6.2422 0.0219453
6.24803 0.0237456
6.2523 0.0219564
6.25611 0.0217371
6.26022 0.0218086
6.26428 0.021842
6.26822 0.0217506
6.27233 0.0218191
6.27627 0.0217311
6.28089 0.0223108
6.28691 0.0242999
6.28704 0.0244283
6.29107 0.0224149
6.29498 0.0222899
6.2993 0.0225733
6.30257 0.0218093
6.30683 0.0220333
6.31089 0.0220663
6.31582 0.022964
6.318 0.0179145
6.31983 0.0217598
6.32387 0.0217632
6.32816 0.0220234
6.33204 0.0218663
6.338 0.023794
6.34226 0.0220028
6.34617 0.0218808
6.35008 0.0217617
6.35432 0.0219591
6.35816 0.0217738
6.36217 0.0217486
6.36628 0.0218206
6.37025 0.0217607
6.37631 0.0237862
6.38083 0.0222519
6.38473 0.0221269
6.38903 0.0223842
6.39345 0.0227727
6.39646 0.021752
6.40079 0.0220433
6.40482 0.0220456
6.40867 0.0218569
6.41418 0.0233348
6.41799 0.017903
6.41844 0.0223845
6.42273 0.0226447
6.42817 0.0240524
6.43196 0.0217852
6.43599 0.0217871
6.44073 0.0224946
6.44433 0.0220531
6.44814 0.0218337
6.45224 0.0219018
6.45625 0.021873
6.46016 0.0217539
6.46625 0.0238145
6.47022 0.0217339
6.47433 0.0218059
6.47859 0.022034
6.48269 0.0221001
6.48314 0.022548
6.48692 0.0222947
6.49064 0.0219786
6.49499 0.0223015
6.49928 0.0225577
6.50482 0.0240627
6.50495 0.0241911
6.5088 0.0219896
6.51149 0.0206493
6.51796 0.0178757
6.51841 0.0235355
6.52271 0.0226173
6.52585 0.0217279
6.53001 0.0218597
6.53399 0.0218004
6.53797 0.0217469
6.54207 0.0218131
6.54617 0.0218816
6.5463 0.02201
6.55015 0.0218247
6.55611 0.023754
6.56015 0.0217425
6.56425 0.0218071
6.56822 0.0217428
6.57235 0.0218424
6.57248 0.0219708
6.57636 0.0218166
6.58084 0.0222679
6.58475 0.0221429
6.58898 0.0223375
6.59497 0.0242949
6.59929 0.0225615
6.60256 0.0217975
6.60694 0.0221505
6.6113 0.0224718
6.61581 0.0229532
6.61799 0.0178997
6.61985 0.0217762
6.62388 0.0217796
6.62808 0.0219425
6.63193 0.0217542
6.63597 0.0217601
6.64084 0.0225995
6.64619 0.0239174
6.65016 0.0218397
6.65414 0.0217804
6.65427 0.0219088
6.65811 0.0217195
6.66221 0.0217876
6.66619 0.0217312
6.67026 0.0217686
6.67433 0.0218056
6.67846 0.0219052
6.67859 0.0220336
6.68461 0.0240227
6.68903 0.0223915
6.69339 0.0227139
6.69653 0.0218215
6.70082 0.0220817
6.70476 0.0219828
6.70867 0.0218563
6.71418 0.0233342
6.71803 0.0179375
6.71847 0.022419
6.72213 0.0220401
6.72594 0.0218163
6.73017 0.0220109
6.736 0.0238112
6.74087 0.0226264
6.74439 0.0221187
6.74814 0.0218332
6.75221 0.0218701
6.75234 0.0219985
6.75612 0.0217481
6.76016 0.0217573
6.76427 0.0218259
6.76831 0.0218317
6.77436 0.0238572
6.77859 0.0220334
6.78314 0.0225475
6.78705 0.0224225
6.79064 0.021978
6.79108 0.0224259
6.79486 0.0221725
6.79499 0.0223009
6.79928 0.0225571
6.80255 0.0217931
6.80668 0.0218928
6.80681 0.0220212
6.81152 0.0226966
6.81597 0.0210985
6.81796 0.0178751
6.81982 0.0217521
6.82585 0.0237441
6.83001 0.0218591
6.83014 0.0219875
6.83399 0.0217998
6.838 0.0217775
6.8421 0.0218436
6.84604 0.0217527
6.85005 0.0217269
6.85428 0.0219243
6.85819 0.0218012
6.86422 0.0237962
6.86841 0.0219407
6.87232 0.0218147
6.87245 0.0219431
6.87629 0.0217538
6.88094 0.0223646
6.88472 0.0221113
6.88901 0.0223685
6.8933 0.0226287
6.89644 0.0217363
6.90253 0.023791
6.90696 0.0221658
6.91084 0.0220121
6.91129 0.02246
6.91577 0.0229143
6.91801 0.017923
6.91981 0.0217372
6.92391 0.0218063
6.92807 0.0219341
6.93205 0.0218743
6.93599 0.0217828
6.94073 0.0224938
6.94432 0.0220523
6.9481 0.0217979
6.94823 0.0219263
6.95419 0.023855
6.9582 0.0218085
6.96217 0.0217481
6.96618 0.0217228
6.97028 0.0217914
6.97432 0.0217972
6.97849 0.021932
6.98278 0.0221921
6.98707 0.0224494
6.99306 0.0244068
6.99659 0.0218828
7.00076 0.0220146
7.00505 0.0222723
7.00518 0.0224007
7.0087 0.021893
7.01383 0.0229892
7.02594 0.0218163
7.03004 0.0218825
7.03401 0.0218232
7.03799 0.0217657
7.04436 0.0241083
7.04805 0.0217468
7.05228 0.0219432
7.05619 0.0218212
7.06014 0.0217326
7.06421 0.0217701
7.06832 0.0218421
7.07235 0.0218474
7.07637 0.0218251
7.08255 0.023972
7.08639 0.0217671
7.09043 0.0217699
7.09443 0.0217412
7.09932 0.0225998
7.10263 0.0218698
7.10685 0.0220618
7.11083 0.0220009
7.11579 0.0229331
7.11806 0.0179769
7.11983 0.0217561
7.12386 0.0217595
7.12829 0.0221481
7.13399 0.0238166
7.13803 0.0218046
7.14245 0.0221902
7.1461 0.0218114
7.15008 0.0217545
7.15418 0.0218236
7.15812 0.0217316
7.16219 0.0217685
7.16629 0.0218366
7.17228 0.023793
7.17639 0.0218477
7.18068 0.0221079
7.18472 0.0221113
7.18914 0.0224969
7.19343 0.0227571
7.19644 0.0217363
7.2008 0.0220592
7.20487 0.0220927
7.21076 0.0239508
7.21089 0.0240792
7.21396 0.0211038
7.218 0.0179106
7.21845 0.022392
7.2239 0.0238077
7.22824 0.0221054
7.22837 0.0222338
7.23203 0.0218549
7.236 0.0217946
7.24081 0.0225683
7.24436 0.0220922
7.24815 0.0218418
7.25241 0.0220733
7.25613 0.0217567
7.25626 0.0218851
7.26216 0.0237505
7.26629 0.0218329
7.27026 0.0217691
7.27436 0.0218411
7.2786 0.0220381
7.2827 0.0221042
7.28692 0.0222987
7.29096 0.0223021
7.29513 0.0224339
7.30076 0.0240373
7.30518 0.0224046
7.30871 0.0218969
7.31384 0.0229931
7.318 0.0179114
7.31845 0.0223928
7.32274 0.022653
7.32585 0.0217285
7.33002 0.0218603
7.33402 0.0218321
7.338 0.0217747
7.34222 0.0219692
7.3463 0.0220066
7.35226 0.0239349
7.35626 0.0218894
7.36017 0.0217623
7.36417 0.0217336
7.36821 0.0217354
7.36834 0.0218638
7.37228 0.0217729
7.37638 0.0218404
7.38099 0.0224201
7.38477 0.0221667
7.39064 0.0239957
7.39499 0.0223019
7.39931 0.0225852
7.40258 0.0218212
7.40693 0.0221426
7.41087 0.0220472
7.41584 0.0229759
7.41801 0.0179264
7.41984 0.0217718
7.42388 0.0217752
7.42804 0.021903
7.43208 0.0219093
7.43596 0.0217557
7.44221 0.0239728
7.44628 0.0219895
7.4501 0.0217731
7.4542 0.0218422
7.45824 0.0218475
7.46221 0.0217911
7.46619 0.0217308
7.47026 0.0217682
7.47436 0.0218362
7.48055 0.0239877
7.48067 0.0241161
7.48471 0.0221028
7.489 0.02236
7.48913 0.0224884
7.49342 0.0227446
7.49656 0.0218522
7.50073 0.021984
7.50473 0.0219553
7.50857 0.0217626
7.51383 0.0229832
7.51395 0.0231116
7.51799 0.0179015
7.51844 0.022383
7.52273 0.0226431
7.52593 0.0218119
7.53189 0.0237382
7.53202 0.0238666
7.53596 0.0217584
7.54073 0.0224931
7.54439 0.0221138
7.54804 0.0217349
7.55231 0.0219664
7.55615 0.0217782
7.56019 0.0217835
7.56429 0.0218481
7.57022 0.0237452
7.57435 0.0218276
7.57845 0.0218961
7.57858 0.0220245
7.58268 0.0220907
7.58313 0.0225386
7.58704 0.0224136
7.59063 0.0219691
7.59489 0.0221947
7.59943 0.0227077
7.60257 0.0218153
7.60875 0.0239618
7.61145 0.0206048
7.61587 0.0209928
7.616 0.0211212
7.61802 0.017929
7.62257 0.0244963
7.62629 0.0221663
7.63001 0.0218502
7.63391 0.0217247
7.63799 0.0217646
7.64209 0.0218307
7.64606 0.0217709
7.64619 0.0218993
7.65017 0.0218424
7.65427 0.0219114
7.66014 0.0237458
7.6644 0.0219571
7.6683 0.0218306
7.67237 0.0218641
7.67638 0.0218383
7.68054 0.0219701
7.68474 0.022133
7.68487 0.0222614
7.68897 0.0223275
7.6891 0.0224559
7.69326 0.0225877
7.69339 0.0227161
7.69905 0.0243466
7.70258 0.0218226
7.70681 0.02202
7.70694 0.0221484
7.71085 0.0220219
7.7113 0.0224698
7.71581 0.0229551
7.71805 0.0179639
7.71985 0.0217781
7.72388 0.0217775
7.72808 0.0219404
7.73205 0.0218806
7.73596 0.021758
7.74087 0.0226285
7.74436 0.0220857
7.75009 0.0237883
7.75423 0.0218717
7.75823 0.0218419
7.76221 0.0217855
7.76619 0.0217292
7.77023 0.0217355
7.77436 0.0218386
7.77859 0.0220356
7.78266 0.0220701
7.78894 0.024313
7.79339 0.0227159
7.79653 0.0218235
7.80083 0.0220837
7.80486 0.0220821
7.8086 0.0217921
7.81405 0.0232078
7.81418 0.0233362
7.81802 0.0179355
7.81847 0.0224169
7.82216 0.0220692
7.82594 0.0218143
7.8301 0.0219461
7.83401 0.0218206
7.84074 0.0245162
7.84433 0.0220579
7.84814 0.0218386
7.85231 0.0219728
7.85622 0.0218507
7.86017 0.0217627
7.86427 0.0218313
7.86831 0.0218371
7.87235 0.0218395
7.87247 0.0219679
7.87853 0.0239934
7.88276 0.0221711
7.88321 0.022619
7.88699 0.0223657
7.89061 0.0219523
7.89106 0.0224002
7.89497 0.0222752
7.89935 0.0226207
7.90249 0.0217284
7.90262 0.0218568
7.90681 0.0220186
7.91085 0.0220244
7.91588 0.0230199
7.91806 0.0179704
7.91982 0.0217495
7.92386 0.021753
7.93004 0.0218877
7.93398 0.0217933
7.93802 0.0217981
7.94231 0.0220553
7.94606 0.0217698
7.94619 0.0218982
7.95013 0.0218102
7.95414 0.021782
7.95427 0.0219104
7.95811 0.0217251
7.96225 0.0218282
7.96824 0.023788
7.97247 0.0219642
7.97638 0.0218411
7.98068 0.0221013
7.98471 0.0221047
7.98484 0.0222331
7.989 0.022362
7.99339 0.0227155
7.99653 0.0218231
8.00082 0.0220798
8.00688 0.0241079
8.01086 0.0220308
8.01098 0.0221592
8.014 0.0211384
8.02387 0.0217628
8.02822 0.0220772
8.03196 0.0217917
8.03594 0.0217314
8.04074 0.0225046
8.04437 0.0220942
8.04815 0.0218427
8.05238 0.0220391
8.05818 0.0238078
8.06218 0.0217613
8.06629 0.0218293
8.07026 0.0217695
8.07433 0.0218094
8.07853 0.0219742
8.07866 0.0221025
8.08257 0.0219765
8.08638 0.0217572
8.09045 0.0217912
8.09657 0.0238749
8.1006 0.0218616
8.10466 0.0218895
8.10867 0.0218597
8.11383 0.022987
8.11396 0.0231154
8.11799 0.0179049
8.11844 0.0223863
8.12296 0.0228687
8.12597 0.0218509
8.13007 0.021917
8.13392 0.0217293
8.13799 0.0217692
8.14254 0.0222832
8.14808 0.0217789
8.15231 0.0219674
8.15615 0.0217791
8.16019 0.0217884
8.16427 0.0218259
8.16824 0.0217695
8.17238 0.0218691
8.17629 0.02175
8.18103 0.0224581
8.18661 0.0239993
8.19064 0.0219859
8.19109 0.0224338
8.195 0.0223088
8.19935 0.0226233
8.20262 0.0218593
8.20684 0.0220523
8.21088 0.0220541
8.21585 0.0229873
8.21803 0.0179379
8.21985 0.0217832
8.22389 0.0217866
8.22822 0.0220779
8.23402 0.0238437
8.23799 0.0217655
8.24222 0.02196
8.24622 0.0219313
8.25013 0.0218082
8.25423 0.0218773
8.25824 0.0218515
8.26221 0.0217911
8.26619 0.0217308
8.27029 0.0217993
8.27628 0.0237587
8.2807 0.0221305
8.28474 0.0221339
8.28916 0.0225195
8.29345 0.0227797
8.29647 0.0217589
8.30082 0.0220813
8.30489 0.0221148
8.30858 0.0217666
8.31393 0.0230845
8.31799 0.0179055
8.31844 0.022387
8.32389 0.0238027
8.32827 0.0221314
8.33205 0.021881
8.33599 0.0217895
8.3408 0.0225633
8.34401 0.0217366
8.34814 0.0218367
8.35225 0.0219088
8.35238 0.0220371
8.35616 0.0217867
8.35629 0.0219151
8.36023 0.0218271
8.36626 0.0218008
8.37026 0.021768
8.37435 0.0218281
8.37858 0.0220251
8.37935 0.0227925
8.38268 0.0220912
8.38659 0.0219662
8.39063 0.0219696
8.39511 0.0224209
8.39899 0.0222643
8.40507 0.0243146
8.40873 0.0219185
8.41386 0.0230146
8.41802 0.017933
8.41847 0.0224144
8.42276 0.0226746
8.42591 0.0217852
8.4301 0.0219481
8.43395 0.0217603
8.43799 0.0217691
8.44241 0.0221548
8.44254 0.0222831
8.44632 0.0220287
8.45234 0.0240192
8.45628 0.0219075
8.46018 0.0217764
8.46428 0.021841
8.46822 0.0217496
8.46835 0.021878
8.47239 0.0218843
8.47633 0.0217923
8.48095 0.022372
8.48473 0.0221187
8.48902 0.0223759
8.49498 0.0243022
8.49933 0.0225999
8.49945 0.0227283
8.50259 0.0218359
8.50695 0.0221573
8.51089 0.0220618
8.51585 0.0229951
8.51803 0.0179456
8.51986 0.0217909
8.5239 0.0217943
8.52809 0.0219533
8.53194 0.021765
8.53207 0.0218934
8.53598 0.0217709
8.54216 0.0239223
8.54629 0.0220052
8.55008 0.0217577
8.55421 0.0218579
8.55434 0.0219863
8.55822 0.0218321
8.5622 0.0217757
8.5663 0.0218477
8.57028 0.0217879
8.57426 0.0217315
8.57858 0.0220257
8.58461 0.021998
8.58902 0.0223837
8.59341 0.0227372
8.59655 0.0218448
8.60072 0.0219766
8.60085 0.022105
8.60475 0.0219789
8.6086 0.0217862
8.61382 0.0229757
8.61395 0.0231041
8.61801 0.0179252
8.61846 0.0224066
8.62263 0.0225384
8.62275 0.0226668
8.62596 0.0218356
8.63192 0.0237619
8.63205 0.0238903
8.63599 0.0217821
8.64088 0.0226452
8.64438 0.0221063
8.64816 0.0218559
8.6522 0.0218617
8.65233 0.0219901
8.65614 0.0217708
8.66021 0.0218072
8.66428 0.0218446
8.67024 0.0237689
8.67434 0.0218201
8.67857 0.0220171
8.68267 0.0220832
8.6828 0.0222116
8.68703 0.0224061
8.69062 0.0219616
8.69491 0.0222184
8.69933 0.022603
8.69946 0.0227314
8.7026 0.021839
8.70676 0.0219697
8.71144 0.0226141
8.71157 0.0227425
8.71602 0.0211449
8.71801 0.0179215
8.72259 0.0245199
8.72586 0.0217421
8.73003 0.0218739
8.734 0.0218146
8.73805 0.0218233
8.74234 0.0220806
8.74608 0.0217951
8.74621 0.0219235
8.75006 0.0217382
8.75429 0.0219356
8.76023 0.0238362
8.76442 0.0219773
8.76829 0.0218197
8.76842 0.0219481
8.77233 0.021822
8.77637 0.0218313
8.78073 0.0221542
8.78086 0.0222826
8.78477 0.0221577
8.78899 0.0223522
8.79328 0.0226084
8.79655 0.0218444
8.80251 0.021754
8.80684 0.0220482
8.80697 0.0221766
8.81084 0.0220189
8.81129 0.0224668
8.81585 0.0229867
8.81802 0.0179333
8.81982 0.0217475
8.82386 0.0217509
8.82808 0.0219449
8.83196 0.0217878
8.836 0.0217936
8.84093 0.0226957
8.84433 0.0220601
8.85007 0.0237667
8.8543 0.0219474
8.85824 0.0218514
8.86218 0.0217599
8.86629 0.021832
8.87026 0.0217721
8.87427 0.0217468
8.87857 0.02201
8.88267 0.0220761
8.88894 0.024319
8.8934 0.0227219
8.89654 0.0218295
8.90083 0.0220897
8.90474 0.0219597
8.90486 0.0220881
8.90861 0.0217981
8.91409 0.0232449
8.91803 0.0179415
8.91848 0.022423
8.92216 0.0220753
8.92594 0.0218203
8.93014 0.0219832
8.93392 0.0217293
8.94074 0.0245222
8.9444 0.0221267
8.94815 0.0218411
8.95231 0.0219754
8.95623 0.0218533
8.9602 0.0217964
8.96418 0.0217366
8.96834 0.0218668
8.97238 0.0218692
8.9725 0.0219976
8.97853 0.023992
8.98276 0.0221697
8.98385 0.0232567
8.98699 0.0223643
8.99064 0.021982
8.99109 0.0224299
8.995 0.0223049
8.99925 0.0225221
9.00252 0.0217581
9.00685 0.0220545
9.01088 0.0220563
9.01578 0.0229229
9.02395 0.02185
9.03011 0.0239704
9.03402 0.0218281
9.03802 0.0217978
9.04212 0.0218639
9.04613 0.0218387
9.05017 0.021844
9.05427 0.021913
9.05815 0.0217589
9.06216 0.0217331
9.06831 0.0238484
9.07234 0.021833
9.07637 0.0218338
9.08057 0.0219962
9.08442 0.021808
9.0889 0.0222587
9.09243 0.0217545
9.09657 0.0218576
9.10047 0.0217326
9.1006 0.021861
9.10457 0.0217996
9.11088 0.0220566
9.11434 0.0214838
9.118 0.0179088
9.11986 0.0238025
9.12389 0.0217891
9.12808 0.0219441
9.12821 0.0220725
9.13199 0.021822
9.13606 0.021859
9.14081 0.02257
9.14402 0.0217433
9.14805 0.0217462
9.14818 0.0218745
9.15229 0.0219466
9.15815 0.0237815
9.16219 0.0217666
9.16629 0.0218346
9.17023 0.0217397
9.17427 0.0217455
9.17857 0.0220086
9.17933 0.022776
9.18279 0.0222031
9.18721 0.0225888
9.19099 0.0223354
9.19651 0.0238138
9.20073 0.0219911
9.20508 0.022309
9.20861 0.0218013
9.21383 0.0229908
9.21806 0.0179713
9.21819 0.0221332
9.22261 0.0225218
9.22598 0.0218541
9.23008 0.0219202
9.23392 0.0217325
9.23803 0.0218035
9.24225 0.021998
9.24812 0.0238294
9.25228 0.0219389
9.25612 0.0217507
9.2602 0.0217911
9.26427 0.0218285
9.26825 0.0217722
9.27241 0.0219069
9.27632 0.0217838
9.281 0.0224257
9.28702 0.0244148
9.29074 0.0220819
9.29497 0.0222764
9.29925 0.0225287
9.30265 0.0218931
9.30688 0.022086
9.31088 0.0220568
9.31585 0.02299
9.31806 0.0179716
9.31989 0.021817
9.32393 0.0218204
9.32825 0.0221117
9.33209 0.0219195
9.33799 0.023785
9.3426 0.0223479
9.34626 0.0219691
9.35014 0.0218149
9.35424 0.0218839
9.35437 0.0220123
9.35819 0.0217959
9.36226 0.0218329
9.3662 0.0217414
9.3703 0.02181
9.37629 0.0237693
9.38091 0.0223322
9.38469 0.0220788
9.38882 0.0221761
9.38895 0.0223045
9.39337 0.0226931
9.39651 0.0218007
9.40071 0.0219636
9.4049 0.0221294
9.40859 0.0217812
9.41381 0.0229707
9.41394 0.0230991
9.41801 0.0179201
9.41846 0.0224016
9.42275 0.0226617
9.42813 0.0240073
9.43207 0.0218996
9.43601 0.0218081
9.44082 0.0225819
9.44403 0.0217551
9.44816 0.0218553
9.45227 0.0219273
9.45631 0.0219337
9.46022 0.0218106
9.46627 0.0238321
9.47024 0.0217515
9.47037 0.0218799
9.47434 0.0218196
9.47934 0.0227839
9.48267 0.0220827
9.48658 0.0219577
9.49062 0.0219611
9.49498 0.022284
9.4993 0.0225753
9.50471 0.0239519
9.50484 0.0240803
9.50862 0.0218126
9.50875 0.021941
9.51151 0.0206629
9.51804 0.0179476
9.51848 0.0236074
9.52278 0.0226892
9.52592 0.0217998
9.53002 0.0218654
9.53399 0.0218061
9.53804 0.0218148
9.54214 0.021881
9.54634 0.0220468
9.55018 0.0218575
9.55617 0.0238179
9.56015 0.0217402
9.56028 0.0218686
9.56427 0.021832
9.56828 0.0218067
9.57238 0.0218752
9.57251 0.0220036
9.57636 0.0218183
9.58084 0.0222696
9.58475 0.0221447
9.58904 0.0224019
9.59487 0.0241998
9.595 0.0243282
9.59935 0.0226259
9.60262 0.0218619
9.60682 0.0220238
9.60694 0.0221522
9.61088 0.0220567
9.61585 0.02299
9.61806 0.0179716
9.61989 0.0218169
9.62393 0.0218203
9.62809 0.0219521
9.63197 0.021795
9.63601 0.0218008
9.64091 0.0226713
9.64635 0.0240826
9.65014 0.0218143
9.65427 0.0219145
9.65822 0.0218265
9.66219 0.0217701
9.6662 0.0217448
9.6703 0.0218134
9.67428 0.021757
9.67861 0.0220512
9.68463 0.0240403
9.68892 0.0222808
9.68905 0.0224091
9.69341 0.0227315
9.69655 0.0218392
9.70071 0.021971
9.70084 0.0220993
9.70478 0.0220005
9.70862 0.0218077
9.71423 0.0233829
9.71804 0.0179512
9.71849 0.0224326
9.72214 0.0220538
9.72595 0.02183
9.73015 0.0219929
9.73601 0.0238243
9.74094 0.0227017
9.74437 0.0220972
9.74806 0.0217495
9.75229 0.0219499
9.7562 0.0218279
9.76014 0.0217359
9.76431 0.0218667
9.76822 0.0217441
9.77434 0.0238318
9.77934 0.0227794
9.7828 0.0222065
9.78703 0.022401
9.79061 0.0219565
9.79074 0.0220849
9.79497 0.0222795
9.79936 0.022633
9.8025 0.0217406
9.80673 0.0219375
9.81153 0.0227063
9.81592 0.0210425
9.81605 0.0211709
9.81807 0.0179786
9.81983 0.0217578
9.82592 0.023812
9.83008 0.021927
9.83402 0.0218326
9.83803 0.0218103
9.84213 0.0218764
9.8462 0.0219139
9.85008 0.0217597
9.85431 0.0219571
9.85813 0.0217407
9.86425 0.023829
9.86842 0.0219424
9.87245 0.0219448
9.87637 0.0218257
9.88066 0.0220859
9.8847 0.0220893
9.88893 0.0222838
9.89341 0.0227346
9.89655 0.0218422
9.90257 0.0238308
9.90687 0.0220731
9.91084 0.0220128
9.91097 0.0221412
9.91584 0.0229806
9.91805 0.0179582
9.91987 0.0218036
9.92391 0.021807
9.92808 0.0219388
9.93198 0.0218127
9.93602 0.0218186
9.9408 0.0225607
9.94439 0.0221152
9.94817 0.0218608
9.9542 0.0238557
9.95823 0.0218363
9.96217 0.0217448
9.96627 0.0218168
9.97031 0.0218232
9.97429 0.0217668
9.97862 0.022061
9.98281 0.0222239
9.98711 0.0224812
9.98723 0.0226096
9.99338 0.024723
9.99652 0.0218139

