% time_sec delay_sec
1.11927 0.0192164
1.11927 0.0192164
1.21957 0.0195199
1.31956 0.0195151
1.41723 0.32119
1.41927 0.0192181
1.51956 0.0195152
1.61957 0.0195178
1.71926 0.0192094
1.71986 0.321151
1.81925 0.0192023
1.91856 0.217843
1.92094 0.0208659
1.92262 0.0245646
1.92739 0.0253058
2.01858 0.112459
2.02067 0.0205985
2.02262 0.0245686
2.02679 0.0247019
2.03069 0.0245718
2.03472 0.0245655
2.03926 0.0250768
2.04279 0.0245689
2.0467 0.0244496
2.05096 0.0246759
2.05691 0.0245713
2.06083 0.024455
2.06498 0.0245733
2.06922 0.0247809
2.07295 0.024474
2.077 0.024498
2.08103 0.0244924
2.08529 0.024717
2.08542 0.0248454
2.08913 0.0245288
2.09512 0.0264762
2.09524 0.0266045
2.09915 0.0244618
2.10319 0.0244631
2.10722 0.0244605
2.11135 0.0245636
2.11648 0.0256587
2.11661 0.0257871
2.12068 0.0206121
2.12126 0.025222
2.12459 0.0245236
2.12863 0.0245231
2.1326 0.0244632
2.13664 0.024469
2.14288 0.0266753
2.14682 0.0245676
2.15105 0.02476
2.15118 0.0248884
2.15483 0.0245096
2.15919 0.0248344
2.16323 0.0248403
2.16759 0.025169
2.17102 0.0245635
2.17505 0.0245659
2.18021 0.0256902
2.18534 0.0267835
2.18905 0.0244472
2.18918 0.0245756
2.19347 0.0248318
2.19852 0.0258514
2.20122 0.0245111
2.20528 0.0245446
2.20929 0.0245154
2.21336 0.0245528
2.21855 0.0257107
2.2207 0.0206301
2.22281 0.0247609
2.22294 0.0248893
2.22733 0.0252462
2.23275 0.0266263
2.23665 0.0244791
2.23678 0.0246074
2.24117 0.0249644
2.24469 0.0244567
2.24482 0.0245851
2.24879 0.0245212
2.25296 0.024656
2.25687 0.0245334
2.26095 0.0245738
2.26492 0.0245174
2.26922 0.0247805
2.27511 0.0246258
2.27915 0.0246322
2.28396 0.025403
2.28729 0.0247017
2.28806 0.0254691
2.2912 0.0245767
2.29517 0.0245174
2.29921 0.0245208
2.30325 0.0245272
2.30725 0.0244945
2.31331 0.0265205
2.31376 0.0269684
2.31652 0.023677
2.32071 0.0206432
2.32283 0.0267908
2.32695 0.0248657
2.33061 0.0244869
2.33074 0.0246153
2.33471 0.024556
2.33881 0.0246274
2.34269 0.0244708
2.34676 0.0245083
2.351 0.0247087
2.35478 0.0244583
2.36097 0.0266116
2.36487 0.0244683
2.365 0.0245967
2.36923 0.0247897
2.36936 0.0249181
2.37304 0.0245659
2.37701 0.0245095
2.37714 0.0246379
2.38102 0.0244813
2.38557 0.0249953
2.3857 0.0251237
2.38922 0.0246135
2.39345 0.024811
2.39755 0.0248801
2.40322 0.0265135
2.40335 0.0266419
2.40729 0.0245342
2.41155 0.0247583
2.41655 0.0257216
2.42094 0.0208661
2.42151 0.0254759
2.42459 0.0245208
2.42888 0.024781
2.4326 0.0244644
2.43674 0.0245675
2.44129 0.0250845
2.44478 0.0245456
2.45109 0.0268205
2.45122 0.0269489
2.45487 0.0245533
2.45882 0.0244613
2.45926 0.0249092
2.46285 0.0244631
2.46759 0.0251697
2.47099 0.024537
2.47503 0.0245434
2.47974 0.0252198
2.48397 0.0254143
2.4841 0.0255427
2.48737 0.0247787
2.49352 0.0248794
2.49365 0.0250078
2.49717 0.0244926
2.50127 0.0245588
2.5053 0.0245611
2.50927 0.0244968
2.51331 0.0244992
2.5186 0.0257543
2.52065 0.0205765
2.52276 0.0247073
2.52289 0.0248357
2.52693 0.024842
2.53058 0.0244632
2.53468 0.0245283
2.54119 0.0269982
2.54131 0.0271266
2.54478 0.0245399
2.54491 0.0246683
2.54875 0.0244801
2.54888 0.0246085
2.55308 0.0247743
2.55683 0.0244922
2.5609 0.0245326
2.56494 0.024539
2.56927 0.0248332
2.57299 0.02452
2.57921 0.0267056
2.58402 0.0254596
2.58735 0.0247583
2.59126 0.0246333
2.59523 0.024574
2.59917 0.0244796
2.6032 0.024478
2.60727 0.0245155
2.61137 0.024584
2.61657 0.0257459
2.62099 0.0209215
2.62144 0.025403
2.62157 0.0255313
2.62465 0.0245762
2.63073 0.0266265
2.63463 0.0244802
2.63476 0.0246086
2.63922 0.0250307
2.643 0.0247773
2.64678 0.0245269
2.65101 0.0247273
2.65483 0.024508
2.65919 0.0248368
2.66285 0.0244609
2.66935 0.0269303
2.67294 0.024468
2.67307 0.0245964
2.67717 0.0246644
2.68121 0.0246678
2.68543 0.0248624
2.68934 0.0247374
2.69351 0.0248692
2.69364 0.0249976
2.69847 0.0257995
2.70129 0.0245876
2.70533 0.0245905
2.71168 0.0248876
2.71399 0.0231622
2.71411 0.0232906
2.72096 0.0208947
2.72154 0.0266829
2.72263 0.0277698
2.72468 0.0246122
2.72862 0.0245183
2.73269 0.0245557
2.7367 0.0245305
2.74125 0.0250474
2.74481 0.0245713
2.74885 0.0245777
2.75302 0.0247124
2.75927 0.0269285
2.7633 0.0249136
2.76753 0.025106
2.76766 0.0252344
2.77102 0.0245667
2.77496 0.0244757
2.78015 0.0256312
2.78393 0.0253778
2.7872 0.0246138
2.79134 0.024714
2.79716 0.0265074
2.79857 0.0279139
2.80126 0.0245568
2.80521 0.0244659
2.80934 0.024565
2.81337 0.0245674
2.81856 0.0257213
2.82068 0.0206096
2.82279 0.0247404
2.82731 0.0252257
2.83065 0.0245274
2.83462 0.0244681
2.83885 0.024668
2.83898 0.0247964
2.84273 0.0245114
2.84888 0.0266267
2.85305 0.0247447
2.8568 0.0244587
2.86084 0.0244679
2.86494 0.0245399
2.86927 0.0248342
2.87299 0.024521
2.87719 0.0246863
2.88104 0.0244986
2.88725 0.0266788
2.88738 0.0268072
2.89116 0.024537
2.89539 0.024731
2.89917 0.0244777
2.8993 0.0246061
2.90329 0.0245694
2.90726 0.0245056
2.91136 0.0245741
2.91656 0.025732
2.92069 0.0206198
2.92082 0.0247817
2.92127 0.0252296
2.92463 0.0245624
2.92866 0.0245618
2.9327 0.0245681
2.93943 0.0272553
2.94308 0.0248568
2.94673 0.0244779
2.95112 0.0248339
2.95484 0.0245172
2.9592 0.024846
2.96289 0.0245012
2.96757 0.0251495
2.97097 0.0245169
2.97718 0.0266944
2.98122 0.0246811
2.98577 0.0251951
2.98942 0.0248134
2.98955 0.0249417
2.99346 0.0248168
2.99717 0.0244962
3.00121 0.0244996
3.00522 0.0244769
3.00929 0.0245138
3.01333 0.0245202
3.01868 0.0238208
3.0207 0.0206286
3.02291 0.0248561
3.02903 0.0269414
3.03274 0.024608
3.03672 0.0245477
3.04117 0.0249668
3.04476 0.0245253
3.04881 0.0245346
3.05304 0.0247315
3.05688 0.0245467
3.06086 0.0244933
3.06734 0.0269311
3.07105 0.0245967
3.07496 0.0244731
3.07509 0.0246015
3.07919 0.0246695
3.08313 0.0245741
3.08714 0.0245459
3.08726 0.0246742
3.09114 0.0245171
3.09515 0.0244918
3.09915 0.0244631
3.10525 0.0265227
3.10537 0.026651
3.10928 0.0245072
3.11329 0.0244785
3.11863 0.0257919
3.12094 0.0208713
3.12293 0.0248737
3.12693 0.024845
3.13059 0.0244662
3.13071 0.0245945
3.13469 0.0245352
3.13879 0.0246067
3.1428 0.0245785
3.14684 0.0245848
3.15107 0.0247852
3.15694 0.0266167
3.16095 0.0245741
3.16498 0.0245765
3.16921 0.0247734
3.16934 0.0249018
3.17299 0.0245225
3.17713 0.0246256
3.18104 0.0245001
3.18572 0.0251425
3.1895 0.0248892
3.19523 0.0265893
3.1992 0.0245132
3.2033 0.0245738
3.20724 0.0244789
3.21128 0.0244852
3.21657 0.0257409
3.2207 0.0206321
3.22128 0.025242
3.22461 0.0245436
3.22878 0.0246754
3.23272 0.0245845
3.2367 0.0245281
3.24112 0.0249162
3.24125 0.0250445
3.24689 0.0266508
3.25108 0.0247954
3.25487 0.024545
3.25926 0.0249009
3.26291 0.024521
3.26759 0.0251693
3.27099 0.0245327
3.27506 0.0245701
3.28019 0.0256634
3.28544 0.026885
3.28557 0.0270134
3.28935 0.0247433
3.29351 0.0248751
3.29854 0.0258636
3.30123 0.0245234
3.30523 0.0244912
3.30536 0.0246196
3.30929 0.0245201
3.31333 0.0245265
3.31878 0.0259377
3.32067 0.0206003
3.32278 0.0247311
3.3274 0.0253137
3.33061 0.024487
3.33676 0.0266024
3.34127 0.025071
3.3448 0.0245632
3.34874 0.0244723
3.35304 0.0247354
3.35689 0.0245506
3.3609 0.0245248
3.36494 0.0245312
3.36923 0.0247943
3.37516 0.0266875
3.3792 0.024677
3.384 0.0254479
3.38734 0.0247466
3.39112 0.0244932
3.39124 0.0246216
3.39522 0.0245623
3.39919 0.024503
3.40326 0.0245364
3.40723 0.0244726
3.41335 0.0265569
3.41655 0.0237134
3.42069 0.0206174
3.42082 0.0247793
3.42126 0.0252272
3.42696 0.0268918
3.43062 0.0244962
3.43074 0.0246246
3.43472 0.0245652
3.43924 0.0250495
3.44302 0.0247962
3.4468 0.0245457
3.45103 0.0247461
3.45482 0.0244957
3.45921 0.0248556
3.46498 0.0265927
3.46934 0.0248973
3.47305 0.0245802
3.47716 0.0246522
3.48119 0.0246556
3.48542 0.0248501
3.4892 0.0245967
3.49343 0.0247942
3.49849 0.0258218
3.50324 0.0265323
3.50337 0.0266607
3.50731 0.024553
3.51144 0.0246526
3.51663 0.0258065
3.52073 0.0206632
3.52131 0.025273
3.52458 0.024509
3.52906 0.0249603
3.53272 0.0245815
3.5367 0.0245251
3.54125 0.0250421
3.5448 0.024566
3.54875 0.024475
3.55486 0.0265593
3.55499 0.0266877
3.55925 0.0248984
3.56329 0.0249043
3.56752 0.0251007
3.56765 0.0252291
3.57099 0.0245302
3.57506 0.0245677
3.57977 0.0252441
3.58399 0.0254387
3.58746 0.0248658
3.59364 0.0270143
3.59719 0.0245175
3.60123 0.0245209
3.60536 0.0246171
3.60923 0.0244594
3.6133 0.0244969
3.61856 0.025717
3.62067 0.0206053
3.62292 0.0248645
3.62689 0.0248046
3.62734 0.0252525
3.63067 0.0245542
3.63468 0.024526
3.63891 0.0247259
3.64481 0.0265889
3.64885 0.0245785
3.65315 0.0248416
3.6568 0.0244623
3.65693 0.0245907
3.66091 0.0245338
3.66495 0.0245401
3.66927 0.0248344
3.67299 0.0245212
3.67726 0.0247527
3.68402 0.0274775
3.68735 0.0247595
3.68844 0.0258464
3.69126 0.0246345
3.69523 0.0245712
3.69926 0.0245741
3.70323 0.0245103
3.7073 0.0245438
3.71137 0.0245812
3.71657 0.0257431
3.7207 0.0206303
3.72083 0.0247922
3.72128 0.0252401
3.72464 0.0245729
3.72868 0.0245723
3.73473 0.0265909
3.73928 0.0250896
3.74293 0.0247078
3.74684 0.0245858
3.75101 0.02472
3.75485 0.0245318
3.75922 0.0248605
3.76287 0.0244847
3.76755 0.025133
3.77307 0.0266098
3.77717 0.0246611
3.7812 0.0246645
3.78543 0.024859
3.78934 0.024734
3.79351 0.0248658
3.79847 0.0257922
3.80116 0.0244519
3.80129 0.0245803
3.80535 0.0246143
3.81164 0.026862
3.81413 0.0233104
3.81868 0.0238258
3.81881 0.0239542
3.82067 0.0205985
3.82471 0.0266551
3.82862 0.0245134
3.82874 0.0246418
3.83266 0.0245197
3.83663 0.0244634
3.83676 0.0245917
3.84112 0.0249176
3.84125 0.025046
3.84471 0.024476
3.84878 0.0245135
3.85308 0.0247766
3.8568 0.0244635
3.8633 0.0269284
3.86753 0.0251081
3.86766 0.0252364
3.87093 0.0244714
3.87497 0.0244778
3.87913 0.0246125
3.88407 0.0255117
3.88721 0.0246193
3.89121 0.0245911
3.89134 0.0247195
3.89538 0.0247229
3.90127 0.0265791
3.90537 0.0246314
3.90934 0.024567
3.91328 0.0244761
3.91878 0.0259421
3.92096 0.0208931
3.92327 0.025215
3.92689 0.0248011
3.92734 0.025249
3.93067 0.0245507
3.93468 0.0245225
3.93885 0.0246601
3.94269 0.0244724
3.94673 0.0244748
3.95314 0.0268509
3.95692 0.0245832
3.96096 0.0245885
3.96487 0.0244659
3.9693 0.0248574
3.97302 0.0245443
3.97702 0.024519
3.97715 0.0246474
3.98113 0.0245881
3.98567 0.0251021
3.99125 0.0266433
3.99138 0.0267717
3.99522 0.0245672
3.99926 0.0245701
4.00319 0.0244712
4.00723 0.0244752
4.0114 0.0246099
4.01656 0.0257328
4.02069 0.020624
4.02082 0.0247859
4.02454 0.0244727
4.02877 0.0246628
4.03268 0.0245407
4.03669 0.0245154
4.04293 0.0267257
4.04684 0.0245863
4.05107 0.0247822
4.0512 0.0249106
4.05492 0.024594
4.05892 0.0245682
4.06357 0.0251814
4.06729 0.0248678
4.07098 0.024523
4.07496 0.0244695
4.08111 0.0265889
4.08547 0.0248979
4.08919 0.0245818
4.09332 0.0246815
4.09821 0.0255396
4.10129 0.0245845
4.10526 0.0245231
4.1093 0.0245284
4.11334 0.0245347
4.11853 0.0256921
4.11866 0.0258205
4.12074 0.0206737
4.12299 0.0249329
4.12747 0.0253871
4.13273 0.0266077
4.13676 0.0245928
4.14118 0.0249809
4.14474 0.0245042
4.14487 0.0246326
4.14881 0.0245377
4.15298 0.0246725
4.15689 0.0245499
4.16093 0.0245592
4.16491 0.0245028
4.17103 0.0265905
4.17506 0.0245761
4.17923 0.0247108
4.18407 0.0255128
4.1874 0.0248115
4.19121 0.0245892
4.19528 0.0246237
4.19935 0.0246582
4.20326 0.0245362
4.20931 0.0265543
4.20944 0.0266827
4.21335 0.0245439
4.21656 0.0237171
4.22069 0.0206211
4.2228 0.0267687
4.22293 0.0268971
4.22735 0.0252644
4.23059 0.0244688
4.23072 0.0245972
4.23469 0.0245379
4.23912 0.0249289
4.2427 0.0244844
4.24681 0.0245529
4.25104 0.0247533
4.25482 0.0245029
4.26095 0.0265941
4.26498 0.0245797
4.26924 0.0248037
4.27306 0.0245839
4.27703 0.0245275
4.27716 0.0246559
4.28107 0.0245304
4.28562 0.0250444
4.2894 0.0247911
4.29369 0.0250512
4.29382 0.0251796
4.29923 0.0265608
4.29936 0.0266892
4.30327 0.0245424
4.30734 0.0245799
4.31144 0.0246484
4.31663 0.0258023
4.3207 0.0206279
4.32127 0.0252377
4.32461 0.0245394
4.32877 0.0246712
4.33269 0.0245491
4.33676 0.024586
4.34121 0.0250057
4.3448 0.0245642
4.35118 0.0269052
4.35486 0.0245407
4.35883 0.0244798
4.35928 0.0249277
4.36287 0.0244817
4.36761 0.0251922
4.37101 0.0245595
4.37505 0.0245659
4.38021 0.0256902
4.38412 0.0255653
4.38938 0.0267869
4.39354 0.0249019
4.39853 0.0258554
4.40122 0.0245151
4.40522 0.0244829
4.40929 0.0245199
4.41333 0.0245222
4.41878 0.0259374
4.41891 0.0260658
4.42067 0.0206
4.42278 0.0247308
4.42291 0.0248592
4.42695 0.0248656
4.43061 0.0244867
4.43471 0.0245518
4.44121 0.0270218
4.44134 0.0271502
4.44483 0.0245946
4.44874 0.0244725
4.44887 0.0246009
4.45317 0.024864
4.45688 0.0245469
4.46093 0.0245562
4.46497 0.024562
4.46926 0.0248251
4.47298 0.024512
4.47923 0.0267286
4.48404 0.0254826
4.48737 0.0247814
4.49115 0.024528
4.49513 0.0244687
4.49525 0.0245971
4.49922 0.0245343
4.50326 0.0245327
4.50729 0.0245351
4.51139 0.0246036
4.51652 0.0256993
4.52069 0.0206216
4.52082 0.0247835
4.52127 0.0252314
4.5246 0.0245331
4.53075 0.0266455
4.53472 0.0245694
4.53928 0.0250888
4.54306 0.0248354
4.54684 0.024585
4.55101 0.0247192
4.55488 0.0245621
4.55925 0.0248909
4.56354 0.025154
4.56934 0.0269188
4.57306 0.0245888
4.57713 0.0246258
4.58117 0.0246292
4.5813 0.0247576
4.5854 0.0248237
4.5893 0.0246987
4.5935 0.0248616
4.59847 0.0257919
4.60161 0.0248996
4.60734 0.0266026
4.61157 0.0247828
4.6117 0.0249112
4.61401 0.0231857
4.61414 0.0233141
4.62099 0.0209223
4.62157 0.0267104
4.62458 0.0245113
4.62471 0.0246397
4.62894 0.0248342
4.63269 0.0245487
4.63672 0.0245545
4.64128 0.0250715
4.6448 0.0245643
4.64874 0.0244733
4.65313 0.0248298
4.65926 0.0269175
4.66329 0.0249026
4.66755 0.0251261
4.67104 0.0245868
4.67498 0.0244958
4.68017 0.0256513
4.68395 0.0253979
4.68735 0.0247623
4.69136 0.0247341
4.69849 0.0278367
4.69862 0.0279651
4.70163 0.0249275
4.70526 0.0245171
4.70935 0.0245811
4.71329 0.0244862
4.71877 0.025933
4.72095 0.0208841
4.72307 0.0250149
4.72736 0.0252745
4.7307 0.0245762
4.73473 0.0245791
4.73893 0.0247479
4.74278 0.0245601
4.74884 0.0265822
4.75313 0.0248286
4.75682 0.0244803
4.75695 0.0246087
4.76086 0.0244856
4.76496 0.0245576
4.76929 0.0248519
4.77301 0.0245387
4.77721 0.024704
4.78106 0.0245163
4.78727 0.0266965
4.79118 0.0245547
4.79525 0.0245887
4.79928 0.0245916
4.80319 0.0244616
4.80331 0.02459
4.80728 0.0245262
4.81139 0.0245948
4.81658 0.0257526
4.821 0.0209288
4.82157 0.0255386
4.82459 0.0245178
4.82904 0.0249341
4.83269 0.0245552
4.83929 0.027118
4.83942 0.0272464
4.84307 0.0248478
4.84679 0.0245312
4.85108 0.0247899
4.85121 0.0249182
4.85486 0.0245394
4.85922 0.0248682
4.86358 0.0251935
4.86756 0.0251372
4.87096 0.0245045
4.87714 0.0266549
4.88118 0.0246416
4.88131 0.02477
4.88541 0.0248361
4.88932 0.0247111
4.89348 0.0248429
4.8972 0.0245263
4.90124 0.0245297
4.90524 0.0245015
4.90537 0.0246299
4.90931 0.0245384
4.91406 0.0252494
4.9187 0.0238454
4.92075 0.0206843
4.92287 0.0248151
4.923 0.0249434
4.9287 0.026612
4.9327 0.0245665
4.93665 0.024475
4.93677 0.0246034
4.94116 0.0249603
4.94129 0.0250887
4.94472 0.0244837
4.94882 0.0245523
4.95305 0.0247492
4.9569 0.0245644
4.96095 0.0245737
4.96764 0.0272343
4.97104 0.0245809
4.97504 0.0245521
4.97921 0.0246869
4.98404 0.0254888
4.98738 0.0247875
4.99109 0.0244714
4.99122 0.0245998
4.99526 0.0246032
4.99949 0.0247972
5.00533 0.0266038
5.0093 0.0245267
5.01331 0.024498
5.01865 0.0258114
5.02077 0.0206997
5.02275 0.0247015
5.02692 0.0248323
5.02737 0.0252802
5.0307 0.0245819
5.03468 0.0245226
5.03885 0.0246602
5.04282 0.0246009
5.04683 0.0245756
5.05106 0.0247715
5.05702 0.0266963
5.06096 0.024587
5.0649 0.0244961
5.06503 0.0246245
5.06936 0.0249182
5.07304 0.0245729
5.07705 0.0245466
5.08109 0.0245529
5.08535 0.0247815
5.08923 0.0246249
5.09522 0.0265802
5.09919 0.0245041
5.10332 0.0245948
5.10726 0.0245028
5.11137 0.0245748
5.11653 0.0257011
5.12076 0.0206856
5.12088 0.0248475
5.1246 0.0245315
5.12877 0.0246633
5.12889 0.0247916
5.13271 0.0245723
5.13675 0.0245781
5.14123 0.0250289
5.14691 0.0266698
5.15117 0.0248805
5.15482 0.0245017
5.15928 0.0249238
5.1629 0.0245128
5.16765 0.0252233
5.17101 0.0245556
5.17508 0.0245931
5.18024 0.0257174
5.18549 0.0269391
5.1894 0.0247973
5.19353 0.024894
5.19842 0.0257502
5.19855 0.0258786
5.20125 0.0245383
5.20528 0.0245367
5.20934 0.0245657
5.21405 0.0252422
5.21854 0.0256954
5.21866 0.0258237
5.22075 0.020677
5.22286 0.0248078
5.22735 0.025262
5.22748 0.0253904
5.23068 0.0245637
5.23673 0.0265778
5.24122 0.0250153
5.24484 0.0246048
5.24878 0.0245099
5.25298 0.0246757
5.25692 0.0245843
5.26093 0.0245585
5.26497 0.0245648
5.26933 0.0248902
5.2751 0.0266238
5.2793 0.0247729
5.2841 0.0255437
5.28839 0.0258009
5.29121 0.024589
5.29538 0.0247208
5.29922 0.0245331
5.30326 0.0245355
5.30736 0.0246001
5.31338 0.0265871
5.31658 0.0237436
5.32097 0.0209014
5.32155 0.0255112
5.32759 0.0275229
5.3307 0.0245822
5.33464 0.0244878
5.33477 0.0246161
5.33903 0.0248471
5.34307 0.0248505
5.34685 0.0246001
5.35105 0.0247654
5.35484 0.024515
5.35923 0.0248749
5.36497 0.0265814
5.36932 0.024886
5.37304 0.0245728
5.37715 0.0246448
5.38119 0.0246482
5.38545 0.0248739
5.38923 0.0246205
5.39346 0.024818
5.39851 0.0258416
5.40329 0.0265792
5.40733 0.0245688
5.41143 0.0246373
5.41656 0.0257335
5.42076 0.0206875
5.42089 0.0248494
5.42133 0.0252973
5.4246 0.0245333
5.42877 0.0246651
5.43268 0.0245431
5.43675 0.02458
5.44101 0.0248086
5.44114 0.0249369
5.44483 0.0245892
5.44877 0.0244983
5.45489 0.0265825
5.45925 0.0248906
5.46363 0.025243
5.46767 0.0252489
5.47097 0.0245189
5.47505 0.0245564
5.4794 0.0248822
5.48017 0.0256496
5.48408 0.0255246
5.48735 0.0247606
5.49366 0.0270376
5.49849 0.0258188
5.50119 0.0244785
5.50532 0.0245781
5.50926 0.0244827
5.51336 0.0245513
5.5188 0.0259625
5.52098 0.0209135
5.5231 0.0250443
5.52697 0.0248872
5.53063 0.0245083
5.53473 0.0245774
5.53896 0.0247773
5.54483 0.0266053
5.54887 0.0245949
5.55316 0.024858
5.55694 0.0246031
5.56089 0.024515
5.56499 0.0245871
5.56932 0.0248813
5.57304 0.0245681
5.57721 0.0247023
5.57734 0.0248307
5.58406 0.0275245
5.5874 0.0248064
5.59118 0.024553
5.59524 0.024587
5.59918 0.0244926
5.60328 0.0245612
5.60732 0.0245596
5.61132 0.0245309
5.61661 0.025786
5.62097 0.020896
5.62154 0.0255058
5.62462 0.0245507
5.62872 0.0246124
5.63474 0.0266038
5.63926 0.0250714
5.64272 0.0244985
5.64285 0.0246269
5.64679 0.0245359
5.65105 0.0247674
5.6549 0.0245792
5.65923 0.0248729
5.66356 0.0251672
5.66753 0.0251108
5.67305 0.0265916
5.67715 0.0246429
5.68119 0.0246463
5.68573 0.0251603
5.68586 0.0252887
5.68951 0.024907
5.69355 0.0249104
5.69851 0.0258407
5.70121 0.0245004
5.70165 0.0249483
5.70531 0.0245689
5.71168 0.026906
5.71181 0.0270344
5.71431 0.0234833
5.71905 0.0241938
5.72097 0.0209048
5.72476 0.0267047
5.72867 0.0245629
5.73274 0.0246004
5.73675 0.0245751
5.7411 0.0249009
5.74123 0.0250293
5.74476 0.0245216
5.74883 0.0245591
5.753 0.0246938
5.75313 0.0248222
5.75685 0.024509
5.76361 0.0272392
5.76761 0.0251932
5.77095 0.0244943
5.77108 0.0246227
5.77499 0.0245007
5.77916 0.0246354
5.78409 0.0255346
5.7871 0.0245138
5.78723 0.0246422
5.79124 0.024614
5.79527 0.0246174
5.80164 0.0269526
5.80533 0.0245881
5.80933 0.0245588
5.8134 0.0245963
5.81866 0.0258164
5.82097 0.0208958
5.82295 0.0248982
5.82692 0.0248344
5.82737 0.0252823
5.8307 0.024584
5.83471 0.0245557
5.83913 0.0249467
5.84278 0.0245645
5.84676 0.0245046
5.8531 0.0268146
5.85323 0.026943
5.85688 0.0245429
5.86086 0.024486
5.86099 0.0246144
5.86489 0.0244883
5.86502 0.0246167
5.86932 0.0248798
5.87304 0.0245667
5.87711 0.0246036
5.88108 0.0245443
5.88121 0.0246727
5.88576 0.0251867
5.89121 0.0265995
5.89133 0.0267279
5.89537 0.0247145
5.89922 0.0245268
5.90331 0.0245874
5.90725 0.0244885
5.91141 0.0246233
5.91657 0.0257506
5.921 0.0209302
5.92158 0.02554
5.92459 0.0245192
5.92872 0.0246159
5.93263 0.0244939
5.9367 0.0245308
5.94285 0.0266472
5.94676 0.0245084
5.94689 0.0246368
5.95109 0.0248021
5.95122 0.0249305
5.95487 0.0245517
5.95924 0.0248805
5.96359 0.0252058
5.9675 0.0250832
5.96763 0.0252116
5.97094 0.0244817
5.97511 0.0246164
5.98126 0.0267328
5.98548 0.0249106
5.98939 0.0247856
5.99355 0.0249134
5.99842 0.0257425
5.99854 0.0258709
6.00124 0.0245306
6.00528 0.0245348
6.00938 0.0246028
6.01342 0.0246092
6.01858 0.025736
6.02076 0.0206865
6.02294 0.0248829
6.02742 0.0253372
6.03271 0.0265889
6.03348 0.0273563
6.03674 0.024574
6.04123 0.0250282
6.04476 0.0245205
6.04489 0.0246489
6.04886 0.024592
6.05303 0.0247227
6.05694 0.0246002
6.06095 0.0245778
6.06499 0.0245842
6.07104 0.0266052
6.07505 0.0245621
6.07941 0.0248835
6.07953 0.0250118
6.08315 0.0245974
6.08709 0.024503
6.09119 0.0245721
6.09523 0.024574
6.09927 0.0245768
6.10334 0.0246133
6.10936 0.0265987
6.1134 0.0245882
6.11654 0.0236988
6.11667 0.0238272
6.12099 0.0209228
6.12298 0.026942
6.12311 0.0270704
6.12736 0.0252742
6.13073 0.024607
6.13476 0.0246099
6.13916 0.0249698
6.14307 0.0248448
6.14684 0.0245904
6.15104 0.0247557
6.15483 0.0245053
6.16095 0.0265925
6.16498 0.0245781
6.16937 0.0249345
6.17306 0.0245863
6.1771 0.0245921
6.1811 0.0245639
6.18578 0.0252063
6.18943 0.0248246
6.19417 0.0255326
6.19924 0.0265632
6.19936 0.0266916
6.2033 0.0245759
6.20737 0.0246094
6.21153 0.0247441
6.21666 0.0258358
6.22073 0.0206614
6.22131 0.0252712
6.22464 0.0245729
6.22909 0.0249891
6.23275 0.0246103
6.23676 0.024585
6.24124 0.0250358
6.24486 0.0246253
6.25121 0.0269353
6.25489 0.0245708
6.25887 0.0245139
6.26364 0.025252
6.26758 0.0251606
6.27105 0.0245901
6.27499 0.0244992
6.27512 0.0246275
6.28024 0.0257208
6.28402 0.0254674
6.28415 0.0255958
6.28941 0.0268175
6.29357 0.0249325
6.29853 0.0258549
6.30122 0.0245146
6.30535 0.0246103
6.30935 0.024581
6.31336 0.0245523
6.31864 0.0258035
6.32098 0.020914
6.3231 0.0250448
6.32701 0.0249227
6.33066 0.0245439
6.33473 0.0245779
6.3413 0.0271101
6.34476 0.0245233
6.34489 0.0246517
6.3488 0.0245297
6.3531 0.0247928
6.35685 0.0245108
6.36095 0.0245822
6.36499 0.0245886
6.36935 0.0249139
6.37307 0.0246008
6.38018 0.0276786
6.38409 0.0255369
6.38742 0.0248356
6.39121 0.0245822
6.39537 0.024714
6.39925 0.0245574
6.40328 0.0245598
6.40732 0.0245622
6.41142 0.0246307
6.41655 0.0257269
6.421 0.0209342
6.42158 0.025544
6.42466 0.0245889
6.4308 0.0267013
6.43477 0.0246213
6.43926 0.0250745
6.44285 0.02463
6.44676 0.0245079
6.44689 0.0246363
6.45099 0.0247044
6.4549 0.0245783
6.45926 0.0249071
6.46356 0.0251702
6.46933 0.0269039
6.46945 0.0270323
6.47305 0.024574
6.47712 0.0246109
6.48128 0.0247427
6.48551 0.0249372
6.48929 0.0246839
6.49346 0.0248156
6.49851 0.0258393
6.50165 0.0249469
6.50732 0.0265832
6.51175 0.024958
6.51406 0.0232325
6.52098 0.0209069
6.52155 0.0266951
6.52463 0.0245616
6.52867 0.024565
6.53271 0.0245713
6.53669 0.0245149
6.54124 0.0250319
6.54476 0.0245242
6.5488 0.0245305
6.55316 0.0248559
6.55925 0.0269125
6.56361 0.0252171
6.56757 0.0251527
6.57107 0.0246134
6.57507 0.0245846
6.5802 0.0256779
6.58398 0.0254245
6.58725 0.0246605
6.59145 0.0248234
6.59852 0.0278598
6.60121 0.0245028
6.60534 0.024599
6.60937 0.0246008
6.61331 0.0245059
6.61863 0.0257887
6.621 0.0209303
6.62311 0.0250611
6.62738 0.0252897
6.63071 0.0245914
6.63475 0.0245943
6.63885 0.0246658
6.63898 0.0247941
6.64283 0.0246064
6.64888 0.0266245
6.65318 0.0248709
6.65695 0.0246159
6.66099 0.0246213
6.66503 0.0246276
6.66936 0.0249218
6.67305 0.0245736
6.67724 0.0247389
6.68109 0.0245512
6.68122 0.0246796
6.6873 0.0267314
6.69121 0.0245896
6.69531 0.0246552
6.69929 0.0245959
6.70322 0.024497
6.70732 0.0245616
6.71142 0.0246302
6.71655 0.0257264
6.72072 0.0206492
6.72129 0.025259
6.72463 0.0245607
6.72908 0.0249729
6.73273 0.0245941
6.73926 0.0270946
6.73939 0.027223
6.74285 0.0246334
6.74676 0.0245074
6.74689 0.0246358
6.75112 0.0248322
6.7549 0.0245817
6.75927 0.0249105
6.76362 0.0252359
6.76753 0.0251133
6.77097 0.0245117
6.77712 0.0266271
6.78128 0.0247421
6.78551 0.0249367
6.78942 0.0248117
6.79345 0.0248151
6.79851 0.0258387
6.80121 0.0244984
6.80165 0.0249463
6.80534 0.0245981
6.80934 0.0245688
6.81409 0.0252798
6.81892 0.0240669
6.81905 0.0241953
6.82098 0.0209063
6.82309 0.0250371
6.82322 0.0251655
6.8288 0.0267096
6.83271 0.0245708
6.83672 0.0245455
6.84127 0.0250624
6.84476 0.0245236
6.84886 0.0245922
6.85306 0.024758
6.85684 0.024507
6.86095 0.0245785
6.86764 0.0272391
6.87104 0.0245857
6.87511 0.0246191
6.88017 0.0256462
6.88408 0.0255212
6.88741 0.02482
6.89119 0.0245666
6.89523 0.02457
6.89535 0.0246984
6.89939 0.0247018
6.90535 0.0266311
6.90933 0.0245579
6.91404 0.0252344
6.91865 0.025812
6.92077 0.0207003
6.92276 0.0247027
6.92692 0.0248335
6.93073 0.0246141
6.93474 0.0245859
6.93888 0.0246885
6.94272 0.0245008
6.94676 0.0245072
6.95105 0.0247658
6.95691 0.0265933
6.96095 0.0245818
6.96502 0.0246193
6.96894 0.0244967
6.96938 0.0249446
6.97304 0.0245652
6.97714 0.0246372
6.98112 0.0245779
6.98579 0.0252204
6.98944 0.0248386
6.98957 0.024967
6.99524 0.0266049
6.99922 0.0245288
7.00331 0.0245894
7.00736 0.0245983
7.0114 0.0246046
7.01652 0.0256963
7.01665 0.0258247
7.02078 0.0207119
7.02091 0.0248739
7.02466 0.0245918
7.02908 0.0249729
7.0292 0.0251013
7.03273 0.0245941
7.03674 0.0245688
7.04125 0.0250507
7.0469 0.02666
7.05119 0.0249053
7.05485 0.0245265
7.05498 0.0246548
7.05898 0.0246291
7.06357 0.0251801
7.06767 0.0252521
7.07107 0.0246154
7.07508 0.0245931
7.07963 0.025109
7.08549 0.026937
7.08921 0.0246041
7.09341 0.024766
7.09855 0.0258814
7.10122 0.0245095
7.10535 0.0246076
7.10935 0.0245778
7.11339 0.0245842
7.11858 0.0257375
7.12098 0.0209103
7.12309 0.0250411
7.12745 0.0253669
7.13066 0.0245402
7.13674 0.0265894
7.13687 0.0267178
7.14129 0.0250896
7.14482 0.0245824
7.14889 0.0246198
7.15309 0.0247857
7.15693 0.0245969
7.16097 0.0246022
7.16501 0.0246046
7.16937 0.0249299
7.17523 0.0267609
7.17927 0.0247504
7.18408 0.0255212
7.18741 0.02482
7.19119 0.0245666
7.19535 0.0246984
7.19926 0.0245734
7.20333 0.0246069
7.20734 0.0245782
7.21339 0.0265962
7.21659 0.0237528
7.22101 0.0209417
7.22159 0.0255515
7.22741 0.027341
7.23075 0.0246259
7.23478 0.0246288
7.23934 0.0251482
7.24299 0.0247664
7.24312 0.0248948
7.2468 0.0245471
7.25107 0.0247786
7.25485 0.0245281
7.2593 0.0249502
7.26501 0.0266177
7.26936 0.0249223
7.27308 0.0246091
7.27712 0.024615
7.28129 0.0247468
7.28551 0.0249413
7.28917 0.0245595
7.29372 0.0250765
7.29845 0.0257811
7.30332 0.026616
7.30736 0.0246022
7.31153 0.0247369
7.31662 0.0257975
7.32101 0.0209426
7.32159 0.0255524
7.3247 0.0246284
7.3288 0.024694
7.33271 0.0245719
7.33675 0.0245778
7.34126 0.0250597
7.34489 0.0246492
7.3488 0.0245272
7.35492 0.0266114
7.35927 0.0249155
7.36366 0.0252719
7.36757 0.0251454
7.371 0.0245438
7.37507 0.0245773
7.38022 0.0257017
7.384 0.0254483
7.38743 0.0248438
7.39358 0.0269612
7.39854 0.0258668
7.40155 0.024846
7.40533 0.0245911
7.4094 0.0246241
7.4134 0.0245953
7.41866 0.0258154
7.421 0.0209259
7.42311 0.0250567
7.42702 0.0249307
7.43067 0.0245519
7.43477 0.024621
7.43888 0.0246925
7.43901 0.0248209
7.44487 0.0266489
7.44891 0.0246384
7.45311 0.0248043
7.45695 0.0246155
7.461 0.0246248
7.465 0.0245961
7.46936 0.0249214
7.47308 0.0246043
7.47721 0.0247074
7.47734 0.0248358
7.48407 0.0275295
7.4874 0.0248115
7.49118 0.0245581
7.49534 0.0246859
7.49547 0.0248143
7.49932 0.0246266
7.50332 0.0245979
7.50735 0.0245963
7.51142 0.0246337
7.51655 0.0257254
7.51668 0.0258538
7.521 0.0209327
7.52158 0.0255425
7.52466 0.0245874
7.52875 0.024649
7.53478 0.0266405
7.53926 0.025073
7.54285 0.0246285
7.54682 0.0245686
7.55109 0.0248001
7.55493 0.0246119
7.55929 0.0249367
7.56365 0.0252581
7.56756 0.0251355
7.57307 0.0266124
7.57711 0.0246014
7.58114 0.0246048
7.58127 0.0247332
7.5855 0.0249278
7.58928 0.0246744
7.59348 0.0248373
7.59853 0.0258609
7.60123 0.0245206
7.60168 0.0249685
7.60536 0.0246203
7.6117 0.0269302
7.61433 0.0235075
7.61879 0.0239296
7.62097 0.0208974
7.62475 0.0266973
7.62866 0.0245555
7.63276 0.0246241
7.6368 0.0246299
7.64112 0.0249212
7.64125 0.0250496
7.64478 0.0245418
7.64888 0.0246104
7.65305 0.0247451
7.65318 0.0248735
7.6569 0.0245604
7.66363 0.0272555
7.66766 0.0252406
7.67109 0.024635
7.6751 0.0246063
7.67913 0.0246126
7.67926 0.024741
7.6841 0.0255429
7.68711 0.0245222
7.68724 0.0246506
7.69141 0.0247823
7.69531 0.0246574
7.70155 0.0268641
7.70168 0.0269925
7.70534 0.0245969
7.70937 0.0245988
7.71405 0.0252442
7.71869 0.0258529
7.721 0.0209323
7.72299 0.0249347
7.72737 0.0252877
7.73071 0.0245893
7.73475 0.0245922
7.73888 0.0246948
7.74273 0.0245071
7.74679 0.0245406
7.75314 0.0268505
7.75327 0.0269789
7.75695 0.0246099
7.76099 0.0246192
7.76503 0.0246256
7.76933 0.0248887
7.77308 0.0246066
7.77712 0.0246125
7.78112 0.0245842
7.7858 0.0252267
7.79125 0.0266394
7.79544 0.0247856
7.79929 0.0245979
7.80332 0.0245963
7.80738 0.0246258
7.81142 0.0246321
7.81661 0.0257905
7.82072 0.0206472
7.82129 0.025257
7.82466 0.0245897
7.82875 0.0246514
7.83267 0.0245293
7.83677 0.0245974
7.84286 0.0266516
7.8469 0.0246412
7.85122 0.0249349
7.85488 0.024556
7.85927 0.0249159
7.86363 0.0252413
7.86722 0.0247992
7.86767 0.0252471
7.87107 0.0246104
7.87514 0.0246479
7.88135 0.0268305
7.88558 0.0250082
7.88936 0.0247549
7.89343 0.0247894
7.89356 0.0249178
7.89845 0.0257739
7.89858 0.0259023
7.90159 0.0248816
7.90534 0.0245955
7.90938 0.0246014
7.91405 0.0252467
7.91857 0.025731
7.9187 0.0258594
7.92097 0.0209037
7.92322 0.0251629
7.92748 0.0253915
7.93283 0.0246926
7.93674 0.0245661
7.94129 0.0250831
7.94481 0.0245758
7.94882 0.0245471
7.95302 0.0247129
7.95696 0.0246215
7.96087 0.0245024
7.96494 0.0245398
7.97106 0.0266236
7.9751 0.0246092
7.97523 0.0247376
7.97927 0.0247439
7.98407 0.0255147
7.9874 0.0248135
7.99121 0.0245912
7.99531 0.0246568
7.99928 0.024594
8.00335 0.0246275
8.00938 0.0266245
8.01342 0.0246141
8.01663 0.0237874
8.02101 0.0209452
8.02294 0.0269016
8.02738 0.0252961
8.03075 0.0246289
8.03479 0.0246318
8.03889 0.0246993
8.04286 0.02464
8.04687 0.0246147
8.05113 0.0248417
8.05494 0.0246224
8.06097 0.0266117
8.06109 0.0267401
8.065 0.0245974
8.06936 0.0249227
8.07305 0.0245774
8.07706 0.0245511
8.08119 0.0246507
8.08535 0.024782
8.08548 0.0249104
8.08917 0.0245592
8.09356 0.0249157
8.09926 0.0265836
8.09939 0.026712
8.10335 0.0246264
8.10738 0.0246278
8.11149 0.0246998
8.11662 0.025791
8.12104 0.0209671
8.12161 0.0255769
8.12463 0.0245562
8.12911 0.0250075
8.13277 0.0246286
8.13677 0.0246034
8.14126 0.0250542
8.14491 0.0246753
8.15122 0.0249294
8.15493 0.0246128
8.1593 0.0249416
8.16362 0.0252358
8.1676 0.0251795
8.16773 0.0253079
8.1711 0.0246401
8.17501 0.0245181
8.17514 0.0246464
8.18039 0.0258681
8.18404 0.0254863
8.18417 0.0256147
8.1893 0.026708
8.19359 0.0249514
8.19858 0.0259049
8.20159 0.0248841
8.20537 0.0246292
8.20937 0.0245999
8.21408 0.0252764
8.21867 0.0258269
8.22101 0.0209374
8.22312 0.0250682
8.22738 0.0252967
8.23072 0.0245984
8.23683 0.0266787
8.24125 0.0250505
8.24488 0.0246401
8.24888 0.0246113
8.25302 0.024711
8.2569 0.0245573
8.261 0.0246248
8.26503 0.0246272
8.26939 0.0249525
8.27311 0.0246354
8.2793 0.0267898
8.2841 0.0255439
8.28743 0.0248426
8.29121 0.0245892
8.29538 0.024721
8.29929 0.0245955
8.30335 0.024629
8.30736 0.0246003
8.31149 0.0246999
8.31659 0.0257645
8.32101 0.0209367
8.32158 0.0255465
8.32744 0.0273671
8.33077 0.024652
8.33481 0.0246549
8.33933 0.0251431
8.34298 0.0247614
8.34311 0.0248898
8.34689 0.0246393
8.35103 0.0247424
8.35494 0.0246204
8.35889 0.0245324
8.36357 0.0251772
8.36936 0.0249212
8.37307 0.0245962
8.37711 0.024602
8.38127 0.0247338
8.3814 0.0248622
8.3855 0.0249283
8.38928 0.0246749
8.39357 0.0249351
8.3937 0.0250635
8.39758 0.0249069
8.40162 0.0249103
8.40738 0.0266405
8.41155 0.0247585
8.41168 0.0248869
8.41664 0.0258191
8.42103 0.0209641
8.42161 0.025574
8.42469 0.0246188
8.42873 0.0246222
8.43267 0.0245313
8.4328 0.0246597
8.4368 0.0246344
8.44126 0.0250541
8.44478 0.0245469
8.44888 0.0246115
8.45493 0.0266295
8.45928 0.0249296
8.46364 0.025251
8.46758 0.0251595
8.46771 0.0252879
8.47098 0.0245269
8.47505 0.0245603
8.47954 0.0250146
8.48396 0.0254002
8.48742 0.0248274
8.49133 0.0247024
8.49145 0.0248308
8.49855 0.0278983
8.50157 0.0248607
8.50531 0.0245747
8.50941 0.0246387
8.51332 0.0245167
8.51868 0.0258346
8.52101 0.0209451
8.52313 0.0250759
8.52739 0.0253005
8.53072 0.0246022
8.53476 0.0246051
8.53921 0.0250272
8.53934 0.0251555
8.54488 0.0266646
8.54892 0.0246541
8.55322 0.0249173
8.55694 0.0246001
8.56098 0.0246094
8.56502 0.0246158
8.56938 0.0249411
8.5731 0.0246279
8.57724 0.024731
8.57736 0.0248594
8.58108 0.0245433
8.58121 0.0246717
8.5873 0.0247067
8.5912 0.0245817
8.59533 0.0246785
8.59546 0.0248069
8.59931 0.0246191
8.60334 0.0246215
8.60738 0.0246199
8.61145 0.0246574
8.61657 0.0257491
8.62103 0.0209563
8.6216 0.0255661
8.62468 0.024611
8.62878 0.0246727
8.6289 0.0248011
8.63483 0.0266952
8.63928 0.0250966
8.64287 0.0246521
8.64682 0.0245612
8.65111 0.0248238
8.65489 0.0245733
8.65931 0.0249604
8.66364 0.0252546
8.66758 0.0251631
8.67306 0.0266049
8.67319 0.0267333
8.6771 0.024594
8.68126 0.0247258
8.68549 0.0249203
8.68927 0.0246669
8.6894 0.0247953
8.6935 0.0248609
8.69856 0.0258846
8.70157 0.0248638
8.70529 0.0245467
8.70939 0.0246147
8.71432 0.0255168
8.71445 0.0256452
8.71865 0.0237938
8.71878 0.0239222
8.72099 0.0209211
8.72477 0.0267209
8.72868 0.0245792
8.73272 0.0245855
8.73673 0.0245602
8.74131 0.0251083
8.74484 0.0246011
8.74891 0.0246346
8.75307 0.0247693
8.7532 0.0248977
8.75692 0.0245845
8.76365 0.0272757
8.76765 0.0252297
8.77105 0.024593
8.77509 0.0245994
8.77945 0.0249252
8.78412 0.0255676
8.78726 0.0246752
8.7913 0.0246747
8.79521 0.0245497
8.79533 0.0246781
8.79937 0.0246815
8.80537 0.0246251
8.80937 0.0245958
8.81341 0.0246022
8.81866 0.0258223
8.82078 0.0207106
8.82309 0.0250325
8.82693 0.0248443
8.82738 0.0252922
8.83071 0.0245938
8.83478 0.0246278
8.83921 0.0250188
8.84311 0.0248938
8.8469 0.0246434
8.85321 0.0269262
8.85696 0.0246194
8.86096 0.0245936
8.865 0.0246
8.86936 0.0249253
8.87312 0.0246433
8.87709 0.0245869
8.88126 0.0247187
8.88581 0.0252327
8.89125 0.0266455
8.89532 0.0246632
8.89545 0.0247916
8.89929 0.0246039
8.90333 0.0246023
8.90739 0.0246318
8.91133 0.0245408
8.91662 0.0257965
8.92072 0.0206532
8.9213 0.025263
8.92467 0.0245958
8.92876 0.0246574
8.9327 0.0245665
8.93677 0.0246034
8.94292 0.0267203
8.94305 0.0268487
8.94687 0.0246126
8.95122 0.0249374
8.95488 0.0245586
8.9593 0.0249496
8.96366 0.0252749
8.96725 0.0248289
8.9677 0.0252768
8.9711 0.0246401
8.97526 0.0247749
8.98135 0.0268291
8.98558 0.0250068
8.98936 0.0247535
8.99346 0.0248191
8.99359 0.0249475
8.99848 0.0258036
9.00162 0.0249113
9.00537 0.0246314
9.00941 0.0246332
9.01345 0.0246396
9.01867 0.0258286
9.021 0.0209351
9.02293 0.0248748
9.02306 0.0250032
9.02754 0.0254574
9.03274 0.0266158
9.03286 0.0267442
9.0368 0.024632
9.04129 0.0250828
9.04491 0.0246723
9.04892 0.0246471
9.05305 0.0247467
9.05699 0.0246553
9.06091 0.0245356
9.06504 0.0246353
9.07118 0.0267462
9.07509 0.0246018
9.07961 0.0250866
9.08313 0.0245789
9.0839 0.0253463
9.08717 0.0245818
9.09127 0.0246509
9.09528 0.0246256
9.09926 0.0245663
9.09938 0.0246947
9.10329 0.0245676
9.10342 0.024696
9.10739 0.0246351
9.11409 0.0252789
9.11665 0.0238132
9.12101 0.0209399
9.12312 0.0270875
9.12738 0.0252913
9.13071 0.024593
9.13482 0.0246621
9.13895 0.0247647
9.14299 0.0247681
9.14312 0.0248965
9.1469 0.024646
9.15107 0.0247802
9.15498 0.0246582
9.1611 0.0267454
9.16501 0.0246026
9.16946 0.0250213
9.17311 0.0246419
9.17709 0.0245855
9.18138 0.0248457
9.1858 0.0252314
9.18946 0.0248496
9.19375 0.0251098
9.19932 0.0266504
9.20336 0.0246321
9.20739 0.0246349
9.21149 0.0247035
9.21162 0.0248319
9.21671 0.0258885
9.22101 0.0209397
9.22159 0.0255495
9.22466 0.0245944
9.22911 0.0250107
9.23277 0.0246318
9.23678 0.0246066
9.24129 0.0250885
9.24488 0.0246469
9.25132 0.0270462
9.25491 0.0245844
9.25503 0.0247128
9.2593 0.0249443
9.26363 0.0252385
9.26773 0.0253105
9.27113 0.0246779
9.27504 0.0245518
9.27517 0.0246802
9.28036 0.0258357
9.28414 0.0255823
9.28427 0.0257107
9.28939 0.026804
9.29356 0.024919
9.29848 0.0258103
9.30162 0.0249179
9.30527 0.0245346
9.3054 0.0246629
9.30941 0.0246337
9.31409 0.0252791
9.3187 0.0258606
9.32104 0.0209712
9.32315 0.025102
9.32742 0.0253305
9.33065 0.0245349
9.33478 0.0246311
9.34132 0.0271356
9.34145 0.027264
9.34485 0.0246116
9.34889 0.024618
9.35315 0.024846
9.3569 0.024564
9.35703 0.0246924
9.36104 0.0246666
9.36504 0.0246378
9.3694 0.0249632
9.37312 0.024646
9.38039 0.0278874
9.38404 0.0254888
9.38722 0.0246275
9.39125 0.024631
9.39529 0.0246344
9.39542 0.0247628
9.3993 0.0246061
9.40337 0.0246436
9.40737 0.0246149
9.41147 0.0246834
9.4116 0.0248118
9.4166 0.0257791
9.42102 0.0209513
9.4216 0.0255611
9.42468 0.024606
9.43079 0.0266873
9.43486 0.0247045
9.43935 0.0251617
9.44313 0.0249083
9.44691 0.0246579
9.45105 0.024761
9.45496 0.024639
9.45932 0.0249638
9.46368 0.0252891
9.46947 0.0270499
9.47306 0.0245876
9.4771 0.0245934
9.48139 0.0248536
9.48549 0.0249198
9.48927 0.0246664
9.49357 0.0249266
9.49853 0.0258569
9.49866 0.0259853
9.50167 0.0249645
9.5074 0.0266631
9.51176 0.0249716
9.5142 0.0233746
9.52105 0.0209787
9.52162 0.0267669
9.5247 0.0246334
9.52874 0.0246368
9.53284 0.0247054
9.53682 0.024649
9.5413 0.0250998
9.5449 0.0246583
9.5488 0.0245322
9.55319 0.0248887
9.55938 0.0270386
9.56363 0.0252419
9.56777 0.025345
9.5711 0.0246462
9.57508 0.0245864
9.57956 0.0250406
9.58033 0.025808
9.58398 0.0254262
9.58744 0.0248534
9.59148 0.0248568
9.59858 0.0279243
9.60159 0.0248867
9.60534 0.0246007
9.60941 0.0246336
9.61409 0.025279
9.6187 0.0258606
9.62104 0.0209711
9.62315 0.0251019
9.62739 0.0252994
9.63072 0.024601
9.63479 0.024635
9.63892 0.0247376
9.64277 0.0245499
9.64898 0.0267275
9.65318 0.0248766
9.65331 0.025005
9.65693 0.0245945
9.65706 0.0247229
9.66098 0.0246038
9.66505 0.0246412
9.6694 0.0249666
9.67313 0.0246534
9.67726 0.0247565
9.68111 0.0245688
9.68124 0.0246972
9.68732 0.026749
9.68841 0.0278359
9.69123 0.0246072
9.69533 0.0246728
9.6993 0.0246135
9.70337 0.024643
9.7074 0.0246414
9.71147 0.0246789
9.7166 0.0257751
9.72073 0.0206628
9.72131 0.0252726
9.72464 0.0245743
9.72877 0.0246671
9.73271 0.0245761
9.73947 0.0272984
9.74312 0.0248998
9.74325 0.0250282
9.74693 0.0246805
9.7512 0.024912
9.75498 0.0246616
9.75934 0.0249864
9.76366 0.0252766
9.76726 0.0248346
9.7677 0.0252825
9.77101 0.0245525
9.77114 0.0246809
9.77722 0.026734
9.78139 0.0248491
9.78549 0.0249152
9.7894 0.0247902
9.79343 0.0247936
9.79859 0.0259145
9.8016 0.0248938
9.80173 0.0250222
9.80538 0.0246428
9.80935 0.0245785
9.80948 0.0247069
9.81432 0.0255117
9.81445 0.0256401
9.81871 0.0238509
9.82098 0.020912
9.82322 0.0251712
9.82874 0.0266491
9.83274 0.0246036
9.83688 0.0247067
9.8413 0.0250953
9.84489 0.0246537
9.84893 0.0246561
9.8531 0.0247908
9.85697 0.0246372
9.86102 0.0246464
9.86777 0.0273692
9.87104 0.0245874
9.87508 0.0245937
9.87938 0.0248569
9.88406 0.0254993
9.8872 0.0246069
9.89142 0.0248009
9.89533 0.0246759
9.89943 0.0247415
9.90539 0.0266668
9.90936 0.0245897
9.9134 0.024596
9.91869 0.0258472
9.92103 0.0209578
9.92301 0.0249602
9.92737 0.025286
9.93071 0.0245877
9.93481 0.0246528
9.93894 0.0247554
9.94279 0.0245677
9.94682 0.02457
9.95105 0.0247665
9.95707 0.0267495
9.96108 0.0247069
9.96499 0.0245849
9.96512 0.0247132
9.96941 0.0249764
9.97314 0.0246632
9.97711 0.0246068
9.98115 0.0246097
9.98582 0.0252521
9.9896 0.0249988
9.99543 0.0267927
9.99928 0.0245882

