% time_sec delay_sec
1.19314 0.0931092
1.19314 0.0931092
1.29314 0.0931044
1.39315 0.0931222
1.49165 0.395629
1.49313 0.093102
1.59313 0.0930986
1.69316 0.0931249
1.79315 0.0931238
1.79385 0.395154
1.89313 0.0930967
1.99306 0.29236
1.99458 0.0945305
1.99665 0.0986172
2.00062 0.0985498
2.09323 0.187132
2.10063 0.0985593
2.10076 0.0986877
2.10469 0.0985912
2.10876 0.0986236
2.11283 0.0986611
2.11296 0.0987895
2.11674 0.098538
2.12126 0.0990228
2.12481 0.0985462
2.13144 0.0991253
2.13497 0.0986176
2.13936 0.0989695
2.14301 0.0985878
2.14708 0.0986252
2.15118 0.0986893
2.15509 0.0985672
2.15932 0.0987637
2.16336 0.0987695
2.16349 0.0988979
2.16935 0.100733
2.17333 0.0986557
2.1773 0.0985953
2.18137 0.0986298
2.18547 0.098696
2.19123 0.100424
2.19462 0.0945733
2.19514 0.0991204
2.19942 0.0993726
2.20269 0.0986086
2.20689 0.0987705
2.21089 0.0987413
2.21679 0.100604
2.22128 0.0990408
2.22487 0.0985992
2.22894 0.0986337
2.23351 0.0991778
2.23703 0.0986651
2.2413 0.0988936
2.2454 0.0989622
2.24905 0.0985789
2.25309 0.0985852
2.25937 0.100836
2.26338 0.0987944
2.26774 0.0991232
2.27149 0.0988371
2.27524 0.0985551
2.27973 0.0990093
2.28422 0.0994606
2.28851 0.0997179
2.29325 0.100429
2.29453 0.0944812
2.29665 0.0986149
2.30101 0.0989378
2.30687 0.100765
2.31132 0.0991712
2.31479 0.0986012
2.31882 0.0986031
2.32296 0.0987032
2.3274 0.0991145
2.3315 0.0991835
2.33497 0.0986136
2.33894 0.0985567
2.34308 0.0986569
2.34914 0.0986661
2.35318 0.0986725
2.35718 0.0986472
2.36154 0.098972
2.36526 0.0986543
2.36948 0.0988473
2.37329 0.0986235
2.37727 0.0985671
2.38128 0.0985389
2.38858 0.101806
2.39114 0.0983205
2.3946 0.0945525
2.39659 0.100575
2.40101 0.0989464
2.40501 0.0989137
2.40886 0.098725
2.40899 0.0988534
2.4129 0.0987274
2.4168 0.0986008
2.42164 0.0994052
2.42485 0.0985784
2.42888 0.0985818
2.43491 0.100573
2.43943 0.0990448
2.44302 0.0986003
2.44699 0.0985405
2.45122 0.098733
2.45513 0.0986109
2.45939 0.0988384
2.46343 0.0988403
2.46785 0.0992273
2.47189 0.0992337
2.47744 0.100749
2.48135 0.0986073
2.4857 0.0989302
2.49115 0.100343
2.49454 0.0944925
2.49519 0.099168
2.49947 0.0994203
2.50274 0.0986563
2.50703 0.0989154
2.51132 0.0991706
2.51478 0.0985967
2.51875 0.0985363
2.52481 0.100562
2.52885 0.098549
2.53353 0.0991904
2.53702 0.0986505
2.54131 0.0989107
2.54144 0.0990391
2.54503 0.0985975
2.54901 0.0985377
2.55308 0.0985751
2.55321 0.0987035
2.55709 0.0985499
2.56148 0.0989098
2.56764 0.0990163
2.57152 0.0988626
2.57524 0.0985495
2.57934 0.098618
2.58414 0.0993888
2.58427 0.0995172
2.58843 0.0996461
2.58856 0.0997745
2.59318 0.100357
2.59331 0.100486
2.59459 0.0945378
2.59658 0.0985431
2.60084 0.0987683
2.60096 0.0988966
2.60512 0.0990234
2.60875 0.098613
2.61484 0.10067
2.61881 0.098593
2.62336 0.09911
2.62733 0.0990467
2.62746 0.0991751
2.6315 0.0991779
2.63502 0.0986662
2.63922 0.0988316
2.63935 0.0989599
2.643 0.0985782
2.64313 0.0987066
2.64704 0.0985845
2.65332 0.100836
2.6572 0.0986658
2.66112 0.0985467
2.66525 0.0986458
2.66948 0.0988428
2.67333 0.098654
2.6773 0.0985937
2.68146 0.0987255
2.68556 0.0987916
2.68569 0.09892
2.69114 0.100333
2.69453 0.0944823
2.69517 0.0991578
2.6995 0.0994491
2.70507 0.10099
2.7052 0.101118
2.70886 0.098722
2.7129 0.0987283
2.7168 0.0986018
2.72263 0.100392
2.72276 0.100521
2.72481 0.0985414
2.72888 0.0985759
2.73346 0.099124
2.73696 0.0985881
2.74305 0.100643
2.74712 0.0986635
2.75122 0.0987355
2.75513 0.0986134
2.75939 0.098841
2.76343 0.0988428
2.76778 0.0991637
2.77147 0.0988154
2.77192 0.0992633
2.77522 0.0985334
2.77535 0.0986618
2.78028 0.0995604
2.78554 0.0987653
2.78848 0.0976789
2.7946 0.0945528
2.79512 0.100278
2.79947 0.0994183
2.80274 0.0986543
2.8071 0.0989797
2.81139 0.0992388
2.81472 0.0985365
2.81882 0.0986006
2.82292 0.0986696
2.82731 0.0990266
2.83347 0.101147
2.83693 0.0985632
2.84183 0.0994302
2.84504 0.098603
2.84914 0.0986676
2.85318 0.0986739
2.85718 0.0986447
2.86154 0.0989735
2.8652 0.0985976
2.87152 0.10088
2.87524 0.0985505
2.87937 0.0986501
2.88418 0.0994209
2.88738 0.0985913
2.88847 0.0996782
2.89359 0.100771
2.89462 0.0945664
2.89661 0.0985718
2.89673 0.0987002
2.90096 0.0988947
2.90496 0.098858
2.90874 0.0986031
2.90887 0.0987315
2.91271 0.0985432
2.91675 0.0985451
2.92319 0.100953
2.92745 0.0991612
2.93155 0.0992302
2.93501 0.0986563
2.93943 0.0990394
2.94019 0.0998068
2.94321 0.098786
2.94699 0.0985356
2.95112 0.0986347
2.9551 0.0985749
2.96113 0.100573
2.96526 0.0986591
2.96943 0.0987938
2.97321 0.0985429
2.97731 0.0986069
2.98135 0.0986103
2.98602 0.0992528
2.99121 0.100409
2.99461 0.0945583
2.99512 0.0991054
2.99915 0.0991043
3.00268 0.0985971
3.00695 0.0988312
3.01294 0.100791
3.01679 0.0985855
3.02095 0.0987197
3.02493 0.0986594
3.02916 0.0988539
3.03351 0.0991763
3.03697 0.0986053
3.04117 0.0987677
3.0413 0.0988961
3.04502 0.0985829
3.05124 0.100771
3.05515 0.0986326
3.0592 0.0986418
3.0633 0.0987099
3.06746 0.0988436
3.07131 0.0986543
3.07535 0.0986591
3.07932 0.0985987
3.08403 0.0992707
3.08739 0.0986035
3.09319 0.0983525
3.10268 0.100611
3.10281 0.100739
3.10701 0.0988913
3.10714 0.0990197
3.1113 0.0991459
3.11482 0.0986387
3.11889 0.0986712
3.12305 0.098803
3.12693 0.0986458
3.12738 0.0990937
3.13148 0.0991628
3.13495 0.0985929
3.14142 0.101035
3.14504 0.0986079
3.14908 0.0986143
3.15325 0.098749
3.15719 0.0986576
3.16152 0.0989513
3.16524 0.0986341
3.16947 0.0988311
3.17325 0.0985801
3.17934 0.100637
3.17979 0.101085
3.18431 0.0995508
3.1886 0.099808
3.19318 0.100356
3.19331 0.100484
3.19459 0.0945363
3.1967 0.09867
3.201 0.0989302
3.20496 0.0988624
3.20884 0.0987048
3.21288 0.0987111
3.21682 0.0986202
3.22128 0.0990428
3.22487 0.0986013
3.23157 0.101263
3.2349 0.0985483
3.23913 0.0987481
3.24304 0.0986232
3.24702 0.0985633
3.25121 0.0987247
3.25512 0.0986026
3.25938 0.0988301
3.26349 0.0988982
3.26935 0.100733
3.2733 0.0986249
3.2773 0.0985996
3.28134 0.098603
3.28557 0.0987975
3.29114 0.100339
3.29467 0.0946166
3.29518 0.0991637
3.29956 0.0995132
3.30271 0.0986209
3.30696 0.0988454
3.3109 0.098746
3.31135 0.0991939
3.31474 0.0985578
3.32125 0.101028
3.32137 0.101156
3.32484 0.0985694
3.32888 0.0985729
3.33352 0.0991831
3.33701 0.0986433
3.34127 0.0988718
3.34506 0.0986209
3.34913 0.0986583
3.35317 0.0986647
3.35929 0.100756
3.36365 0.0990649
3.36763 0.0990085
3.36776 0.0991369
3.37151 0.0988509
3.37529 0.0985999
3.37933 0.0986063
3.38426 0.0995055
3.38855 0.0997627
3.3933 0.100474
3.39458 0.0945261
3.39669 0.0986598
3.40099 0.09892
3.40493 0.0988251
3.41136 0.101224
3.41482 0.0986376
3.41883 0.0986084
3.42293 0.0986774
3.42741 0.0991237
3.43151 0.0991928
3.43498 0.0986229
3.43924 0.0988504
3.43936 0.0989788
3.44302 0.098597
3.44905 0.100592
3.45321 0.0987099
3.45334 0.0988383
3.45709 0.0985562
3.46155 0.0989783
3.46524 0.0986336
3.46946 0.0988265
3.47331 0.0986378
3.47729 0.0985814
3.48145 0.0987132
3.48843 0.101661
3.49113 0.0983037
3.49459 0.0945357
3.49497 0.0989544
3.50093 0.100881
3.50106 0.101009
3.50503 0.0989325
3.50898 0.0988411
3.51292 0.0987501
3.51676 0.0985574
3.52131 0.0990739
3.52144 0.0992022
3.52484 0.0985666
3.52919 0.0988896
3.53349 0.0991497
3.53939 0.101019
3.53952 0.101148
3.54304 0.0986207
3.54317 0.0987491
3.54701 0.0985608
3.55121 0.0987222
3.55512 0.0986001
3.55938 0.0988277
3.56342 0.0988335
3.56778 0.0991583
3.57188 0.0992269
3.57733 0.100645
3.58137 0.0986316
3.58592 0.0991457
3.59114 0.100333
3.59466 0.0946107
3.59517 0.0991578
3.59918 0.0991256
3.6027 0.0986184
3.60709 0.0989714
3.61097 0.0988137
3.61478 0.0985944
3.61881 0.0985962
3.62292 0.0986653
3.62894 0.100657
3.63352 0.0991881
3.63692 0.0985549
3.64128 0.0988808
3.64507 0.0986298
3.64911 0.0986361
3.65315 0.0986425
3.65719 0.0986483
3.66148 0.0989109
3.66767 0.101065
3.67152 0.0988638
3.67524 0.0985506
3.67931 0.0985881
3.68414 0.09939
3.68856 0.0997756
3.6933 0.100483
3.69459 0.094535
3.6967 0.0986687
3.70093 0.0988627
3.7049 0.0987989
3.70878 0.0986413
3.71285 0.0986787
3.71881 0.100607
3.71894 0.100735
3.72307 0.0988187
3.72746 0.0991717
3.73146 0.0991435
3.73498 0.0986318
3.7394 0.0990188
3.74306 0.0986371
3.7471 0.0986434
3.75114 0.0986492
3.7571 0.100578
3.76114 0.0985705
3.76525 0.0986425
3.76935 0.098711
3.77332 0.0986507
3.77729 0.0985903
3.78133 0.0985937
3.78146 0.0987221
3.78556 0.0987883
3.78569 0.0989167
3.79113 0.100329
3.79453 0.094479
3.79504 0.0990261
3.79517 0.0991545
3.79949 0.0994418
3.80263 0.0985494
3.80904 0.100922
3.81285 0.098686
3.81298 0.0988143
3.81682 0.0986216
3.82137 0.0991376
3.82484 0.0985676
3.82887 0.098571
3.8331 0.0987685
3.83702 0.0986494
3.84125 0.0988468
3.84702 0.100585
3.85116 0.0986713
3.85129 0.0987997
3.85507 0.0985493
3.85926 0.0987106
3.86343 0.0988409
3.86779 0.0991657
3.8715 0.0988485
3.87535 0.0986638
3.87939 0.0986701
3.88554 0.100788
3.88567 0.100916
3.88849 0.0976844
3.89346 0.0986176
3.89461 0.0945583
3.89935 0.101312
3.90274 0.0986598
3.9071 0.0989817
3.91129 0.0991435
3.91142 0.0992719
3.91482 0.0986363
3.91891 0.098693
3.9234 0.0991443
3.92734 0.0990499
3.93147 0.09915
3.93699 0.100634
3.94147 0.0990718
3.94506 0.0986263
3.9491 0.0986287
3.95327 0.0987634
3.95718 0.0986408
3.96154 0.0989656
3.96526 0.098652
3.96955 0.0989151
3.97526 0.10059
3.97978 0.0990591
3.98414 0.099382
3.98427 0.0995104
3.98843 0.0996392
3.9933 0.100479
3.99458 0.094531
3.9967 0.0986647
4.00093 0.0988587
4.00499 0.0988938
4.00884 0.0987011
4.01275 0.0985791
4.01288 0.0987075
4.01681 0.098612
4.02095 0.0987151
4.02755 0.101279
4.03152 0.0992028
4.03499 0.0986329
4.03941 0.0990199
4.04306 0.0986381
4.0471 0.098644
4.0512 0.0987115
4.05517 0.0986516
4.05918 0.0986258
4.06527 0.100682
4.06941 0.0987688
4.07329 0.0986181
4.07736 0.0986579
4.08137 0.0986297
4.0856 0.0988272
4.09098 0.100177
4.10273 0.0986503
4.107 0.0988774
4.11091 0.0987543
4.1168 0.100616
4.12132 0.0990844
4.12491 0.0986428
4.12895 0.0986462
4.13349 0.0991592
4.13702 0.0986504
4.14118 0.0987817
4.14131 0.0989101
4.145 0.0985619
4.14907 0.0985954
4.15509 0.10059
4.15926 0.0987077
4.16337 0.0987797
4.16763 0.0990112
4.16776 0.0991396
4.17192 0.0992704
4.17532 0.0986337
4.17936 0.0986401
4.18433 0.0995704
4.18862 0.0998276
4.19349 0.100664
4.19361 0.100792
4.19464 0.0945875
4.19663 0.0985928
4.20089 0.0988185
4.20101 0.0989469
4.20704 0.100938
4.21136 0.0992113
4.21483 0.0986414
4.21883 0.0986121
4.22306 0.0988096
4.22735 0.0990653
4.22748 0.0991937
4.23148 0.0991654
4.23495 0.0985955
4.23924 0.0988581
4.24508 0.100659
4.24905 0.0985824
4.25322 0.0987171
4.2571 0.0985634
4.26152 0.0989544
4.26524 0.0986373
4.2695 0.0988614
4.27331 0.0986415
4.27729 0.0985851
4.28421 0.101469
4.28863 0.0998383
4.29106 0.0982413
4.29119 0.0983697
4.29459 0.094536
4.2967 0.100686
4.30103 0.098961
4.30116 0.0990894
4.30493 0.098831
4.30506 0.0989594
4.30884 0.0987085
4.30897 0.0988369
4.31291 0.0987459
4.31688 0.0986816
4.32127 0.0990385
4.32487 0.098597
4.3289 0.0986004
4.33499 0.100658
4.33935 0.0989661
4.34307 0.09865
4.34701 0.0985591
4.3513 0.0988177
4.35512 0.0985984
4.35941 0.098857
4.36345 0.0988588
4.36787 0.0992498
4.37332 0.100668
4.3773 0.0985953
4.38137 0.0986298
4.3815 0.0987582
4.3856 0.0988244
4.39117 0.100366
4.3913 0.100494
4.39469 0.0946435
4.39508 0.0990622
4.39521 0.0991906
4.39943 0.0993766
4.39956 0.099505
4.4027 0.0986126
4.40708 0.0989656
4.41134 0.0991936
4.4148 0.0986197
4.41891 0.0986883
4.42484 0.100586
4.42887 0.0985726
4.43355 0.0992139
4.43701 0.098643
4.44134 0.0989343
4.44147 0.0990626
4.44509 0.0986522
4.44913 0.0986585
4.45317 0.0986649
4.45714 0.0986045
4.4633 0.100727
4.46766 0.0990393
4.47151 0.0988546
4.47532 0.0986347
4.47936 0.0986411
4.48417 0.0994119
4.48846 0.0996691
4.48859 0.0997975
4.49333 0.100509
4.49461 0.0945608
4.4966 0.0985662
4.50089 0.0988229
4.50492 0.0988213
4.50505 0.0989497
4.50877 0.0986326
4.51476 0.100592
4.51883 0.0986126
4.52306 0.09881
4.52735 0.0990657
4.52748 0.0991941
4.53152 0.099197
4.53498 0.0986271
4.53928 0.0988897
4.54306 0.0986363
4.54318 0.0987647
4.54713 0.0986738
4.55331 0.100828
4.55713 0.0985916
4.56149 0.0989203
4.56524 0.0986383
4.56947 0.0988312
4.57332 0.0986465
4.57739 0.0986834
4.58142 0.0986868
4.58552 0.098753
4.58565 0.0988813
4.59113 0.100325
4.59465 0.0946032
4.59517 0.0991503
4.59936 0.0993132
4.59949 0.0994415
4.60535 0.10127
4.60898 0.0988428
4.61292 0.0987519
4.61676 0.0985592
4.62265 0.10042
4.62484 0.0985689
4.62907 0.0987635
4.63345 0.099117
4.63698 0.0986122
4.64307 0.100667
4.64701 0.0985592
4.65121 0.0987245
4.65512 0.0986024
4.65938 0.09883
4.66342 0.0988318
4.6678 0.0991838
4.67194 0.0992834
4.67537 0.0986819
4.68133 0.100608
4.68146 0.100736
4.68556 0.0987854
4.6885 0.097699
4.69462 0.0945729
4.69501 0.10017
4.69514 0.100298
4.69952 0.0994695
4.70279 0.0987055
4.70708 0.0989647
4.71141 0.0992549
4.71483 0.0986465
4.71877 0.0985555
4.7189 0.0986839
4.7232 0.0989441
4.72736 0.0990754
4.73355 0.101227
4.73695 0.0985769
4.74188 0.099479
4.74509 0.0986518
4.74909 0.0986231
4.75326 0.0987578
4.7572 0.0986663
4.76156 0.0989912
4.76522 0.0986153
4.77154 0.100898
4.77526 0.0985681
4.77939 0.0986678
4.78407 0.0993102
4.7874 0.098609
4.79332 0.1005
4.7946 0.0945525
4.79672 0.0986862
4.80095 0.0988802
4.80498 0.0988786
4.80876 0.0986237
4.81286 0.0986923
4.81677 0.0985657
4.82369 0.101453
4.82814 0.099853
4.83154 0.0992174
4.835 0.0986434
4.83942 0.0990305
4.8432 0.0987771
4.84704 0.0985889
4.85121 0.0987191
4.85512 0.0985971
4.86115 0.100595
4.86525 0.0986467
4.86942 0.0987814
4.87327 0.0985967
4.87727 0.0985674
4.88144 0.0986992
4.88567 0.0988937
4.89124 0.100435
4.89464 0.0945844
4.89502 0.0990031
4.89919 0.0991344
4.90271 0.0986272
4.90685 0.0987274
4.91284 0.100687
4.91297 0.100816
4.91684 0.0986412
4.92133 0.0990949
4.92492 0.0986494
4.92896 0.0986528
4.93347 0.0991347
4.93703 0.098661
4.94129 0.0988896
4.94543 0.0989892
4.95126 0.100789
4.95517 0.0986503
4.95928 0.0987223
4.96373 0.0991449
4.96777 0.0991467
4.97193 0.0992775
4.9753 0.0986098
4.97934 0.0986161
4.97979 0.099064
4.98417 0.099418
4.9884 0.0996125
4.99347 0.0986263
4.99359 0.0987547
4.99462 0.094567
4.99661 0.0985723
5.00276 0.100689
5.00709 0.0989724
5.01132 0.0991654
5.01478 0.0985955
5.01891 0.0986906
5.02288 0.0986308
5.02737 0.0990811
5.0316 0.0992785
5.03506 0.0987086
5.04147 0.101089
5.0451 0.0986615
5.04907 0.0986006
5.05324 0.0987353
5.05715 0.0986088
5.06153 0.0989642
5.06529 0.0986821
5.06949 0.0988474
5.0733 0.0986305
5.07936 0.100656
5.08398 0.0992214
5.08737 0.0985853
5.0933 0.100476
5.10076 0.098695
5.10479 0.0986918
5.1088 0.098666
5.11284 0.0986723
5.11297 0.0988007
5.11678 0.0985804
5.12133 0.0990963
5.12486 0.0985891
5.13155 0.101251
5.13495 0.0985983
5.13938 0.0989893
5.143 0.0985759
5.14704 0.0985823
5.1513 0.0988098
5.15521 0.0986877
5.15941 0.0988531
5.16348 0.09889
5.16938 0.100756
5.17332 0.0986478
5.17733 0.0986225
5.1814 0.098657
5.18562 0.0988515
5.19116 0.100358
5.19456 0.0945072
5.1952 0.0991826
5.19958 0.0995282
5.20272 0.0986358
5.20701 0.098891
5.21094 0.0987916
5.21482 0.098635
5.22132 0.101104
5.22491 0.0986461
5.22895 0.0986495
5.23356 0.0992287
5.23699 0.0986186
5.24135 0.0989445
5.24503 0.0985963
5.24904 0.0985675
5.25311 0.098605
5.25933 0.10079
5.26369 0.0990985
5.26773 0.0991044
5.27192 0.0992702
5.27535 0.0986647
5.27942 0.0987021
5.28423 0.0994729
5.28436 0.0996013
5.28865 0.0998586
5.29358 0.100761
5.29461 0.0945562
5.29672 0.09869
5.30089 0.0988218
5.30493 0.0988241
5.31136 0.101223
5.31485 0.0986678
5.31905 0.0988297
5.32321 0.0989615
5.32804 0.0997549
5.3316 0.0992788
5.33493 0.0985765
5.33903 0.098648
5.34307 0.0986514
5.34906 0.100611
5.35323 0.0987292
5.35336 0.0988576
5.35711 0.0985755
5.36119 0.0986159
5.36523 0.0986223
5.36945 0.0988152
5.3733 0.0986305
5.37728 0.0985741
5.38144 0.0987059
5.38846 0.101685
5.39115 0.0983275
5.39128 0.0984559
5.39461 0.0945595
5.395 0.0989782
5.40095 0.100901
5.40508 0.0989795
5.40896 0.0988258
5.4129 0.0987348
5.41681 0.0986128
5.42133 0.0990981
5.42486 0.0985909
5.4289 0.0985943
5.43358 0.0992397
5.43915 0.100786
5.44306 0.0986439
5.44319 0.0987723
5.44704 0.0985841
5.4512 0.0987143
5.45514 0.0986234
5.45937 0.0988198
5.46376 0.0991723
5.4678 0.0991781
5.47155 0.0988961
5.47742 0.100731
5.48146 0.0987176
5.48556 0.0987837
5.48568 0.0989121
5.49116 0.100356
5.49456 0.0945056
5.4952 0.099181
5.49939 0.09934
5.50279 0.0987044
5.50705 0.0989324
5.51131 0.0991565
5.51477 0.0985826
5.51893 0.0987133
5.5231 0.0988451
5.5289 0.100611
5.53358 0.0992395
5.53698 0.0986063
5.54133 0.0989322
5.54508 0.0986461
5.54912 0.0986525
5.55316 0.0986588
5.5572 0.0986607
5.56114 0.0985727
5.56772 0.101112
5.57157 0.0989107
5.57529 0.0985976
5.57939 0.0986661
5.58419 0.0994369
5.58848 0.0996942
5.58861 0.0998226
5.59332 0.100499
5.5946 0.0945508
5.59672 0.0986845
5.60098 0.0989097
5.60495 0.0988498
5.60879 0.0986571
5.6128 0.0986284
5.61917 0.100969
5.62334 0.0990844
5.6275 0.0992117
5.6316 0.0992808
5.635 0.0986447
5.63939 0.0990006
5.64301 0.0985872
5.64705 0.0985936
5.65118 0.0986967
5.65718 0.100657
5.66115 0.0985829
5.66522 0.0986203
5.66945 0.0988173
5.6733 0.0986325
5.67728 0.0985721
5.68144 0.0987039
5.68599 0.099218
5.69118 0.100374
5.69457 0.0945235
5.69509 0.0990706
5.69522 0.099199
5.69954 0.0994903
5.70268 0.0985979
5.70902 0.100904
5.7129 0.09873
5.71687 0.0986701
5.72168 0.0994439
5.72489 0.0986171
5.72892 0.0986206
5.7335 0.0991686
5.737 0.0986327
5.74123 0.0988302
5.74707 0.100631
5.7512 0.0987169
5.75512 0.0985948
5.75938 0.0988263
5.76374 0.0991517
5.76387 0.0992801
5.76774 0.0991224
5.77153 0.0988715
5.77537 0.0986867
5.77941 0.098693
5.78557 0.10081
5.78569 0.100939
5.78838 0.0975789
5.79348 0.0986405
5.79463 0.0945812
5.79927 0.101238
5.80267 0.0985854
5.8028 0.0987138
5.80706 0.0989424
5.81142 0.0992637
5.81488 0.0986938
5.81891 0.0986957
5.82308 0.0988274
5.82737 0.0990831
5.83163 0.0993117
5.83695 0.100601
5.84189 0.0994834
5.84509 0.0986561
5.84906 0.0985923
5.85323 0.098727
5.85714 0.0986005
5.86156 0.0989915
5.86528 0.0986744
5.86945 0.0988091
5.86958 0.0989375
5.87532 0.100644
5.87942 0.0986958
5.88422 0.0994666
5.88838 0.0995955
5.89358 0.100754
5.8946 0.0945499
5.89672 0.0986836
5.90101 0.0989438
5.90498 0.098876
5.90885 0.0987144
5.91289 0.0987208
5.91683 0.0986298
5.92158 0.0993408
5.9275 0.101232
5.9316 0.0992844
5.935 0.0986483
5.93939 0.0990042
5.94311 0.0986881
5.94705 0.0985971
5.95122 0.0987314
5.95513 0.0986093
5.95936 0.0988097
5.9652 0.10061
5.96937 0.0987275
5.97324 0.0985738
5.97728 0.0985797
5.98138 0.0986453
5.98561 0.0988398
5.99118 0.100377
5.99131 0.100505
5.99458 0.0945266
5.99522 0.099202
5.99944 0.0993921
6.00271 0.0986281
6.00701 0.0988891
6.01098 0.0988287
6.01685 0.10066
6.02101 0.0987776
6.02486 0.0985929
6.0289 0.0985963
6.0336 0.0992688
6.037 0.0986316
6.04123 0.0988291
6.04136 0.0989575
6.04501 0.0985781
6.04918 0.0987118
6.05514 0.100641
6.05915 0.098598
6.06371 0.0991179
6.0673 0.0986758
6.06743 0.0988042
6.0713 0.098646
6.07531 0.0986197
6.07966 0.0989411
6.08405 0.0992941
6.08844 0.0996476
6.09318 0.100358
6.09331 0.100486
6.10074 0.0986743
6.10699 0.100885
6.10711 0.101014
6.11141 0.0992557
6.11487 0.0986857
6.11894 0.0987227
6.12323 0.0989829
6.12749 0.0992035
6.13156 0.0992375
6.13505 0.0986986
6.13929 0.098899
6.14508 0.100665
6.14905 0.0985848
6.15335 0.0988479
6.15717 0.098628
6.16152 0.0989529
6.16524 0.0986357
6.1695 0.0988638
6.17332 0.0986439
6.17735 0.0986497
6.18424 0.101503
6.18866 0.0998718
6.1911 0.0982748
6.19462 0.0945695
6.19674 0.10072
6.20103 0.0989634
6.20497 0.0988645
6.20509 0.0989929
6.20884 0.0987069
6.21301 0.0988416
6.21679 0.0985867
6.22131 0.099072
6.22486 0.0985954
6.22922 0.0989183
6.23496 0.100622
6.23938 0.0989961
6.243 0.0985828
6.24707 0.0986202
6.25133 0.0988477
6.25515 0.0986284
6.25932 0.0987626
6.25944 0.098891
6.26377 0.0991813
6.26784 0.0992182
6.27326 0.100602
6.27736 0.098657
6.2814 0.0986604
6.2855 0.0987265
6.2912 0.100396
6.2946 0.0945456
6.29511 0.0990927
6.29524 0.0992211
6.29943 0.0993761
6.29956 0.0995045
6.3027 0.0986121
6.30282 0.0987405
6.30708 0.0989645
6.31134 0.0991886
6.31477 0.0985836
6.3188 0.0985854
6.32489 0.100643
6.32893 0.0986297
6.33358 0.09924
6.33697 0.0986029
6.34143 0.0990225
6.34502 0.098581
6.34906 0.0985873
6.3531 0.0985937
6.35723 0.0986968
6.36371 0.101139
6.36772 0.099097
6.3716 0.0989434
6.37528 0.0985951
6.38031 0.0995911
6.38422 0.0994661
6.38851 0.0997234
6.39358 0.100754
6.3946 0.0945494
6.39672 0.0986831
6.40091 0.0988461
6.40495 0.0988484
6.40508 0.0989768
6.40879 0.0986597
6.41482 0.100651
6.41495 0.10078
6.41908 0.0988624
6.42337 0.0991226
6.42747 0.0991837
6.43157 0.0992528
6.43503 0.0986789
6.43926 0.0988753
6.44311 0.0986876
6.44715 0.098694
6.45333 0.100844
6.45714 0.0986078
6.46119 0.0986171
6.46523 0.0986234
6.46945 0.0988164
6.46958 0.0989448
6.4733 0.0986316
6.47737 0.0986685
6.48154 0.0988003
6.48564 0.0988665
6.49108 0.100279
6.49461 0.0945572
6.49512 0.0991043
6.49941 0.0993605
6.49954 0.0994889
6.50508 0.100994
6.50893 0.0987924
6.51297 0.0987987
6.51687 0.0986722
6.52168 0.0994459
6.52489 0.0986192
6.52892 0.0986226
6.53348 0.0991396
6.53707 0.098701
6.54303 0.100627
6.54707 0.0986163
6.55124 0.0987506
6.55515 0.0986285
6.55938 0.0988249
6.56373 0.0991463
6.56386 0.0992747
6.56783 0.0992104
6.57196 0.09931
6.57533 0.0986423
6.58136 0.100634
6.58148 0.100763
6.58558 0.098812
6.58885 0.0980451
6.59458 0.0945338
6.5951 0.100259
6.59954 0.0994927
6.60281 0.0987287
6.60707 0.0989533
6.61143 0.0992746
6.61485 0.0986661
6.61882 0.0986018
6.62311 0.098862
6.62738 0.0990906
6.63359 0.101273
6.63699 0.0986232
6.64148 0.0990774
6.64504 0.0986008
6.64914 0.0986654
6.6533 0.0988001
6.65721 0.0986736
6.66157 0.0989984
6.66529 0.0986852
6.67161 0.100968
6.67529 0.098603
6.67942 0.0987027
6.6841 0.0993451
6.68839 0.0996024
6.69352 0.100695
6.69467 0.094619
6.69666 0.0986243
6.69679 0.0987527
6.70095 0.0988845
6.70502 0.098914
6.70879 0.0986591
6.71277 0.0985993
6.7129 0.0987277
6.71681 0.0986056
6.72322 0.100983
6.72818 0.0998918
6.73158 0.0992562
6.73497 0.0986201
6.73939 0.0990071
6.74301 0.0985937
6.74705 0.0985961
6.75125 0.0987614
6.75516 0.0986394
6.76119 0.100637
6.7652 0.0985917
6.76943 0.0987887
6.77328 0.0986039
6.77737 0.098668
6.78141 0.0986714
6.78564 0.0988659
6.79121 0.100407
6.79461 0.0945566
6.79512 0.0991037
6.79941 0.0993599
6.80268 0.0985959
6.80694 0.098824
6.81287 0.100718
6.813 0.100846
6.81687 0.0986716
6.82155 0.099317
6.82168 0.0994454
6.82489 0.0986186
6.82892 0.098622
6.83347 0.099139
6.83697 0.0986031
6.84127 0.0988633
6.84139 0.0989917
6.84502 0.0985812
6.85127 0.100798
6.85511 0.0985929
6.85928 0.0987271
6.85941 0.0988555
6.86371 0.0991186
6.86777 0.0991516
6.87194 0.0992823
6.87536 0.0986768
6.8803 0.0995755
6.88043 0.0997039
6.88421 0.0994505
6.88875 0.0999645
6.88888 0.100093
6.89356 0.0987215
6.89458 0.0945338
6.8967 0.0986675
6.90279 0.100722
6.90709 0.0989686
6.91141 0.0992628
6.91481 0.0986272
6.91891 0.0986913
6.92288 0.098632
6.92737 0.0990822
6.93166 0.0993419
6.93506 0.0987058
6.9415 0.101117
6.94509 0.0986586
6.94906 0.0985948
6.95323 0.0987296
6.95717 0.0986341
6.96153 0.0989589
6.96528 0.0986769
6.96951 0.0988738
6.97329 0.0986229
6.97945 0.100746
6.98426 0.0995002
6.98855 0.0997575
6.99332 0.1005
6.9946 0.0945519
6.99672 0.0986856
7.00088 0.0988174
7.00101 0.0989458
7.0053 0.0992035
7.00883 0.0986958
7.01287 0.0987021
7.013 0.0988305
7.01681 0.0986067
7.02104 0.0988031
7.02488 0.0986144
7.03158 0.101273
7.03504 0.0986863
7.0394 0.0990111
7.04302 0.0985977
7.04715 0.0987008
7.05132 0.0988345
7.05523 0.0987125
7.05924 0.0986867
7.0637 0.0991093
7.06941 0.100785
7.07328 0.0986132
7.07733 0.098622
7.08136 0.0986249
7.08562 0.0988495
7.091 0.100199
7.10276 0.0986726
7.10698 0.0988646
7.11096 0.0988037
7.1148 0.0986155
7.12168 0.101466
7.12489 0.0986226
7.12893 0.098626
7.1336 0.0992674
7.137 0.0986302
7.14129 0.0988904
7.14142 0.0990188
7.14508 0.09864
7.14918 0.0987086
7.15322 0.0987149
7.15934 0.100803
7.16366 0.0990761
7.16773 0.099113
7.17158 0.0989243
7.17536 0.0986733
7.1794 0.0986797
7.18421 0.0994505
7.18862 0.0998361
7.19356 0.100738
7.19458 0.0945338
7.1967 0.0986675
7.20093 0.098862
7.205 0.0988955
7.21134 0.101201
7.21486 0.098677
7.21909 0.0988699
7.22325 0.0990017
7.22754 0.0992535
7.23164 0.0993225
7.23497 0.0986202
7.23934 0.098949
7.24312 0.0986956
7.24908 0.100624
7.25337 0.0988707
7.25716 0.0986198
7.2612 0.0986251
7.26526 0.0986586
7.26949 0.0988515
7.27334 0.0986668
7.27738 0.0986726
7.28141 0.098676
7.2884 0.101624
7.28852 0.101752
7.29122 0.0983949
7.29461 0.0945612
7.29525 0.0992367
7.29538 0.0993651
7.30089 0.10084
7.30102 0.100968
7.30531 0.0992074
7.30883 0.0986997
7.30896 0.0988281
7.313 0.0988344
7.31688 0.0986768
7.32172 0.0994816
7.32489 0.0986198
7.32893 0.0986232
7.33351 0.0991713
7.33941 0.101037
7.34303 0.0986066
7.34707 0.098613
7.3513 0.0988094
7.35517 0.0986523
7.3594 0.0988447
7.36379 0.0992012
7.36782 0.099203
7.37158 0.098921
7.37734 0.100655
7.37747 0.100783
7.38151 0.0987696
7.38561 0.0988358
7.39108 0.10028
7.39121 0.100408
7.39461 0.0945576
7.39525 0.0992331
7.39944 0.099388
7.40271 0.098624
7.40706 0.0989454
7.41145 0.0992979
7.41478 0.0985956
7.41882 0.0985974
7.42311 0.0988576
7.42894 0.100654
7.43362 0.0992831
7.43699 0.0986188
7.44138 0.0989758
7.44513 0.0986897
7.44907 0.0985988
7.45311 0.0986051
7.45721 0.0986732
7.46157 0.0990019
7.46773 0.101121
7.4716 0.0989469
7.47532 0.0986337
7.47939 0.0986712
7.4842 0.099442
7.48849 0.0996992
7.48862 0.0998276
7.49355 0.100726
7.49368 0.100854
7.49457 0.0945213
7.49669 0.098655
7.49682 0.0987834
7.50085 0.0987868
7.50486 0.0987581
7.50499 0.0988865
7.50883 0.0986938
7.51277 0.0986028
7.51921 0.101006
7.52337 0.0991211
7.52753 0.0992484
7.53164 0.0993175
7.53503 0.0986814
7.53939 0.0990022
7.54304 0.0986199
7.54708 0.0986263
7.55109 0.098601
7.55122 0.0987294
7.55718 0.100658
7.56118 0.0986116
7.56522 0.0986139
7.56945 0.0988109
7.57332 0.0986532
7.57736 0.0986591
7.5814 0.0986625
7.58563 0.098857
7.59108 0.10027
7.5912 0.100398
7.59463 0.0945788
7.59501 0.0989975
7.59514 0.0991259
7.59956 0.0995105
7.6027 0.0986181
7.60901 0.100893
7.61292 0.0987542
7.6169 0.0986943
7.62167 0.0994365
7.62488 0.0986097
7.62892 0.0986132
7.63353 0.0991923
7.63709 0.0987186
7.64125 0.0988504
7.64709 0.100651
7.65125 0.0987682
7.65517 0.0986462
7.65937 0.0988115
7.66376 0.0991679
7.66388 0.0992963
7.66779 0.0991698
7.67199 0.0993317
7.67535 0.0986639
7.67939 0.0986703
7.6857 0.100947
7.68884 0.0980351
7.69352 0.0986805
7.69467 0.0946211
7.69931 0.101278
7.70271 0.0986254
7.70707 0.0989512
7.71142 0.0992726
7.71482 0.098637
7.71882 0.0986038
7.72312 0.0988639
7.72737 0.0990885
7.73167 0.0993482
7.73699 0.100638
7.74151 0.0991065
7.74513 0.0986921
7.74907 0.0985972
7.75327 0.098763
7.7572 0.0986676
7.76157 0.0989964
7.76529 0.0986832
7.76946 0.0988179
7.77532 0.100653
7.77943 0.0987046
7.78426 0.0995065
7.78842 0.0996354
7.79352 0.100697
7.79365 0.100825
7.79467 0.0946209
7.79666 0.0986263
7.80095 0.0988865
7.80499 0.0988849
7.80873 0.0985949
7.80886 0.0987233
7.8129 0.0987296
7.81681 0.0986036
7.82129 0.0990578
7.82754 0.101268
7.83164 0.0993198
7.83504 0.0986837
7.83939 0.0990085
7.84311 0.0986924
7.84705 0.0986015
7.85122 0.0987357
7.85513 0.0986137
7.8594 0.0988452
7.8652 0.100614
7.8694 0.098763
7.87328 0.0986053
7.87732 0.0986112
7.88148 0.098743
7.88571 0.0989375
7.89119 0.100381
7.89458 0.0945309
7.8951 0.099078
7.89947 0.0994235
7.90274 0.0986596
7.90694 0.0988214
7.90707 0.0989498
7.91098 0.0988272
7.91681 0.100624
7.92168 0.0994428
7.92488 0.0986161
7.92895 0.0986506
7.9336 0.0992609
7.93699 0.0986237
7.94129 0.0988839
7.94503 0.0985984
7.94907 0.0986047
7.95517 0.100662
7.95933 0.0987793
7.96366 0.0990735
7.96773 0.0991105
7.97164 0.0989839
7.97535 0.0986668
7.97939 0.0986732
7.9842 0.099444
7.98433 0.0995724
7.98849 0.0997012
7.98862 0.0998296
7.99352 0.100697
7.99467 0.0946206
7.99666 0.0986259
8.00095 0.0988826
8.00701 0.098894
8.01143 0.0992815
8.0149 0.0987116
8.01896 0.0987451
8.02307 0.0988141
8.02738 0.099097
8.02751 0.0992253
8.03158 0.0992593
8.03498 0.0986232
8.03914 0.0987569
8.04514 0.100717
8.04911 0.0986396
8.05334 0.0988366
8.05715 0.0986167
8.06122 0.0986526
8.06526 0.098655
8.06949 0.0988519
8.07331 0.098635
8.07744 0.0987371
8.08353 0.100791
8.08744 0.098648
8.0909 0.0980751
8.09103 0.0982035
8.10073 0.0986644
8.10479 0.0986923
8.1088 0.0986625
8.113 0.0988284
8.11687 0.0986702
8.12161 0.0993778
8.1227 0.100465
8.12488 0.0986138
8.12924 0.0989367
8.13507 0.100738
8.1394 0.0990145
8.14318 0.0987612
8.14709 0.0986391
8.15135 0.0988587
8.15519 0.0986705
8.15942 0.0988709
8.16375 0.0991651
8.16786 0.0992371
8.17327 0.100621
8.17738 0.0986759
8.18155 0.0988077
8.18552 0.0987454
8.19122 0.100415
8.19462 0.0945645
8.19513 0.0991116
8.19526 0.09924
8.19948 0.0994261
8.20024 0.100193
8.20275 0.0986621
8.20697 0.0988551
8.2071 0.0989834
8.21133 0.0991764
8.21485 0.0986692
8.21883 0.0986088
8.22492 0.0986497
8.22899 0.0986842
8.23363 0.0992945
8.23709 0.0987196
8.24138 0.0989798
8.24507 0.0986315
8.2492 0.0987312
8.25314 0.0986402
8.25718 0.0986461
8.26375 0.101182
8.26773 0.0991045
8.2716 0.0989469
8.27535 0.0986648
8.27942 0.0987023
8.28423 0.0994731
8.28852 0.0997304
8.28865 0.0998587
8.29358 0.100761
8.29461 0.0945564
8.29672 0.0986901
8.30095 0.0988841
8.30502 0.0989176
8.31091 0.10078
8.31483 0.0986408
8.31908 0.0988649
8.32325 0.0989967
8.32756 0.0992795
8.33167 0.0993486
8.33507 0.0987125
8.33933 0.098944
8.33946 0.0990724
8.34311 0.0986906
8.34718 0.0987281
8.35334 0.100851
8.35719 0.0986498
8.36119 0.098624
8.36523 0.0986264
8.36949 0.0988505
8.36962 0.0989789
8.37332 0.0986538
8.37736 0.0986596
8.38153 0.0987914
8.38563 0.0988576
8.39108 0.10027
8.3946 0.0945483
8.39524 0.0992237
8.40078 0.100733
8.4052 0.0991006
8.40533 0.099229
8.40898 0.0988496
8.4129 0.0987276
8.41302 0.098856
8.4169 0.0986983
8.42174 0.0995032
8.42495 0.0986765
8.42898 0.0986799
8.43356 0.099228
8.43709 0.0987232
8.44318 0.0987611
8.44709 0.0986351
8.45125 0.0987653
8.45519 0.0986704
8.45941 0.0988589
8.46377 0.0991802
8.46784 0.0992172
8.47201 0.0993519
8.47531 0.098618
8.48146 0.100738
8.48159 0.100867
8.48588 0.0991072
8.49062 0.0998153
8.49459 0.0945412
8.49511 0.0990883
8.50022 0.10017
8.50272 0.0986387
8.50708 0.0989601
8.51146 0.0993125
8.51486 0.0986769
8.51883 0.0986166
8.52326 0.0990052
8.52899 0.100705
8.5336 0.0992672
8.537 0.098634
8.54146 0.0990537
8.54514 0.0987054
8.54918 0.0987118
8.55322 0.0987181
8.55335 0.0988465
8.55719 0.0986578
8.56156 0.0989865
8.56528 0.0986734
8.57162 0.100987
8.57535 0.0986574
8.57942 0.0986948
8.58409 0.0993372
8.58422 0.0994656
8.58742 0.098636
8.59354 0.100718
8.59469 0.0946422
8.59668 0.0986476
8.60098 0.0989078
8.60488 0.0987817
8.60885 0.0987174
8.61279 0.0986265
8.61923 0.10103
8.6234 0.0991448
8.62756 0.0992721
8.63166 0.0993411
8.63509 0.0987361
8.63941 0.0990258
8.64303 0.0986125
8.64707 0.0986188
8.65124 0.098753
8.65518 0.0986621
8.66156 0.0989898
8.66525 0.0986416
8.66947 0.0988345
8.67332 0.0986458
8.67736 0.0986516
8.68152 0.0987834
8.68562 0.0988496
8.69107 0.100262
8.6912 0.100391
8.69465 0.0946025
8.69504 0.0990212
8.69517 0.0991496
8.70022 0.100173
8.70273 0.0986418
8.70887 0.100757
8.71291 0.0987467
8.71692 0.098718
8.7217 0.0994601
8.7249 0.0986334
8.72894 0.0986368
8.73362 0.0992822
8.73699 0.0986179
8.74131 0.0989092
8.74711 0.100675
8.75128 0.0987924
8.75519 0.0986704
8.75933 0.0987735
8.76378 0.0991881
8.76778 0.0991589
8.77194 0.0992897
8.77534 0.098657
8.78034 0.0996219
8.78425 0.0994969
8.78874 0.0999482
8.78887 0.100077
8.79341 0.0985728
8.79354 0.0987012
8.79469 0.0946419
8.79911 0.101081
8.80277 0.0986851
8.8071 0.0989794
8.81142 0.0992696
8.81488 0.0986997
8.81892 0.0987015
8.82321 0.0989617
8.82738 0.099093
8.83157 0.0992554
8.83703 0.100674
8.84222 0.0998127
8.8451 0.0986665
8.84917 0.0987039
8.85334 0.0988387
8.85721 0.0986771
8.86122 0.0986513
8.86526 0.0986576
8.86949 0.0988546
8.87337 0.0987009
8.88036 0.0996376
8.88049 0.099766
8.88427 0.0995126
8.88843 0.0996414
8.89353 0.100703
8.89365 0.100831
8.89468 0.094627
8.89667 0.0986323
8.90096 0.0988925
8.90499 0.0988909
8.90886 0.0987293
8.91281 0.0986384
8.91293 0.0987667
8.91681 0.0986096
8.9213 0.0990639
8.92754 0.101274
8.93168 0.099357
8.93507 0.0987209
8.9394 0.0990146
8.94305 0.0986328
8.94318 0.0987612
8.94706 0.0986041
8.95122 0.0987383
8.95514 0.0986162
8.95943 0.0988789
8.96523 0.100648
8.96943 0.0987927
8.97328 0.0986039
8.97731 0.0986098
8.98148 0.0987416
8.98571 0.0989361
8.99122 0.100411
8.99461 0.0945606
8.99512 0.0991077
8.99938 0.0993249
9.00277 0.0986893
9.00698 0.0988573
9.01101 0.0988591
9.01694 0.100753
9.02126 0.0990263
9.02139 0.0991547
9.02498 0.0987131
9.02902 0.0987165
9.03363 0.0992957
9.03706 0.0986896
9.04129 0.0988837
9.04504 0.0986016
9.04924 0.0987669
9.05517 0.100665
9.05921 0.0986531
9.06369 0.0991068
9.06766 0.0990425
9.06779 0.0991709
9.07131 0.0986586
9.07535 0.0986595
9.07974 0.0990159
9.08403 0.0992756
9.08851 0.0997264
9.09333 0.100503
9.10073 0.0986638
9.10688 0.100778
9.11133 0.099179
9.11498 0.0988001
9.11896 0.0987398
9.12325 0.099
9.12751 0.0992206
9.13161 0.0992896
9.1351 0.0987508
9.13908 0.0986939
9.14511 0.100686
9.14921 0.0987377
9.15325 0.098744
9.15726 0.0987187
9.16123 0.0986579
9.16526 0.0986602
9.16959 0.0989505
9.17337 0.0986995
9.17735 0.0986432
9.18151 0.098775
9.18869 0.0998969
9.19112 0.0982998
9.19465 0.0945945
9.19676 0.100745
9.20099 0.0989223
9.20534 0.0992402
9.20887 0.0987324
9.213 0.0988321
9.21684 0.0986394
9.22159 0.0993504
9.22171 0.0994788
9.22489 0.098617
9.22924 0.0989399
9.23508 0.100741
9.23943 0.0990488
9.24315 0.0987327
9.24713 0.0986729
9.25132 0.0988303
9.25516 0.098642
9.25943 0.0988735
9.26376 0.0991678
9.26786 0.0992398
9.27331 0.100654
9.27735 0.0986435
9.28151 0.0987753
9.28561 0.0988414
9.29119 0.100383
9.29471 0.0946605
9.29522 0.0992076
9.29951 0.0994599
9.30278 0.0986959
9.30701 0.0988888
9.31133 0.0991791
9.31486 0.0986719
9.31886 0.0986426
9.32495 0.1007
9.32902 0.098718
9.33363 0.0992932
9.33703 0.09866
9.34145 0.0990481
9.34511 0.0986693
9.34911 0.0986405
9.35315 0.0986469
9.35716 0.0986216
9.36367 0.101095
9.36774 0.0991152
9.37129 0.098638
9.37536 0.0986755
9.38039 0.0996714
9.38417 0.0994181
9.38843 0.0996437
9.39362 0.100803
9.39465 0.0945981
9.39677 0.0987319
9.40083 0.0987664
9.40096 0.0988948
9.40503 0.0989322
9.40885 0.0987124
9.41484 0.100672
9.4191 0.0988795
9.42339 0.0991397
9.42742 0.0991386
9.42755 0.099267
9.43169 0.0993672
9.43499 0.0986338
9.43935 0.0989626
9.44313 0.0987092
9.4472 0.0987466
9.45336 0.10087
9.45721 0.0986684
9.46163 0.0990554
9.46525 0.098641
9.46947 0.098834
9.47332 0.0986452
9.47736 0.0986511
9.48152 0.0987829
9.48165 0.0989113
9.48562 0.098849
9.49075 0.0999423
9.49459 0.0945397
9.4951 0.0990868
9.49943 0.0993781
9.5002 0.100145
9.50497 0.100883
9.50888 0.0987438
9.51298 0.0988124
9.51682 0.0986196
9.52175 0.0995178
9.52496 0.0986911
9.52893 0.0986283
9.53361 0.0992737
9.53701 0.0986405
9.54316 0.100761
9.54711 0.0986531
9.55127 0.0987834
9.55518 0.0986613
9.5595 0.0989511
9.56376 0.0991712
9.56777 0.0991459
9.5679 0.0992743
9.572 0.0993428
9.57533 0.098644
9.58149 0.100764
9.5859 0.0991332
9.58891 0.0981095
9.59462 0.0945672
9.59513 0.100293
9.60025 0.100196
9.60275 0.0986647
9.60707 0.098955
9.61146 0.0993074
9.61486 0.0986718
9.61886 0.0986426
9.62315 0.0989028
9.62739 0.0991002
9.63363 0.101314
9.63703 0.098664
9.64155 0.0991493
9.64507 0.0986376
9.64911 0.09864
9.65331 0.0988058
9.65719 0.0986521
9.66123 0.0986614
9.6653 0.0986989
9.67197 0.101332
9.67537 0.0986828
9.67944 0.0987203
9.68412 0.0993627
9.68841 0.09962
9.69353 0.100713
9.69469 0.0946366
9.69668 0.098642
9.70097 0.0989021
9.7049 0.0988033
9.70503 0.0989316
9.70887 0.0987389
9.71282 0.098648
9.71294 0.0987764
9.71682 0.0986193
9.72323 0.100996
9.72755 0.0992664
9.73169 0.0993666
9.73499 0.0986332
9.73947 0.0990824
9.74325 0.0988291
9.74709 0.0986408
9.7512 0.0987128
9.75524 0.0987192
9.76162 0.101064
9.76533 0.0987298
9.76947 0.0988294
9.77331 0.0986407
9.77735 0.0986465
9.78152 0.0987783
9.78562 0.0988445
9.78574 0.0989728
9.79119 0.100386
9.79471 0.0946636
9.7951 0.0990823
9.79949 0.0994358
9.80276 0.0986718
9.80686 0.0987403
9.81288 0.100727
9.81301 0.100856
9.81695 0.098744
9.82169 0.099451
9.82492 0.0986554
9.82899 0.0986899
9.83364 0.0993002
9.83701 0.0986359
9.8413 0.0988961
9.84143 0.0990245
9.84518 0.0987425
9.8513 0.100831
9.85521 0.0986919
9.85935 0.098795
9.86374 0.0991514
9.86777 0.0991533
9.8713 0.098645
9.87534 0.0986514
9.87951 0.0987861
9.88418 0.0994285
9.88867 0.0998798
9.89354 0.098699
9.89469 0.0946397
9.89668 0.098645
9.9027 0.100634
9.90712 0.0990043
9.91141 0.0992635
9.91488 0.0986935
9.91894 0.0987265
9.92314 0.0988894
9.92737 0.0990869
9.9316 0.0992804
9.935 0.0986442
9.94157 0.101184
9.94516 0.0987215
9.94919 0.0987239
9.95323 0.0987302
9.95336 0.0988586
9.9572 0.0986619
9.96121 0.0986361
9.96525 0.0986425
9.96954 0.0989056
9.97339 0.0987208
9.97945 0.100747
9.9799 0.101195
9.98429 0.099532
9.98858 0.0997893
9.98871 0.0999177
9.99351 0.100687
9.99466 0.0946113
9.99678 0.0987451

