% time_sec delay_sec
1.18399 0.083826
1.18399 0.083826
1.28401 0.0838523
1.384 0.0838391
1.48174 0.385597
1.48399 0.0838334
1.5837 0.0835355
1.684 0.0838417
1.78399 0.0838281
1.78449 0.385672
1.88369 0.0835337
1.98319 0.282362
1.98546 0.0852769
1.98721 0.0890492
1.99126 0.0890599
2.08315 0.176917
2.09122 0.089019
2.09524 0.0890129
2.09928 0.0890153
2.10331 0.0890166
2.10735 0.089014
2.11135 0.0889887
2.11148 0.0891171
2.11546 0.0890568
2.12151 0.0890655
2.12555 0.0890679
2.12946 0.0889424
2.13356 0.089008
2.13763 0.0890478
2.14224 0.0896201
2.14589 0.0892413
2.14602 0.0893697
2.14974 0.089056
2.15406 0.0893428
2.15983 0.0910799
2.16387 0.089069
2.1681 0.0892694
2.17204 0.0891744
2.17595 0.0890514
2.18111 0.0901757
2.18508 0.0849016
2.18534 0.0891919
2.18547 0.0893203
2.18918 0.0890007
2.19347 0.0892569
2.19852 0.0902766
2.20167 0.0893842
2.20727 0.0909583
2.21147 0.0891034
2.21576 0.0893626
2.21948 0.0890489
2.22346 0.0889896
2.22759 0.0890898
2.23172 0.0891899
2.23556 0.0889972
2.24021 0.0896065
2.24065 0.0900544
2.2436 0.0889703
2.24373 0.0890987
2.24969 0.0910235
2.25405 0.0893326
2.25777 0.0890189
2.26178 0.0889936
2.26582 0.0890029
2.26986 0.0890092
2.2739 0.0890111
2.27787 0.0889547
2.28409 0.0911349
2.2855 0.0853156
2.28806 0.0898943
2.29133 0.0891303
2.29857 0.0923376
2.30126 0.0889805
2.3053 0.0889869
2.3094 0.0890509
2.31376 0.0893768
2.31747 0.0890591
2.32142 0.0889682
2.32554 0.0890599
2.32952 0.0890006
2.33368 0.0891324
2.34025 0.0896547
2.34359 0.0889563
2.34785 0.0891849
2.35209 0.0893853
2.3559 0.089166
2.35981 0.0890468
2.36379 0.0889865
2.36782 0.0889883
2.37205 0.0891773
2.37791 0.0910117
2.38115 0.0881964
2.38544 0.0852585
2.38858 0.0924303
2.3914 0.0892016
2.39153 0.08933
2.39525 0.0890139
2.39922 0.0889546
2.40335 0.0890503
2.40742 0.0890877
2.41168 0.0893118
2.41578 0.0893764
2.4195 0.0890627
2.42555 0.0910858
2.42946 0.0889435
2.43363 0.0890753
2.43764 0.089053
2.44186 0.0892475
2.44199 0.0893759
2.44584 0.0891877
2.44975 0.0890646
2.45398 0.0892581
2.4541 0.0893865
2.45782 0.0890728
2.46183 0.0890435
2.4681 0.0912868
2.47202 0.0891479
2.47214 0.0892763
2.47593 0.0890288
2.48135 0.09041
2.48519 0.0850074
2.48557 0.0894261
2.48935 0.0891728
2.49365 0.089433
2.49857 0.0903242
2.50127 0.0889839
2.50171 0.0894318
2.5053 0.0889863
2.50543 0.0891147
2.5094 0.0890504
2.51574 0.0913608
2.51943 0.0889953
2.52353 0.0890644
2.5275 0.089005
2.53173 0.0891985
2.53551 0.0889476
2.54054 0.089943
2.54067 0.0900714
2.54369 0.0890536
2.54792 0.089251
2.55167 0.0889685
2.55212 0.0894164
2.55776 0.0890088
2.56174 0.0889524
2.56584 0.0890244
2.56991 0.0890619
2.57389 0.0890055
2.57825 0.0893308
2.58402 0.0910631
2.58542 0.0852438
2.58843 0.0902704
2.59138 0.0891869
2.59523 0.0889992
2.5993 0.0890332
2.60538 0.0910829
2.60939 0.0890408
2.61336 0.088981
2.61746 0.089049
2.62202 0.089566
2.62246 0.0900139
2.6256 0.0891205
2.62951 0.088995
2.63355 0.0889984
2.63765 0.0890654
2.64364 0.0910228
2.64774 0.0890751
2.65166 0.088956
2.65592 0.0891846
2.65983 0.0890655
2.66381 0.0890091
2.66781 0.0889798
2.66794 0.0891082
2.67205 0.0891768
2.67586 0.0889564
2.68121 0.0902714
2.68134 0.0903997
2.68518 0.0849972
2.68543 0.0892875
2.68556 0.0894159
2.68947 0.0892909
2.69556 0.0913456
2.7004 0.0901308
2.70328 0.0889846
2.70732 0.0889874
2.71168 0.0893128
2.71181 0.0894412
2.71578 0.0893774
2.71943 0.088998
2.72404 0.0895737
2.72811 0.0896082
2.73372 0.0911834
2.7376 0.0890159
2.74215 0.08953
2.74228 0.0896584
2.74596 0.0893106
2.74975 0.0890631
2.75398 0.0892606
2.7577 0.0889469
2.75783 0.0890753
2.76176 0.0889799
2.76587 0.0890474
2.7699 0.0890498
2.77586 0.0889612
2.77926 0.0883222
2.78515 0.0849709
2.78554 0.090568
2.78913 0.0889451
2.79371 0.0894932
2.79857 0.0903223
2.80126 0.088982
2.80533 0.0890194
2.80934 0.0889902
2.80947 0.0891186
2.81337 0.0889925
2.81747 0.0890566
2.82344 0.0909859
2.82757 0.0890693
2.8318 0.0892667
2.83552 0.0889536
2.84061 0.0900147
2.84369 0.089059
2.84792 0.0892525
2.85209 0.0893868
2.85587 0.0891323
2.8618 0.0910329
2.86584 0.0890254
2.86991 0.0890629
2.87389 0.0890065
2.87828 0.0893629
2.88405 0.0910952
2.88546 0.0852759
2.88738 0.0892156
2.89129 0.0890906
2.89539 0.0891562
2.8993 0.0890312
2.90329 0.0889945
2.90739 0.0890591
2.91373 0.0913696
2.91742 0.089004
2.92152 0.0890731
2.92559 0.0891066
2.92956 0.0890473
2.9336 0.0890507
2.93373 0.0891791
2.93757 0.0889893
2.9377 0.0891177
2.94244 0.0898183
2.94596 0.0893111
2.95208 0.0913988
2.9558 0.0890655
2.95971 0.0889463
2.96385 0.0890495
2.96808 0.0892499
2.97212 0.0892562
2.97591 0.0890047
2.98122 0.0902846
2.98538 0.0852016
2.9859 0.0897487
2.98955 0.0893669
2.99358 0.0893703
2.99826 0.0900082
3.00332 0.0910417
3.00733 0.0890023
3.0116 0.0892303
3.01544 0.0890416
3.01948 0.0890474
3.02342 0.0889564
3.02839 0.0898862
3.03178 0.0892506
3.03553 0.0889646
3.04188 0.091275
3.04572 0.0890735
3.04964 0.0889539
3.054 0.0892797
3.05778 0.0890322
3.06186 0.0890726
3.06586 0.0890468
3.06984 0.0889865
3.07384 0.0889562
3.07791 0.0889921
3.08313 0.0881608
3.09358 0.0913787
3.09825 0.0900063
3.10133 0.0890507
3.10537 0.0890594
3.10941 0.0890608
3.11405 0.089671
3.11741 0.0889988
3.12165 0.0891963
3.12549 0.089008
3.13174 0.0912223
3.13552 0.0889545
3.1402 0.0896028
3.1437 0.089064
3.1478 0.0891331
3.14793 0.0892614
3.15203 0.0893335
3.15588 0.0891452
3.15983 0.0890572
3.16383 0.0890285
3.16985 0.0910189
3.17389 0.089008
3.17793 0.0890138
3.18418 0.0912251
3.18431 0.0913535
3.18546 0.0852774
3.18847 0.090304
3.19129 0.0890921
3.19523 0.0889977
3.19933 0.0890667
3.2033 0.088999
3.20736 0.0890324
3.2114 0.0890388
3.21535 0.0889478
3.22153 0.0911023
3.22557 0.0890918
3.22958 0.0890636
3.23362 0.089067
3.23753 0.0889474
3.24214 0.0895271
3.24227 0.0896555
3.24586 0.0892105
3.24964 0.088959
3.2541 0.0893782
3.25977 0.091018
3.26387 0.0890693
3.26798 0.0891413
3.2681 0.0892696
3.27214 0.089272
3.27596 0.0890556
3.28121 0.0902773
3.28518 0.0850031
3.28557 0.0894218
3.28948 0.0892968
3.29364 0.0894286
3.29854 0.0902888
3.30168 0.0893964
3.30536 0.0890447
3.3116 0.0912534
3.31577 0.0893674
3.31945 0.0890191
3.32343 0.0889598
3.32798 0.0894768
3.33172 0.0891913
3.33557 0.0890025
3.34063 0.0900325
3.34371 0.0890769
3.34964 0.0909745
3.354 0.0892836
3.35782 0.0890672
3.36173 0.0889447
3.36186 0.0890731
3.36583 0.0890167
3.36987 0.089023
3.37391 0.0890249
3.37792 0.0889996
3.384 0.0910514
3.38413 0.0911798
3.38541 0.0852321
3.38842 0.0902586
3.39124 0.0890468
3.39522 0.0889874
3.40124 0.0909794
3.40531 0.0889961
3.40941 0.0890602
3.4138 0.0894132
3.41748 0.0890644
3.42152 0.0890708
3.42555 0.0890692
3.42953 0.0890098
3.43369 0.0891416
3.44026 0.0916772
3.44366 0.0890249
3.44776 0.0890939
3.45168 0.0889748
3.45594 0.0892034
3.45972 0.0889559
3.46379 0.0889928
3.4678 0.0889676
3.47206 0.0891916
3.47793 0.091026
3.48119 0.0882423
3.48132 0.0883707
3.48517 0.0849849
3.48542 0.0892752
3.49151 0.09133
3.49523 0.0889971
3.49952 0.0892573
3.50337 0.0890691
3.50731 0.0889781
3.51157 0.0892062
3.51541 0.0890134
3.51945 0.0890198
3.52368 0.0892138
3.52958 0.0910774
3.53361 0.089064
3.53759 0.0890106
3.54214 0.0895246
3.54586 0.089208
3.54964 0.0889565
3.55409 0.0893757
3.55781 0.089062
3.56179 0.0890017
3.56804 0.0912178
3.57201 0.0891412
3.57214 0.0892695
3.57586 0.0889559
3.58137 0.0904343
3.5854 0.0852229
3.58592 0.08977
3.58944 0.0892598
3.59364 0.0894227
3.59828 0.0900295
3.60168 0.0893939
3.60536 0.0890422
3.60936 0.089013
3.61375 0.0893699
3.61946 0.0910409
3.62343 0.0889648
3.6276 0.0890961
3.63173 0.0891962
3.63551 0.0889453
3.64019 0.0895936
3.64359 0.0889574
3.64782 0.0891549
3.64795 0.0892833
3.65206 0.0893553
3.6577 0.0909645
3.66174 0.0889536
3.66584 0.0890256
3.66991 0.0890631
3.67389 0.0890067
3.6779 0.0889814
3.68414 0.0911927
3.68543 0.085245
3.68844 0.0902716
3.69126 0.0890597
3.69139 0.089188
3.69523 0.0889964
3.69926 0.0889993
3.70336 0.0890638
3.70942 0.0910859
3.71336 0.0889782
3.71746 0.0890462
3.72153 0.0890837
3.7256 0.0891171
3.72948 0.0889605
3.73358 0.0890261
3.73758 0.0889959
3.74241 0.0897978
3.7478 0.0911507
3.75165 0.0889487
3.75581 0.08908
3.75594 0.0892084
3.75973 0.0889609
3.76383 0.0890329
3.76794 0.0891049
3.77204 0.0891734
3.77586 0.0889531
3.7812 0.090268
3.78517 0.0849939
3.78543 0.0892842
3.78934 0.0891592
3.79363 0.0894194
3.80039 0.0921402
3.80334 0.0890395
3.80734 0.0890112
3.81176 0.0893988
3.81535 0.0889493
3.81939 0.0889551
3.82342 0.088958
3.82797 0.089475
3.8281 0.0896034
3.83176 0.0892245
3.83753 0.0909656
3.84183 0.089209
3.84587 0.0892154
3.84968 0.088999
3.85404 0.0893248
3.85776 0.0890111
3.86173 0.0889468
3.86577 0.0889521
3.8699 0.0890518
3.87587 0.09098
3.87856 0.087623
3.88407 0.0890984
3.88516 0.0849764
3.88926 0.0910958
3.89371 0.0894987
3.89384 0.0896271
3.89858 0.0903277
3.90127 0.0889874
3.90537 0.0890565
3.90934 0.0889922
3.91405 0.0896686
3.91737 0.0889579
3.92263 0.0901766
3.92759 0.0911093
3.93173 0.0891927
3.93557 0.0890079
3.94058 0.0899757
3.94359 0.0889539
3.94781 0.0891474
3.94794 0.0892758
3.95205 0.0893478
3.95586 0.0891285
3.95981 0.0890405
3.96577 0.0909682
3.96981 0.0889578
3.97391 0.0890298
3.97792 0.0890045
3.98414 0.0911847
3.98542 0.085237
3.98734 0.0891766
3.99138 0.08918
3.99522 0.0889923
3.99926 0.0889952
4.00332 0.0890247
4.00736 0.0890288
4.0114 0.0890351
4.01153 0.0891635
4.01746 0.0910566
4.02146 0.0890146
4.02556 0.0890792
4.02954 0.0890198
4.03357 0.0890233
4.03755 0.0889658
4.04216 0.0895421
4.04229 0.0896705
4.04562 0.0889721
4.04966 0.0889769
4.05588 0.091159
4.05982 0.0890537
4.06395 0.0891534
4.0678 0.0889681
4.07188 0.0890085
4.07586 0.088955
4.08111 0.0901756
4.09332 0.0891067
4.09821 0.0899647
4.10129 0.0890096
4.10738 0.0910652
4.11148 0.0891165
4.11161 0.0892448
4.11536 0.0889588
4.1194 0.0889641
4.1235 0.0890332
4.1276 0.0891023
4.12805 0.0895502
4.13164 0.0891052
4.13177 0.0892335
4.13558 0.0890097
4.14054 0.0899424
4.14589 0.0912603
4.14971 0.0890232
4.15407 0.0893491
4.15779 0.0890354
4.16176 0.088979
4.16581 0.0889883
4.16988 0.0890257
4.17385 0.0889654
4.17795 0.0890334
4.18407 0.0911163
4.18548 0.085297
4.1874 0.0892366
4.18849 0.0903236
4.19121 0.0890144
4.19858 0.0923466
4.20127 0.0889896
4.20531 0.0889959
4.20944 0.0890911
4.21335 0.088969
4.21748 0.0890682
4.22152 0.0890745
4.22549 0.0890107
4.22947 0.0889514
4.23552 0.0909739
4.24027 0.0896682
4.2436 0.0889699
4.24777 0.0891011
4.25168 0.088982
4.25582 0.0890822
4.25973 0.0889631
4.26383 0.0890317
4.26781 0.0889713
4.27395 0.0910861
4.27793 0.089013
4.2812 0.0882455
4.28549 0.0853077
4.28863 0.0924794
4.29145 0.0892507
4.29536 0.0891258
4.29936 0.0890976
4.30327 0.0889676
4.30734 0.089005
4.31157 0.089202
4.3156 0.0892003
4.31945 0.0890156
4.32557 0.0911043
4.32954 0.0890282
4.33358 0.0890317
4.33756 0.0889742
4.34191 0.0892972
4.34599 0.0893346
4.34964 0.0889547
4.35406 0.0893428
4.35771 0.0889629
4.36383 0.0910467
4.368 0.0891641
4.37204 0.0891705
4.37595 0.0890514
4.38137 0.0904325
4.38521 0.0850299
4.38547 0.0893203
4.38938 0.0891953
4.39354 0.0893271
4.39853 0.0902805
4.40167 0.0893882
4.40535 0.0890365
4.40942 0.0890734
4.41554 0.0911582
4.41567 0.0912866
4.41945 0.0890188
4.42343 0.0889595
4.42753 0.0890286
4.43176 0.0892221
4.43554 0.0889711
4.44057 0.0899666
4.44361 0.0889798
4.44784 0.0891773
4.454 0.0913006
4.45778 0.0890324
4.46176 0.088976
4.46587 0.0890475
4.46991 0.0890538
4.47391 0.0890286
4.47795 0.0890344
4.48404 0.0910862
4.48545 0.0852668
4.48737 0.0892065
4.48846 0.0902934
4.49115 0.0889532
4.49128 0.0890815
4.49525 0.0890222
4.49922 0.0889594
4.49935 0.0890878
4.50531 0.0910092
4.50941 0.0890604
4.51338 0.0890006
4.51748 0.0890686
4.52152 0.089075
4.52562 0.0891395
4.52953 0.089014
4.53357 0.0890174
4.53755 0.088964
4.5437 0.0910809
4.54783 0.0891643
4.55165 0.0889479
4.55584 0.0891103
4.55976 0.0889912
4.56393 0.0891259
4.56781 0.0889723
4.57203 0.0891652
4.57595 0.0890461
4.5813 0.0903611
4.58514 0.0849585
4.5854 0.0892489
4.5893 0.0891239
4.58943 0.0892523
4.59542 0.0912097
4.59962 0.0893558
4.60337 0.0890703
4.60734 0.089011
4.6117 0.0893363
4.61561 0.0892063
4.61945 0.0890216
4.62394 0.0894729
4.62842 0.0899242
4.63371 0.0911764
4.63762 0.08904
4.64217 0.0895541
4.64599 0.0893347
4.64974 0.0890521
4.65397 0.0892496
4.65772 0.088967
4.66182 0.0890351
4.66579 0.0889742
4.67207 0.0912145
4.67219 0.0913429
4.67588 0.0889813
4.67928 0.0883423
4.68517 0.084991
4.68556 0.0905881
4.68915 0.0889652
4.6936 0.0893849
4.69862 0.0903735
4.70163 0.0893527
4.70539 0.0890706
4.70935 0.0890063
4.71406 0.0896788
4.71736 0.0889488
4.72345 0.0910035
4.72749 0.0889897
4.72762 0.0891181
4.73175 0.0892182
4.73553 0.0889673
4.73958 0.0889766
4.74361 0.0889795
4.74781 0.0891418
4.75172 0.0890227
4.75589 0.089154
4.76182 0.0910506
4.76586 0.0890431
4.7698 0.0889522
4.77391 0.0890242
4.77798 0.0890611
4.78407 0.0911129
4.78547 0.0852936
4.7874 0.0892333
4.79118 0.0889799
4.79131 0.0891083
4.79525 0.0890139
4.79928 0.0890168
4.80331 0.0890152
4.80728 0.0889514
4.80741 0.0890797
4.81337 0.0910085
4.81741 0.0889936
4.82279 0.0903407
4.82564 0.0891594
4.82955 0.0890344
4.83359 0.0890378
4.83759 0.0890075
4.84243 0.0898094
4.84589 0.089236
4.85172 0.0910353
4.85582 0.0890876
4.85974 0.0889685
4.86397 0.0891655
4.86794 0.0891091
4.87211 0.0892438
4.87593 0.0890274
4.88131 0.0903735
4.88515 0.0849709
4.88554 0.0893896
4.88945 0.0892647
4.89348 0.0892681
4.89829 0.0900384
4.90335 0.0910718
4.90736 0.0890269
4.91175 0.0893833
4.91569 0.0892884
4.91941 0.0889747
4.92354 0.0890749
4.92806 0.0895568
4.93161 0.0890806
4.93552 0.0889581
4.94187 0.0912685
4.94587 0.089223
4.94966 0.0889716
4.95401 0.0892974
4.9578 0.0890499
4.96178 0.0889935
4.96579 0.0889683
4.96988 0.0890328
4.97386 0.0889725
4.97895 0.0900336
4.98404 0.0890755
4.98545 0.085273
4.98738 0.0892127
4.99385 0.0916525
4.99859 0.0903404
5.0016 0.0893196
5.00533 0.0890122
5.00943 0.0890802
5.01343 0.0890515
5.01743 0.0890183
5.02147 0.0890241
5.02551 0.0890265
5.03185 0.091338
5.03557 0.089008
5.04026 0.0896563
5.04362 0.0889891
5.04763 0.0889599
5.0517 0.0890002
5.0558 0.0890653
5.05974 0.0889728
5.06384 0.0890414
5.06987 0.0910353
5.07394 0.0890584
5.07795 0.0890321
5.08321 0.0902566
5.09125 0.0890529
5.09522 0.0889886
5.09932 0.0890577
5.10332 0.08902
5.10739 0.0890564
5.11137 0.089
5.11537 0.0889707
5.12146 0.0910274
5.12159 0.0911557
5.12556 0.0890797
5.12954 0.0890203
5.1336 0.0890549
5.13758 0.0889974
5.14194 0.0893204
5.14601 0.0893578
5.14966 0.0889779
5.15405 0.0893349
5.15979 0.0910409
5.16386 0.0890611
5.16803 0.0891953
5.17216 0.0892949
5.17585 0.0889501
5.18127 0.0903313
5.18524 0.0850571
5.18549 0.0893474
5.1894 0.0892225
5.19353 0.0893192
5.19366 0.0894476
5.19855 0.0903038
5.20125 0.0889635
5.20169 0.0894114
5.20528 0.0889619
5.20541 0.0890903
5.21152 0.0911705
5.21165 0.0912989
5.21556 0.0891567
5.21568 0.0892851
5.2194 0.0889674
5.2235 0.0890365
5.22761 0.0891055
5.23177 0.0892368
5.23564 0.0890752
5.24058 0.0899768
5.24362 0.0889901
5.24971 0.0910432
5.25407 0.0893523
5.25772 0.0889725
5.26176 0.0889783
5.26587 0.0890503
5.26984 0.0889905
5.27385 0.0889652
5.27789 0.088967
5.2841 0.0911472
5.28551 0.0853279
5.28839 0.0902261
5.28852 0.0903545
5.29121 0.0890142
5.29538 0.089146
5.30159 0.0913291
5.30531 0.0889952
5.30931 0.088962
5.31338 0.0889954
5.31738 0.0889662
5.32212 0.0896743
5.32554 0.0890613
5.32948 0.0889674
5.33365 0.0890992
5.33378 0.0892276
5.34031 0.0917316
5.34371 0.0890792
5.34775 0.0890821
5.35169 0.0889941
5.35583 0.0890943
5.35974 0.0889752
5.36381 0.0890126
5.36779 0.0889563
5.37202 0.0891492
5.37215 0.0892776
5.37792 0.0910187
5.38119 0.088235
5.38132 0.0883634
5.38519 0.0850087
5.38545 0.089299
5.39153 0.0913537
5.39525 0.0890209
5.39954 0.0892771
5.40329 0.0889876
5.40733 0.0889939
5.41156 0.0891909
5.41553 0.0891316
5.41941 0.0889779
5.4237 0.0892381
5.42954 0.091039
5.4337 0.089154
5.43755 0.0889682
5.44216 0.0895479
5.44588 0.0892313
5.44966 0.0889798
5.45409 0.0893678
5.45774 0.088988
5.46184 0.089056
5.46806 0.0912376
5.47213 0.0892582
5.47594 0.0890419
5.48133 0.0903919
5.48517 0.0849893
5.48556 0.089408
5.48934 0.0891547
5.49366 0.089446
5.49849 0.0902439
5.50163 0.0893515
5.50532 0.0890033
5.50938 0.0890362
5.51336 0.0889764
5.51381 0.0894243
5.51945 0.0910296
5.52348 0.0890162
5.52755 0.0890502
5.53178 0.0892477
5.53556 0.0889967
5.54056 0.0899645
5.54361 0.0889738
5.54784 0.0891713
5.55207 0.0893717
5.55771 0.0909769
5.56185 0.0890633
5.56579 0.0889753
5.56983 0.0889816
5.57394 0.0890536
5.57798 0.0890594
5.58406 0.0911112
5.58547 0.0852919
5.5874 0.0892316
5.58848 0.0903185
5.59118 0.0889782
5.5913 0.0891066
5.59524 0.0890122
5.59931 0.0890462
5.60328 0.0889864
5.60931 0.0909733
5.61334 0.0889589
5.61738 0.0889608
5.62212 0.0896689
5.62564 0.0891572
5.62949 0.0889695
5.63358 0.0890351
5.63756 0.0889777
5.64195 0.0893317
5.64775 0.0911009
5.6517 0.0889961
5.65586 0.0891274
5.65974 0.0889732
5.66394 0.0891391
5.66792 0.0890827
5.67202 0.0891512
5.67593 0.0890321
5.68119 0.0902498
5.68131 0.0903782
5.68548 0.0852952
5.68586 0.0897139
5.68951 0.0893321
5.69368 0.0894639
5.70044 0.0921887
5.70326 0.0889596
5.7073 0.0889659
5.71181 0.0894428
5.71559 0.0891889
5.71572 0.0893173
5.71944 0.0890041
5.72347 0.0890075
5.72802 0.0895245
5.73168 0.0891457
5.73181 0.0892741
5.73764 0.0910773
5.74194 0.0893208
5.74591 0.0892609
5.74973 0.0890445
5.75409 0.0893704
5.75778 0.0890256
5.76175 0.0889692
5.76579 0.088975
5.76986 0.0890085
5.77589 0.0910029
5.77858 0.0876459
5.78409 0.0891214
5.78518 0.0849993
5.78915 0.0909903
5.78928 0.0911187
5.79374 0.0895216
5.79837 0.090125
5.7985 0.0902534
5.80164 0.089361
5.80533 0.0890133
5.80933 0.088984
5.80946 0.0891124
5.8134 0.0890215
5.81744 0.0890233
5.82167 0.0892208
5.82763 0.0911426
5.83176 0.089226
5.83554 0.088975
5.83958 0.0889809
5.84362 0.0889838
5.84784 0.0891773
5.85169 0.088992
5.85579 0.0890571
5.85977 0.0890002
5.86579 0.0909906
5.86983 0.0889802
5.87384 0.0889549
5.87788 0.0889607
5.88409 0.0911409
5.8855 0.0853216
5.88838 0.0902198
5.89133 0.0891363
5.89537 0.0891397
5.8955 0.0892681
5.89922 0.088952
5.89935 0.0890804
5.90331 0.0890126
5.90737 0.0890421
5.91141 0.0890484
5.91154 0.0891768
5.91747 0.0910744
5.92266 0.0902137
5.92279 0.090342
5.92564 0.0891607
5.92949 0.088973
5.93359 0.0890386
5.93756 0.0889812
5.94195 0.0893352
5.94599 0.0893416
5.94968 0.0889968
5.95583 0.0911167
5.95975 0.0889808
5.96398 0.0891777
5.96802 0.0891836
5.97209 0.089221
5.97222 0.0893494
5.97588 0.0889735
5.98126 0.0903196
5.98523 0.0850454
5.98548 0.0893357
5.98939 0.0892107
5.99355 0.0893386
5.99368 0.089467
5.99854 0.090296
6.00124 0.0889557
6.00169 0.0894036
6.00739 0.0910769
6.01156 0.0891909
6.01569 0.0892906
6.01941 0.0889769
6.02345 0.0889832
6.02768 0.0891807
6.03165 0.0891174
6.03178 0.0892458
6.03556 0.0889909
6.04059 0.0899898
6.04572 0.0910855
6.04963 0.0889451
6.05399 0.0892709
6.05771 0.0889573
6.06178 0.0889976
6.06589 0.0890696
6.0698 0.0889471
6.07387 0.088983
6.07793 0.0890149
6.08315 0.0902009
6.09119 0.0889973
6.09837 0.0921368
6.10126 0.0889738
6.10532 0.0890097
6.10936 0.0890071
6.1134 0.0890134
6.1174 0.0889876
6.1217 0.0892478
6.1255 0.0890205
6.12948 0.0889612
6.13556 0.0910149
6.14031 0.0897091
6.14361 0.0889762
6.14787 0.0892008
6.15169 0.0889844
6.15585 0.0891157
6.15983 0.0890588
6.16383 0.0890301
6.1678 0.0889697
6.17396 0.0910885
6.178 0.0890776
6.1811 0.0881507
6.18123 0.088279
6.18552 0.0853412
6.18866 0.0925129
6.19135 0.0891559
6.19539 0.0891593
6.19936 0.0891
6.2033 0.0890011
6.20737 0.0890345
6.21166 0.0892977
6.21563 0.0892339
6.21948 0.0890491
6.22557 0.0911028
6.22948 0.088961
6.23364 0.0890928
6.23759 0.0890043
6.24194 0.0893272
6.24592 0.0892674
6.24967 0.0889848
6.25409 0.0893728
6.25778 0.0890281
6.26403 0.0912407
6.26797 0.0891325
6.27207 0.089201
6.27589 0.0889846
6.2814 0.0904631
6.28524 0.0850605
6.28537 0.0892224
6.2855 0.0893508
6.28941 0.0892258
6.29357 0.0893576
6.29853 0.09028
6.30167 0.0893876
6.30535 0.0890354
6.30935 0.0890062
6.31557 0.0911842
6.31569 0.0913126
6.31945 0.0890133
6.32348 0.0890167
6.32759 0.0890858
6.33178 0.0892482
6.33553 0.0889621
6.33957 0.088968
6.34367 0.089037
6.34777 0.0891061
6.3479 0.0892345
6.35406 0.0913578
6.35778 0.0890273
6.36179 0.0890021
6.36589 0.0890741
6.36987 0.0890142
6.37384 0.0889579
6.37791 0.0889948
6.38409 0.0911404
6.3855 0.0853211
6.38742 0.0892608
6.39121 0.0890074
6.39537 0.0891392
6.39925 0.0889826
6.39938 0.089111
6.40533 0.0910363
6.40931 0.0889591
6.41405 0.0896667
6.41741 0.088999
6.42216 0.089707
6.42555 0.0890669
6.42959 0.0890698
6.43362 0.0890693
6.4376 0.0890119
6.44362 0.0910038
6.44775 0.0890872
6.45166 0.0889642
6.45586 0.0891265
6.45978 0.0890074
6.46394 0.0891422
6.46779 0.0889574
6.47202 0.0891504
6.47593 0.0890313
6.48128 0.0903462
6.48525 0.0850721
6.48551 0.0893624
6.48942 0.0892374
6.49538 0.0911637
6.50031 0.0900422
6.50329 0.0889893
6.50732 0.0889916
6.50745 0.08912
6.51175 0.0893831
6.51572 0.0893193
6.51944 0.0890062
6.5236 0.089138
6.52815 0.0896549
6.5336 0.0910706
6.53373 0.091199
6.53758 0.0890004
6.54194 0.0893233
6.54591 0.0892635
6.54976 0.0890782
6.55399 0.0892757
6.55774 0.0889931
6.56185 0.0890611
6.56582 0.0890008
6.57222 0.0913695
6.57597 0.0890701
6.5793 0.0883689
6.5852 0.0850176
6.58558 0.0906147
6.58936 0.0891829
6.58949 0.0893113
6.59356 0.0893458
6.59852 0.0902682
6.60166 0.0893758
6.60534 0.0890241
6.60937 0.089026
6.61408 0.0896985
6.61741 0.0889956
6.6235 0.0910498
6.6275 0.0890049
6.62763 0.0891332
6.6318 0.0892645
6.63558 0.0890136
6.64058 0.0899814
6.64363 0.0889946
6.64785 0.0891842
6.65177 0.089065
6.65593 0.0891963
6.66183 0.0910578
6.6658 0.0889847
6.66987 0.0890221
6.67394 0.0890591
6.67789 0.0889676
6.6841 0.0911478
6.68551 0.0853285
6.6873 0.0891398
6.68839 0.0902267
6.69121 0.0890148
6.69531 0.0890804
6.69544 0.0892088
6.69929 0.0890211
6.70335 0.0890506
6.70732 0.0889868
6.70745 0.0891152
6.71405 0.0916829
6.71745 0.0890335
6.72155 0.0891025
6.72555 0.0890698
6.72959 0.0890732
6.73363 0.0890767
6.7376 0.0890153
6.74208 0.0894666
6.74593 0.0892783
6.75208 0.0913972
6.75586 0.08913
6.75978 0.0890108
6.76401 0.0892078
6.76792 0.0890852
6.77212 0.0892511
6.77597 0.0890658
6.78128 0.0903456
6.78525 0.0850715
6.78551 0.0893618
6.78942 0.0892368
6.79345 0.0892402
6.79851 0.0902639
6.80326 0.0909744
6.80733 0.088995
6.81178 0.0894137
6.81572 0.0893188
6.81944 0.0890056
6.82348 0.089009
6.82803 0.089526
6.82815 0.0896544
6.83168 0.0891472
6.83556 0.0889935
6.84197 0.0913706
6.84591 0.0892629
6.84966 0.0889804
6.85402 0.0893062
6.85781 0.0890547
6.86178 0.0889984
6.86589 0.0890704
6.86989 0.0890377
6.87389 0.0890084
6.87927 0.090354
6.88408 0.089108
6.88549 0.0853054
6.88741 0.0892451
6.89382 0.0916193
6.89836 0.0901166
6.90163 0.0893526
6.90535 0.0890395
6.90933 0.0889831
6.91404 0.0896595
6.91743 0.0890189
6.92147 0.0890253
6.92551 0.0890276
6.93179 0.0912729
6.93192 0.0914013
6.9356 0.0890363
6.94028 0.0896846
6.94362 0.0889863
6.94785 0.0891798
6.9517 0.0889945
6.95579 0.0890596
6.95592 0.089188
6.9598 0.0890338
6.96384 0.0890362
6.9699 0.0910617
6.97394 0.0890507
6.97791 0.0889943
6.98426 0.0913029
6.98554 0.0853552
6.98855 0.0903818
6.99124 0.0890415
6.99524 0.0890133
6.99922 0.088954
7.00331 0.0890146
7.00736 0.0890234
7.0114 0.0890298
7.01559 0.0891916
7.01572 0.08932
7.02142 0.0909909
7.02555 0.0890698
7.02959 0.0890733
7.03363 0.0890767
7.0376 0.0890192
7.04196 0.0893422
7.04561 0.0889628
7.04969 0.0890027
7.05408 0.0893596
7.05975 0.0910029
7.06395 0.089152
7.06806 0.089224
7.07184 0.0889725
7.07598 0.0890786
7.08111 0.0901708
7.09341 0.0891912
7.09855 0.0903065
7.10134 0.089063
7.10535 0.0890327
7.11153 0.0911827
7.11166 0.091311
7.11538 0.0889771
7.11944 0.0890096
7.12348 0.089013
7.12803 0.08953
7.13181 0.0892756
7.13559 0.0890206
7.13956 0.0889642
7.1436 0.0889676
7.14969 0.0910248
7.15405 0.0893339
7.15774 0.0889851
7.16181 0.089022
7.16578 0.0889617
7.16988 0.0890302
7.17395 0.0890672
7.17799 0.089073
7.18408 0.0911248
7.18549 0.0853054
7.1885 0.090332
7.19132 0.0891201
7.19548 0.0892519
7.20163 0.0913694
7.20538 0.0890666
7.20938 0.0890334
7.21339 0.0890046
7.21383 0.0894525
7.21742 0.0890065
7.22216 0.0897146
7.22555 0.0890705
7.22953 0.0890112
7.23369 0.089143
7.23382 0.0892714
7.23959 0.0910085
7.24366 0.0890262
7.24789 0.0892237
7.25171 0.0890073
7.25587 0.0891386
7.25982 0.0890506
7.26382 0.0890218
7.26783 0.0889926
7.27205 0.0891855
7.27218 0.0893139
7.27789 0.0909888
7.28129 0.0883335
7.28526 0.0850761
7.28551 0.0893664
7.29147 0.0912928
7.29596 0.0897273
7.29948 0.0892166
7.30332 0.0890244
7.30736 0.0890273
7.31166 0.0892904
7.31559 0.0891955
7.31947 0.0890419
7.32364 0.0891737
7.32957 0.0910678
7.33364 0.0890856
7.33761 0.0890282
7.34197 0.0893511
7.34604 0.0893885
7.34969 0.0890087
7.35405 0.0893345
7.35776 0.0890129
7.36177 0.0889876
7.36795 0.0911341
7.36808 0.0912625
7.37215 0.0892832
7.37587 0.0889655
7.38151 0.0905723
7.38522 0.0850414
7.38548 0.0893317
7.38942 0.0892378
7.39358 0.0893696
7.39854 0.090292
7.40155 0.0892712
7.40168 0.0893996
7.40533 0.0890163
7.4094 0.0890492
7.4134 0.0890205
7.41946 0.091042
7.42349 0.0890287
7.42759 0.0890938
7.43182 0.0892912
7.43558 0.0890092
7.44061 0.0900081
7.44365 0.0890174
7.44788 0.0892148
7.4517 0.0889984
7.45772 0.0909894
7.46183 0.0890446
7.4658 0.0889843
7.46987 0.0890217
7.47385 0.0889614
7.47798 0.0890645
7.48407 0.0911162
7.4842 0.0912446
7.48548 0.0852969
7.48849 0.0903235
7.49131 0.0891116
7.49547 0.0892395
7.49932 0.0890517
7.50332 0.089023
7.50934 0.09101
7.51338 0.0889956
7.51741 0.0889974
7.52215 0.0897055
7.52555 0.0890654
7.52952 0.0890061
7.53362 0.0890717
7.53759 0.0890103
7.54195 0.0893333
7.54778 0.0911336
7.55173 0.0890288
7.55589 0.0891601
7.5598 0.089037
7.5639 0.0891016
7.56403 0.08923
7.56794 0.0891074
7.57214 0.0892733
7.57595 0.0890529
7.58127 0.0903368
7.58524 0.0850626
7.5855 0.0893529
7.58941 0.0892279
7.59361 0.0893908
7.60046 0.092209
7.60328 0.0889798
7.60735 0.0890173
7.6117 0.0893386
7.61574 0.0893415
7.61943 0.0889967
7.62347 0.0890001
7.6277 0.0891976
7.63167 0.0891383
7.6318 0.0892667
7.6376 0.0910349
7.64196 0.089341
7.64593 0.0892812
7.64965 0.0889675
7.65401 0.0892933
7.65783 0.089077
7.66187 0.0890828
7.66581 0.0889913
7.66991 0.0890559
7.67587 0.0909801
7.67856 0.0876231
7.6841 0.0891297
7.68519 0.0850076
7.68948 0.0913181
7.69378 0.0895615
7.69854 0.0902933
7.70168 0.0894009
7.70534 0.0890221
7.70937 0.0890239
7.71405 0.0896693
7.71748 0.0890598
7.72171 0.0892573
7.72763 0.091148
7.7318 0.0892625
7.73558 0.0890115
7.74029 0.0896909
7.74365 0.0890197
7.74788 0.0892132
7.75173 0.0890279
7.75583 0.089093
7.75984 0.0890672
7.7658 0.0909994
7.76984 0.088989
7.77385 0.0889637
7.77789 0.0889696
7.78413 0.0911808
7.78554 0.0853615
7.78842 0.0902597
7.79137 0.0891762
7.79544 0.0892107
7.79929 0.089023
7.80332 0.0890214
7.80738 0.0890509
7.81155 0.0891856
7.81745 0.0910482
7.82142 0.0889721
7.82155 0.0891005
7.82555 0.0890678
7.82952 0.0890085
7.83362 0.0890741
7.8376 0.0890167
7.84196 0.0893396
7.846 0.0893459
7.84972 0.0890323
7.85584 0.091121
7.85978 0.0890162
7.86389 0.0890848
7.86401 0.0892132
7.86805 0.089219
7.87222 0.0893498
7.87591 0.089005
7.88135 0.0904172
7.8852 0.0850147
7.88558 0.0894334
7.88936 0.08918
7.88949 0.0893084
7.89356 0.0893429
7.89858 0.0903275
7.90159 0.0893067
7.90172 0.0894351
7.90732 0.0910093
7.91155 0.0891894
7.91562 0.0892234
7.91575 0.0893518
7.91944 0.0890031
7.92347 0.0890065
7.92805 0.0895545
7.93167 0.0891406
7.9318 0.089269
7.93558 0.0890141
7.93956 0.0889577
7.94593 0.0912969
7.94975 0.0890637
7.95401 0.0892923
7.95773 0.0889786
7.96187 0.0890817
7.96584 0.0890253
7.96988 0.0890277
7.97388 0.0889984
7.97799 0.0890665
7.98407 0.0911182
7.98548 0.0852989
7.9874 0.0892386
7.98849 0.0903255
7.99121 0.0890163
7.99134 0.0891447
7.99743 0.0891787
8.00165 0.0893732
8.00528 0.0889649
8.00938 0.0890329
8.01342 0.0890392
8.01743 0.08901
8.02153 0.0890791
8.02553 0.0890424
8.0295 0.0889831
8.03555 0.0910016
8.0403 0.0896954
8.04366 0.0890282
8.04764 0.0889678
8.05167 0.0889731
8.0559 0.0891706
8.05985 0.0890781
8.06385 0.0890493
8.06782 0.088989
8.07395 0.0910796
8.07796 0.0890365
8.08119 0.0882375
8.09128 0.0890846
8.09529 0.0890553
8.09939 0.0891204
8.10335 0.0890516
8.10738 0.0890529
8.11162 0.0892533
8.11546 0.0890606
8.11947 0.0890353
8.12559 0.0911211
8.1295 0.0889794
8.13366 0.0891112
8.13761 0.0890227
8.14228 0.0896651
8.14607 0.0894147
8.14971 0.0890308
8.1541 0.0893838
8.15782 0.0890701
8.16401 0.0912245
8.16799 0.0891514
8.17212 0.089251
8.17591 0.0890035
8.18155 0.0906104
8.18526 0.0850794
8.18552 0.0893697
8.18943 0.0892448
8.19359 0.0893766
8.19858 0.09033
8.20159 0.0893092
8.20172 0.0894376
8.20537 0.0890543
8.20937 0.0890251
8.21559 0.0891909
8.21572 0.0893193
8.21947 0.0890367
8.22351 0.0890401
8.22764 0.0891403
8.23171 0.0891743
8.23184 0.0893027
8.23565 0.0890788
8.24061 0.0900121
8.24366 0.0890253
8.24795 0.089285
8.25411 0.0914044
8.25773 0.0889766
8.26183 0.0890447
8.2658 0.0889843
8.2699 0.0890528
8.27388 0.0889925
8.27789 0.0889672
8.2841 0.0911474
8.28423 0.0912758
8.28551 0.0853281
8.28852 0.0903547
8.29121 0.0890144
8.29134 0.0891428
8.29538 0.0891462
8.30166 0.0913915
8.3054 0.0890887
8.30938 0.0890283
8.31335 0.0889685
8.31742 0.0890014
8.32216 0.0897095
8.32558 0.0890966
8.32955 0.0890372
8.33365 0.0891029
8.33766 0.0890805
8.34362 0.0910068
8.34789 0.0892186
8.35167 0.0889711
8.3559 0.0891686
8.35985 0.0890806
8.36395 0.0891492
8.36792 0.0890888
8.37204 0.0891765
8.37596 0.0890535
8.3814 0.0904657
8.38524 0.0850631
8.3855 0.0893535
8.39146 0.0912798
8.39582 0.0895859
8.39595 0.0897143
8.39937 0.0891098
8.40334 0.089046
8.40738 0.0890489
8.41168 0.089312
8.41562 0.0892171
8.4195 0.0890634
8.42366 0.0891952
8.42808 0.0895838
8.42821 0.0897122
8.43369 0.0891422
8.43761 0.0890226
8.44228 0.089665
8.44606 0.0894106
8.44971 0.0890308
8.45401 0.0892904
8.45778 0.089031
8.46175 0.0889667
8.46588 0.0890658
8.47213 0.091283
8.47226 0.0914114
8.47595 0.0890458
8.48146 0.0905243
8.48517 0.0849933
8.48588 0.0897315
8.48953 0.0893498
8.49357 0.0893532
8.49855 0.0903066
8.50157 0.0892859
8.5017 0.0894143
8.50531 0.0889998
8.50544 0.0891282
8.50941 0.0890639
8.51409 0.0897093
8.51948 0.0910612
8.52351 0.0890478
8.52764 0.089144
8.53181 0.0892753
8.53559 0.0890244
8.5396 0.0889991
8.54367 0.0890331
8.5479 0.0892305
8.55168 0.088983
8.55601 0.0892738
8.56181 0.091046
8.56579 0.0889728
8.56989 0.0890414
8.57387 0.088985
8.57801 0.0890881
8.58409 0.0911399
8.5855 0.0853206
8.58742 0.0892603
8.5912 0.0890069
8.59133 0.0891353
8.59546 0.089232
8.59931 0.0890443
8.60334 0.0890467
8.60937 0.0910336
8.61337 0.0889881
8.61744 0.0890211
8.62218 0.0897292
8.62557 0.0890891
8.62955 0.0890298
8.63365 0.0890954
8.63762 0.089034
8.64197 0.0893569
8.6421 0.0894853
8.64604 0.0893944
8.65175 0.0890525
8.65589 0.0891527
8.65983 0.0890607
8.66403 0.0892265
8.66797 0.0891351
8.67217 0.0892969
8.67595 0.0890455
8.68139 0.0904577
8.68524 0.0850552
8.68549 0.0893455
8.6894 0.0892205
8.69363 0.0894145
8.70048 0.0922326
8.7033 0.0890035
8.7074 0.089072
8.7117 0.0893312
8.71576 0.0893652
8.71945 0.0890204
8.72349 0.0890238
8.72817 0.0896691
8.7317 0.0891619
8.73182 0.0892903
8.73766 0.0910936
8.74221 0.0895909
8.74596 0.0893054
8.74968 0.0889917
8.75404 0.0893175
8.75782 0.08907
8.76176 0.0889786
8.76589 0.0890737
8.76993 0.0890761
8.77387 0.0889846
8.77855 0.0896329
8.78412 0.0891544
8.78521 0.0850323
8.78951 0.0913428
8.79367 0.0894539
8.7938 0.0895823
8.79847 0.0902247
8.80161 0.0893323
8.80537 0.0890502
8.80937 0.089021
8.81341 0.0890273
8.81744 0.0890292
8.82148 0.0890355
8.82751 0.0910241
8.82764 0.0911525
8.8317 0.0891697
8.83183 0.0892981
8.83561 0.0890471
8.83959 0.0889907
8.84363 0.0889941
8.84789 0.0892227
8.85168 0.0889752
8.85584 0.0891025
8.85984 0.0890767
8.86385 0.089048
8.86988 0.0890256
8.87389 0.0890003
8.87799 0.0890724
8.88414 0.0911869
8.88555 0.0853675
8.88843 0.0902657
8.89125 0.0890539
8.89138 0.0891822
8.89545 0.0892168
8.89929 0.089029
8.90333 0.0890274
8.90739 0.0890569
8.91146 0.0890944
8.91745 0.0910542
8.92143 0.0889782
8.92156 0.0891065
8.92556 0.0890738
8.92956 0.0890456
8.93366 0.0891112
8.93761 0.0890227
8.94228 0.0896651
8.94607 0.0894147
8.94972 0.0890348
8.95584 0.0911236
8.95982 0.0890499
8.96392 0.0891185
8.96405 0.0892469
8.96808 0.0892487
8.97225 0.0893795
8.97591 0.0890036
8.98135 0.0904158
8.98519 0.0850133
8.98558 0.089432
8.98936 0.0891786
8.98949 0.089307
8.99359 0.0893726
8.99848 0.0902288
9.00162 0.0893364
9.00736 0.0910451
9.01159 0.0892213
9.01565 0.0892548
9.01947 0.0890344
9.02344 0.0889751
9.02812 0.0896205
9.03171 0.0891755
9.03184 0.0893038
9.03565 0.08908
9.04064 0.0900444
9.04574 0.0911089
9.04965 0.0889691
9.05369 0.0889754
9.05776 0.0890124
9.06177 0.0889866
9.06581 0.0889924
9.06981 0.0889597
9.07388 0.0889956
9.07801 0.0890897
9.0839 0.0909498
9.08525 0.0850678
9.0873 0.0891354
9.09127 0.089076
9.09753 0.0912961
9.10137 0.0890916
9.10538 0.0890613
9.10941 0.0890587
9.11409 0.0897041
9.11742 0.0890047
9.12171 0.0892649
9.12552 0.0890376
9.12949 0.0889783
9.13555 0.0910009
9.13959 0.0889934
9.14363 0.0889968
9.1478 0.0891281
9.15171 0.0890089
9.15581 0.089078
9.15982 0.0890522
9.16386 0.0890546
9.16783 0.0889942
9.17209 0.0892183
9.17222 0.0893467
9.17799 0.089071
9.18138 0.0884325
9.18555 0.0853662
9.18869 0.0925379
9.19138 0.0891809
9.19542 0.0891843
9.19932 0.0890588
9.20336 0.0890572
9.20739 0.0890601
9.21162 0.089257
9.21556 0.0891581
9.21947 0.089039
9.22559 0.0911243
9.2295 0.0889826
9.23366 0.0891144
9.23764 0.089057
9.242 0.0893799
9.2461 0.0894484
9.24965 0.0889673
9.25407 0.0893554
9.25782 0.0890728
9.26401 0.0912272
9.26799 0.0891541
9.27216 0.0892888
9.27594 0.0890373
9.28151 0.090578
9.28523 0.085047
9.28548 0.0893373
9.28561 0.0894657
9.28939 0.0892124
9.28952 0.0893407
9.29356 0.0893442
9.29848 0.0902354
9.29861 0.0903638
9.30162 0.089343
9.3054 0.0890881
9.30941 0.0890588
9.31572 0.0913387
9.3195 0.0890705
9.32354 0.0890739
9.32767 0.0891741
9.33183 0.0893014
9.33562 0.0890504
9.33959 0.0889935
9.34363 0.0889969
9.34786 0.0891944
9.34799 0.0893228
9.35411 0.091411
9.3578 0.0890495
9.36187 0.0890864
9.36581 0.0889949
9.36992 0.0890635
9.37389 0.0890031
9.3779 0.0889778
9.38417 0.0912207
9.38526 0.0850819
9.38722 0.0890527
9.39125 0.0890561
9.39542 0.0891879
9.3993 0.0890313
9.39942 0.0891597
9.40529 0.0909917
9.40936 0.0890118
9.41337 0.0889831
9.41743 0.089016
9.42217 0.0897241
9.42557 0.089084
9.42957 0.0890558
9.43367 0.0891214
9.43755 0.0889707
9.44364 0.0910254
9.44778 0.0891088
9.45169 0.0889897
9.45592 0.0891872
9.45983 0.0890641
9.46393 0.0891327
9.46781 0.088975
9.46794 0.0891034
9.4721 0.0892302
9.47598 0.089076
9.48139 0.0904571
9.48152 0.0905855
9.48524 0.0850546
9.48549 0.0893449
9.48927 0.0890915
9.4894 0.0892199
9.49581 0.0915941
9.50032 0.0900598
9.50045 0.0901882
9.50337 0.0890691
9.5074 0.0890714
9.51176 0.0893968
9.51567 0.0892668
9.51579 0.0893952
9.51951 0.089078
9.52368 0.0892098
9.5281 0.0895984
9.53374 0.0912047
9.53387 0.0913331
9.53765 0.0890683
9.54201 0.0893912
9.54608 0.0894287
9.54967 0.0889826
9.55403 0.0893085
9.55784 0.0890881
9.56178 0.0889927
9.56581 0.0889945
9.57225 0.0914023
9.57597 0.0890718
9.57867 0.0877316
9.5852 0.0850193
9.5859 0.0909359
9.58956 0.0893758
9.59359 0.0893792
9.59858 0.0903326
9.60159 0.0893119
9.60172 0.0894403
9.60534 0.0890258
9.60941 0.0890588
9.61409 0.0897042
9.61748 0.0890675
9.62354 0.0910906
9.62764 0.0891429
9.63184 0.0893053
9.63562 0.0890543
9.63957 0.0889663
9.6436 0.0889652
9.64783 0.0891587
9.65177 0.0890707
9.65587 0.0891398
9.66181 0.0910404
9.66582 0.0889983
9.66992 0.0890669
9.6739 0.0890105
9.6779 0.0889852
9.68412 0.0911654
9.68553 0.0853461
9.68841 0.0902443
9.69123 0.0890324
9.69546 0.0892264
9.6993 0.0890387
9.70337 0.0890682
9.7074 0.0890666
9.7141 0.0917316
9.71746 0.0890471
9.72157 0.0891162
9.72557 0.0890835
9.72957 0.0890553
9.73367 0.0891209
9.73767 0.0890906
9.74248 0.0898614
9.74604 0.0893853
9.75171 0.0910291
9.75594 0.0892098
9.75976 0.0889894
9.76405 0.0892486
9.76796 0.089126
9.77216 0.0892918
9.77594 0.0890404
9.78139 0.0904526
9.78523 0.0850501
9.78562 0.0894688
9.78952 0.0893438
9.79356 0.0893472
9.79859 0.0903397
9.8033 0.0910191
9.80737 0.0890398
9.81179 0.0894233
9.81579 0.0893912
9.81944 0.0890113
9.82348 0.0890147
9.82809 0.0895939
9.83171 0.08918
9.83556 0.0889952
9.842 0.0914035
9.84595 0.0892958
9.84607 0.0894241
9.8497 0.0890132
9.85406 0.089339
9.85775 0.0889942
9.86185 0.0890663
9.86582 0.0890059
9.86989 0.0890394
9.87386 0.088979
9.87867 0.0897557
9.88406 0.089086
9.88527 0.0850924
9.8872 0.0890321
9.88732 0.0891604
9.89379 0.0915969
9.89853 0.0902847
9.90155 0.089264
9.90539 0.0890752
9.90936 0.0890149
9.9134 0.0890212
9.91747 0.0890542
9.92173 0.0892827
9.92552 0.0890323
9.93186 0.0913398
9.93564 0.0890721
9.93958 0.0889841
9.94368 0.0890492
9.94791 0.0892427
9.9517 0.0889952
9.95586 0.0891225
9.95986 0.0890927
9.96383 0.0890329
9.96993 0.0910934
9.97391 0.0890203
9.97791 0.088995
9.98429 0.0913347
9.98557 0.085387
9.98858 0.0904136
9.99127 0.0890733
9.99543 0.0892011
9.99928 0.0890134

