% time_sec delay_sec
1.16202 0.0619531
1.16202 0.0619531
1.26171 0.0616373
1.36172 0.0616551
1.46008 0.364028
1.46171 0.0616401
1.56171 0.0616399
1.66173 0.0616578
1.76172 0.0616472
1.76244 0.363708
1.86171 0.0616381
1.96111 0.260375
1.96309 0.0630047
1.96516 0.0670902
1.96912 0.0670131
2.06146 0.155325
2.06313 0.0630413
2.06511 0.0670342
2.06935 0.0672419
2.0732 0.0670633
2.07726 0.0670873
2.08129 0.0670817
2.08542 0.0671779
2.08926 0.0669897
2.09349 0.0671827
2.09362 0.0673111
2.09941 0.0670511
2.10344 0.0670524
2.10747 0.0670498
2.11148 0.0670245
2.11558 0.0670925
2.11959 0.0670667
2.12357 0.0670074
2.12811 0.0675204
2.12824 0.0676488
2.1317 0.0670754
2.13776 0.0691004
2.14237 0.0676559
2.14602 0.0672771
2.14987 0.0670918
2.15419 0.0673786
2.15932 0.0684737
2.1631 0.0630109
2.16336 0.0673012
2.16772 0.06763
2.17147 0.0673439
2.17518 0.0670268
2.18021 0.0680228
2.18034 0.0681512
2.18547 0.0692444
2.18931 0.0670365
2.1936 0.0672927
2.19865 0.0683124
2.20179 0.06742
2.20541 0.0670055
2.20554 0.0671339
2.20955 0.0671047
2.21381 0.0673333
2.21759 0.0670818
2.22153 0.0669908
2.22804 0.0694618
2.23172 0.0670973
2.23569 0.067033
2.24065 0.0679618
2.24373 0.0670061
2.24809 0.067328
2.25213 0.0673338
2.25226 0.0674622
2.25604 0.0672118
2.25617 0.0673402
2.26107 0.0682131
2.26312 0.0630357
2.26518 0.0671067
2.26935 0.0672415
2.27524 0.0691035
2.27928 0.0670931
2.27973 0.067541
2.28422 0.0679923
2.28851 0.0682496
2.29133 0.0670377
2.29543 0.0671067
2.29947 0.0671101
2.30338 0.0669881
2.30351 0.0671165
2.30751 0.0670838
2.31158 0.0671212
2.3176 0.0670949
2.32155 0.067004
2.32567 0.0670957
2.32996 0.0673558
2.33381 0.0671681
2.33772 0.0670485
2.34218 0.0674682
2.34609 0.0673462
2.34978 0.0670014
2.35603 0.0692185
2.35917 0.0663123
2.36315 0.0630568
2.36513 0.0690744
2.36948 0.067379
2.37317 0.0670268
2.37727 0.0670988
2.38128 0.0670706
2.38582 0.0675846
2.38935 0.0670745
2.39358 0.0672719
2.39832 0.06798
2.40348 0.0691028
2.40755 0.0671235
2.41181 0.0673476
2.4159 0.0674122
2.41962 0.0670985
2.42369 0.067133
2.42382 0.0672614
2.42824 0.06765
2.43183 0.067205
2.43568 0.0670202
2.44033 0.0676339
2.44077 0.0680818
2.44597 0.0692402
2.44988 0.0671004
2.4541 0.0672939
2.45423 0.0674222
2.45926 0.0684201
2.45939 0.0685485
2.46317 0.0630817
2.46343 0.067372
2.46772 0.0676306
2.46785 0.067759
2.47112 0.0669979
2.47516 0.0670043
2.48019 0.0680003
2.4841 0.0678753
2.48423 0.0680037
2.48845 0.0681982
2.49378 0.0694855
2.4987 0.06836
2.50171 0.0673392
2.50543 0.0670221
2.50953 0.0670861
2.51388 0.067408
2.51751 0.0669971
2.52161 0.0670656
2.52565 0.0670719
2.52994 0.0673321
2.53577 0.0671117
2.54067 0.0679788
2.54382 0.0670894
2.54805 0.0672868
2.55212 0.0673238
2.55225 0.0674521
2.55616 0.0673301
2.56103 0.0681719
2.56308 0.0629946
2.56507 0.0669999
2.56927 0.0671657
2.5694 0.0672941
2.57325 0.0671094
2.57729 0.0671152
2.58414 0.0699373
2.58843 0.0681778
2.59138 0.0670943
2.59536 0.067035
2.59943 0.067069
2.60346 0.0670674
2.60753 0.0671048
2.6115 0.067045
2.61163 0.0671734
2.61567 0.0671797
2.62246 0.0699381
2.62573 0.0671563
2.62996 0.0673503
2.63368 0.0670342
2.63778 0.0671012
2.64248 0.0677747
2.64614 0.0673959
2.6498 0.06702
2.65416 0.0673458
2.65932 0.0684761
2.66317 0.0630794
2.6633 0.0672413
2.66756 0.0674688
2.6732 0.0690741
2.6773 0.0671254
2.68134 0.0671288
2.68556 0.0673233
2.68947 0.0671983
2.69377 0.0674585
2.6986 0.0682604
2.69873 0.0683888
2.70174 0.067368
2.70546 0.0670514
2.71181 0.0693653
2.7159 0.0674131
2.71956 0.0670338
2.72417 0.0676095
2.72824 0.067644
2.73179 0.0671679
2.73192 0.0672963
2.73567 0.0670143
2.74087 0.0681732
2.74382 0.0670897
2.74795 0.0671898
2.75411 0.0672964
2.75661 0.065765
2.76317 0.0630842
2.76343 0.0685529
2.76778 0.0676954
2.77147 0.0673471
2.77522 0.0670651
2.78028 0.0680921
2.78406 0.0678388
2.78733 0.0670748
2.79147 0.0671749
2.79537 0.06705
2.7955 0.0671784
2.80171 0.069354
2.80546 0.0670552
2.80947 0.067026
2.81382 0.0673478
2.8176 0.0670924
2.82164 0.0670987
2.82558 0.0670078
2.83001 0.0673964
2.83372 0.0670803
2.84074 0.0700672
2.84382 0.0670948
2.84805 0.0672883
2.85222 0.0674225
2.856 0.0671681
2.8611 0.0682356
2.86315 0.0630583
2.86507 0.0670009
2.8694 0.0672951
2.87325 0.0671103
2.87732 0.0671473
2.88129 0.067088
2.88584 0.067602
2.89129 0.0690147
2.89552 0.067192
2.89596 0.0676399
2.89942 0.067067
2.90342 0.0670303
2.90752 0.0670949
2.91149 0.0670351
2.91579 0.0672942
2.9196 0.0670744
2.92357 0.067015
2.93001 0.0694193
2.93373 0.0670865
2.9377 0.0670251
2.94256 0.0678541
2.94609 0.0673469
2.94977 0.0669981
2.95413 0.067324
2.95933 0.0684853
2.96321 0.0631198
2.96334 0.0672817
2.96347 0.0674101
2.9677 0.0676105
2.97187 0.0677452
2.97526 0.0671086
2.98135 0.0691588
2.9859 0.0676561
2.98602 0.0677844
2.98968 0.0674027
2.99371 0.0674061
2.99838 0.068044
3.00165 0.06728
3.00178 0.0674084
3.00547 0.0670662
3.00954 0.0671032
3.01378 0.0673006
3.01961 0.0690999
3.02355 0.0669922
3.02851 0.067922
3.03178 0.067158
3.03191 0.0672864
3.03566 0.0670004
3.04066 0.0679642
3.0438 0.0670748
3.04778 0.0670184
3.05207 0.067281
3.0522 0.0674094
3.05599 0.0671589
3.06102 0.0661469
3.06317 0.0630797
3.06509 0.0670223
3.07118 0.0690744
3.07522 0.0670624
3.07932 0.0671304
3.08326 0.067035
3.08726 0.0670068
3.08739 0.0671352
3.0914 0.0671064
3.09541 0.0670812
3.09941 0.0670524
3.10345 0.0670577
3.10954 0.0691133
3.11418 0.0677068
3.11754 0.0670346
3.12209 0.0675516
3.12562 0.0670438
3.12994 0.0673351
3.13379 0.0671474
3.1377 0.0670278
3.14213 0.0674164
3.14793 0.0691856
3.14806 0.069314
3.15216 0.0673692
3.15601 0.067181
3.16107 0.0682134
3.16313 0.0630361
3.16511 0.0670374
3.16934 0.0672344
3.16947 0.0673628
3.17312 0.0669834
3.17726 0.0670865
3.1813 0.0670894
3.18584 0.0676035
3.1895 0.0672217
3.18962 0.0673501
3.19356 0.0672557
3.19946 0.0691193
3.20343 0.0670347
3.20749 0.0670682
3.21153 0.0670746
3.21579 0.0673031
3.21961 0.0670867
3.22359 0.0670274
3.22826 0.0676728
3.23182 0.0671967
3.23779 0.0691283
3.2424 0.0676913
3.24599 0.0672463
3.24977 0.0669948
3.2499 0.0671232
3.25422 0.067414
3.25926 0.0684118
3.26323 0.0631396
3.26336 0.0673015
3.26772 0.0676303
3.27112 0.0669936
3.27519 0.0670311
3.28031 0.0681243
3.28435 0.0681277
3.28948 0.069221
3.29377 0.0674644
3.29867 0.0683246
3.30168 0.0673038
3.30181 0.0674322
3.30549 0.0670805
3.30955 0.0671095
3.31378 0.0673069
3.3175 0.0669893
3.32163 0.0670895
3.3281 0.0695293
3.33185 0.0672271
3.3357 0.0670383
3.34076 0.0680683
3.34384 0.0671127
3.34797 0.0672129
3.3481 0.0673413
3.35221 0.0674133
3.35599 0.0671628
3.36102 0.0681642
3.36308 0.0629868
3.36506 0.0669921
3.36936 0.0672553
3.37324 0.0670976
3.37933 0.0691547
3.38413 0.0679088
3.38842 0.068166
3.38855 0.0682944
3.39137 0.0670825
3.39535 0.0670232
3.39945 0.0670923
3.40339 0.0669974
3.40749 0.067062
3.41162 0.0671576
3.41761 0.069117
3.42165 0.0671065
3.42568 0.0671049
3.42997 0.0673651
3.43382 0.0671774
3.4377 0.0670227
3.4425 0.0677935
3.44616 0.0674147
3.44982 0.0670388
3.45594 0.0691276
3.45607 0.069256
3.45934 0.0664781
3.46315 0.0630631
3.46328 0.0672251
3.46946 0.069375
3.47318 0.0670411
3.47729 0.0671131
3.48132 0.0671165
3.48555 0.067311
3.48933 0.0670577
3.49356 0.0672551
3.49862 0.0682827
3.50164 0.0672619
3.50744 0.0690307
3.5117 0.0672419
3.51586 0.0673687
3.51958 0.0670556
3.52381 0.0672496
3.52855 0.0679577
3.53182 0.0671937
3.53567 0.0670089
3.54073 0.0680394
3.54599 0.0692606
3.5499 0.0671207
3.55422 0.0674115
3.55938 0.0685377
3.56316 0.0630749
3.56342 0.0673652
3.56765 0.0675616
3.56778 0.06769
3.57111 0.0669912
3.57518 0.0670286
3.58021 0.0680246
3.58412 0.0678996
3.58854 0.0682852
3.59152 0.0672328
3.59828 0.0699537
3.59841 0.0700821
3.60168 0.0673013
3.6018 0.0674297
3.60549 0.067078
3.60949 0.0670488
3.61388 0.0674057
3.6176 0.0670881
3.62164 0.0670944
3.62574 0.067163
3.63003 0.0674232
3.63577 0.0691262
3.64064 0.0679489
3.64372 0.0669932
3.64795 0.0671907
3.64808 0.0673191
3.65218 0.0673911
3.65603 0.0672029
3.65616 0.0673313
3.66103 0.0681731
3.66308 0.0629957
3.66507 0.0670011
3.6694 0.0672953
3.67312 0.0669821
3.67739 0.0672136
3.68126 0.067057
3.68844 0.0701957
3.69139 0.0670954
3.69536 0.0670322
3.69939 0.067035
3.70349 0.0670996
3.70743 0.0670047
3.7115 0.0670422
3.7158 0.0673053
3.71961 0.0670849
3.72573 0.0691697
3.72961 0.0669963
3.73005 0.0674442
3.7337 0.0670619
3.73771 0.0670316
3.74254 0.0678336
3.74607 0.0673263
3.7462 0.0674547
3.74979 0.0670127
3.75415 0.0673385
3.75934 0.0684999
3.76319 0.0631032
3.76332 0.0672651
3.76768 0.0675939
3.77115 0.0670234
3.77729 0.0691388
3.78133 0.0671254
3.78556 0.06732
3.78947 0.067195
3.79376 0.0674552
3.79859 0.0682531
3.79872 0.0683815
3.80173 0.0673607
3.80548 0.0670752
3.80561 0.0672036
3.80942 0.0669838
3.8158 0.0693213
3.81964 0.0671193
3.82355 0.0669938
3.8281 0.0675107
3.83176 0.0671319
3.83189 0.0672603
3.83573 0.0670755
3.84074 0.0680433
3.84375 0.0670255
3.84785 0.0670946
3.85417 0.0693774
3.85654 0.0657008
3.86103 0.0661495
3.86317 0.0630822
3.86766 0.0695858
3.8715 0.0673802
3.87522 0.0670671
3.87926 0.0670734
3.8842 0.0679726
3.88734 0.0670802
3.89134 0.067052
3.89551 0.0671838
3.8996 0.0672455
3.9055 0.0691091
3.90947 0.067028
3.91418 0.0677044
3.9175 0.0669937
3.92275 0.0682124
3.92561 0.0670311
3.93003 0.0674196
3.93378 0.0671346
3.93391 0.067263
3.93776 0.0670812
3.94372 0.0690065
3.94807 0.0673116
3.95218 0.0673836
3.95599 0.0671643
3.96109 0.0682278
3.96314 0.0630504
3.96513 0.0670553
3.96942 0.0673184
3.97314 0.0670052
3.97728 0.0671083
3.98126 0.067049
3.9858 0.0675631
3.98945 0.0671813
3.99535 0.0690449
3.99939 0.067031
4.00345 0.0670605
4.00749 0.0670645
4.01153 0.0670709
4.01579 0.067295
4.01591 0.0674233
4.0196 0.0670786
4.02364 0.0670849
4.02825 0.0676601
4.0337 0.0690758
4.03781 0.06713
4.04242 0.0677063
4.04575 0.0670079
4.04979 0.0670127
4.05411 0.0673035
4.05905 0.0682075
4.06312 0.0630325
4.0637 0.0676424
4.06742 0.0673287
4.07111 0.0669839
4.07522 0.0670588
4.07964 0.0674464
4.07976 0.0675748
4.08547 0.0692473
4.08932 0.0670428
4.09345 0.0671424
4.09834 0.0680005
4.10142 0.0670454
4.10539 0.066984
4.10943 0.0669893
4.11379 0.0673152
4.11757 0.0670632
4.12363 0.0690857
4.12818 0.0675859
4.13177 0.0671409
4.1319 0.0672693
4.1357 0.0670455
4.14067 0.0679782
4.14378 0.0670537
4.14801 0.0672472
4.15227 0.0674787
4.15593 0.0670999
4.16106 0.0681985
4.16324 0.0631495
4.16516 0.0670921
4.16924 0.0671296
4.17519 0.0690538
4.17936 0.0671718
4.1842 0.0679737
4.18849 0.0682309
4.19134 0.0670502
4.19554 0.0672131
4.19948 0.0671192
4.20339 0.0669971
4.20742 0.0669995
4.2138 0.0693411
4.21761 0.0671039
4.22165 0.0671103
4.22562 0.0670465
4.23004 0.067435
4.23379 0.0671501
4.23771 0.0670304
4.24219 0.0674817
4.2461 0.0673597
4.25213 0.0693541
4.25607 0.0672464
4.25922 0.0663569
4.26313 0.0630392
4.26511 0.0690574
4.26937 0.0672647
4.2695 0.0673931
4.27318 0.0670448
4.27716 0.0669884
4.2812 0.0669913
4.28133 0.0671197
4.28575 0.0675054
4.28953 0.067252
4.29427 0.0679601
4.29754 0.0671961
4.30339 0.0690201
4.30747 0.0670408
4.3117 0.0672377
4.31573 0.0672361
4.31958 0.0670514
4.32358 0.0670231
4.32826 0.0676685
4.33179 0.0671613
4.33576 0.0671049
4.34204 0.0693497
4.34611 0.0673704
4.3499 0.0671189
4.35419 0.0673786
4.35928 0.0684387
4.36319 0.0631002
4.36332 0.0672621
4.36345 0.0673905
4.36774 0.0676531
4.37114 0.0670205
4.37518 0.0670268
4.38034 0.0681512
4.38425 0.0680262
4.38848 0.0682207
4.39367 0.0693796
4.39866 0.0683163
4.4018 0.0674239
4.40548 0.0670723
4.40955 0.0671092
4.41378 0.0673027
4.4175 0.066989
4.42163 0.0670892
4.42567 0.0670955
4.43188 0.0692746
4.43567 0.0670069
4.43579 0.0671353
4.4407 0.0680024
4.44374 0.0670156
4.44797 0.0672131
4.4481 0.0673415
4.45221 0.0674135
4.45605 0.0672253
4.46106 0.0681955
4.46317 0.0630803
4.4651 0.0670229
4.46939 0.0672861
4.47324 0.0671013
4.47718 0.0670098
4.47731 0.0671382
4.48417 0.0699603
4.48846 0.0682008
4.49128 0.0669889
4.49538 0.067058
4.49948 0.0671236
4.50338 0.0669936
4.50742 0.066996
4.51152 0.0670646
4.51562 0.0671331
4.52165 0.0691275
4.52575 0.0671753
4.52998 0.0673693
4.5337 0.0670532
4.53768 0.0669998
4.5378 0.0671282
4.54254 0.0678328
4.5462 0.067454
4.54989 0.0671092
4.55415 0.0673378
4.55925 0.0684018
4.56309 0.0630051
4.56367 0.067615
4.56755 0.0674613
4.57319 0.0690666
4.57726 0.0670867
4.58142 0.0672185
4.58552 0.0672846
4.58943 0.0671597
4.59363 0.0673226
4.59376 0.067451
4.59859 0.0682529
4.60173 0.0673605
4.60561 0.0672034
4.61183 0.0693889
4.61573 0.0672421
4.61586 0.0673705
4.61958 0.0670574
4.62407 0.0675087
4.62855 0.06796
4.63179 0.0671609
4.6357 0.0670383
4.64076 0.0680689
4.64371 0.0669854
4.64986 0.0691047
4.6541 0.0672854
4.65422 0.0674138
4.6566 0.065754
4.66316 0.0630732
4.66342 0.0685419
4.66768 0.0675871
4.6678 0.0677155
4.67117 0.0670477
4.67524 0.0670852
4.6803 0.0681122
4.68408 0.0678589
4.68735 0.0670949
4.68748 0.0672233
4.69149 0.0671951
4.69539 0.0670701
4.70176 0.0694052
4.70551 0.0671064
4.70948 0.0670421
4.71419 0.0677146
4.71749 0.0669846
4.71762 0.067113
4.72255 0.0680122
4.72563 0.0670566
4.72961 0.0669973
4.7338 0.0671602
4.74066 0.0699876
4.74079 0.070116
4.74374 0.0670152
4.74387 0.0671436
4.74794 0.0671776
4.74807 0.067306
4.75217 0.067378
4.75602 0.0671898
4.76111 0.0682533
4.76317 0.063076
4.76509 0.0670186
4.76942 0.0673128
4.77314 0.0669996
4.77734 0.067165
4.78131 0.0671056
4.78573 0.0674913
4.78586 0.0676197
4.79131 0.0690324
4.79537 0.0670497
4.79941 0.0670526
4.80344 0.0670509
4.80741 0.0669871
4.80754 0.0671155
4.81151 0.0670557
4.81581 0.0673148
4.81959 0.0670639
4.82395 0.0673868
4.83 0.0694064
4.83372 0.0670736
4.83772 0.0670433
4.84255 0.0678452
4.84614 0.0674002
4.84983 0.0670514
4.85422 0.0674084
4.85935 0.0685075
4.86313 0.0630447
4.86371 0.0676545
4.86769 0.0675981
4.87154 0.0674133
4.87516 0.0670029
4.87529 0.0671313
4.88131 0.0691193
4.88144 0.0692477
4.88554 0.067297
4.88567 0.0674254
4.88945 0.0671721
4.88957 0.0673004
4.89361 0.0673039
4.89841 0.0680742
4.90168 0.0673102
4.9055 0.0670908
4.90944 0.0669994
4.9138 0.0673252
4.91954 0.0690272
4.92367 0.0671107
4.92818 0.0675925
4.93174 0.0671164
4.93565 0.0669939
4.94065 0.0679577
4.94078 0.0680861
4.94376 0.0670332
4.94799 0.0672306
4.95209 0.0672987
4.95652 0.0676902
4.96107 0.0661963
4.96316 0.0630668
4.96514 0.0670721
4.97116 0.0690586
4.97517 0.0670131
4.97934 0.0671478
4.98417 0.0679497
4.98751 0.0672484
4.99135 0.0670607
4.99552 0.0671925
4.99962 0.0672581
5.0034 0.0670077
5.00943 0.0690044
5.00956 0.0691328
5.01388 0.0674068
5.01756 0.0670541
5.0216 0.0670599
5.02564 0.0670623
5.03006 0.0674508
5.03378 0.0671347
5.03776 0.0670813
5.04205 0.0673415
5.04218 0.0674699
5.04788 0.0691408
5.05215 0.0673555
5.05228 0.0674839
5.05606 0.0672295
5.06109 0.0682263
5.06314 0.063049
5.06516 0.0670854
5.06949 0.0673791
5.07317 0.0670338
5.07718 0.0670075
5.08122 0.0670139
5.08548 0.0672424
5.08936 0.0670858
5.09355 0.0672477
5.09368 0.0673761
5.09945 0.0691102
5.10345 0.0670558
5.10752 0.0670922
5.11149 0.0670358
5.1155 0.0670065
5.11954 0.0670118
5.1237 0.0671436
5.12825 0.0676606
5.13181 0.0671845
5.13771 0.06905
5.14207 0.0673561
5.14614 0.0673936
5.14979 0.0670137
5.14992 0.0671421
5.15418 0.0673707
5.15928 0.0684347
5.16322 0.0631314
5.16335 0.0672933
5.16765 0.0675559
5.16777 0.0676843
5.17114 0.0670165
5.17521 0.067054
5.18037 0.0681783
5.18428 0.0680534
5.18953 0.069275
5.19366 0.067355
5.19379 0.0674834
5.19868 0.0683395
5.20169 0.0673188
5.20541 0.0669976
5.20947 0.0670266
5.21405 0.0675747
5.21418 0.0677031
5.21757 0.0670665
5.22158 0.0670377
5.22805 0.0694776
5.2319 0.0672726
5.23564 0.0669826
5.23577 0.067111
5.24071 0.0680126
5.24375 0.0670259
5.24801 0.0672505
5.25215 0.0673536
5.25609 0.0672626
5.26106 0.0681978
5.26311 0.0630204
5.2651 0.0670258
5.26933 0.0672227
5.26946 0.0673511
5.27321 0.067069
5.2793 0.0691222
5.27942 0.0692506
5.28423 0.0680046
5.28852 0.0682619
5.29134 0.06705
5.29551 0.0671818
5.29935 0.0669941
5.30339 0.0669964
5.30749 0.067061
5.31161 0.0671567
5.31751 0.0690187
5.32257 0.0680296
5.32567 0.0670971
5.32961 0.0670032
5.33378 0.067135
5.33769 0.0670114
5.34256 0.0678479
5.34608 0.0673407
5.34621 0.0674691
5.34983 0.0670581
5.35596 0.0691469
5.35609 0.0692752
5.35923 0.066369
5.35936 0.0664974
5.36311 0.0630202
5.36356 0.0675017
5.36945 0.0693637
5.37317 0.0670338
5.37728 0.0671058
5.38132 0.0671092
5.38557 0.0673348
5.38935 0.0670814
5.39359 0.0672789
5.39864 0.0683025
5.40166 0.0672817
5.40745 0.0690465
5.41168 0.0672267
5.41566 0.0671674
5.41954 0.0670137
5.42383 0.0672739
5.42825 0.0676625
5.43178 0.0671552
5.43576 0.0670989
5.44063 0.0679343
5.44601 0.0692838
5.44992 0.067144
5.45421 0.0674036
5.45937 0.0685299
5.46318 0.0630942
5.46376 0.067704
5.46767 0.0675814
5.4678 0.0677098
5.47155 0.0674278
5.47517 0.0670173
5.48017 0.0679822
5.48408 0.0678572
5.48844 0.0681801
5.49155 0.0672561
5.49862 0.0702965
5.50176 0.0673873
5.50545 0.0670391
5.50951 0.067072
5.51381 0.0673317
5.51752 0.067014
5.52214 0.0675937
5.52569 0.0671171
5.52999 0.0673773
5.53569 0.0690493
5.54069 0.0680003
5.54374 0.0670096
5.54386 0.067138
5.54797 0.067207
5.5522 0.0674074
5.55608 0.0672503
5.56114 0.0682827
5.56319 0.0631054
5.56512 0.067048
5.56945 0.0673422
5.57317 0.0670291
5.57734 0.0671633
5.58131 0.067104
5.58848 0.0702426
5.5913 0.067014
5.59537 0.067048
5.59944 0.067082
5.60341 0.0670221
5.60745 0.0670205
5.61145 0.0669918
5.61571 0.0672198
5.61584 0.0673482
5.61956 0.0670311
5.62577 0.0692097
5.62961 0.0670052
5.63371 0.0670709
5.63769 0.0670134
5.64208 0.0673675
5.64221 0.0674958
5.64602 0.0672765
5.64615 0.0674049
5.64984 0.0670601
5.6542 0.067386
5.65936 0.0685122
5.66311 0.0630183
5.66368 0.0676281
5.66766 0.0675717
5.67112 0.0670012
5.67728 0.0691206
5.68131 0.0671072
5.68586 0.0676213
5.68599 0.0677496
5.68964 0.0673679
5.69381 0.0674997
5.69864 0.0683016
5.70165 0.0672808
5.70178 0.0674092
5.70544 0.0670299
5.70954 0.0670939
5.71572 0.0692414
5.71956 0.0670399
5.7236 0.0670433
5.72815 0.0675603
5.73181 0.0671815
5.73572 0.0670589
5.74072 0.0680267
5.7438 0.0670711
5.7479 0.0671401
5.75422 0.0694229
5.75659 0.0657464
5.76105 0.0661719
5.76316 0.0630735
5.76774 0.0696709
5.77153 0.0674032
5.77525 0.06709
5.77929 0.0670963
5.78422 0.0679955
5.78736 0.0671032
5.79137 0.0670749
5.7954 0.0670784
5.79553 0.0672067
5.79953 0.0671711
5.80546 0.0690658
5.80946 0.0670198
5.81385 0.0673767
5.81757 0.0670591
5.82212 0.0675761
5.82564 0.0670643
5.82961 0.067005
5.83381 0.0671679
5.83772 0.0670483
5.84375 0.0690363
5.84797 0.067213
5.8481 0.0673414
5.85214 0.0673473
5.85605 0.0672212
5.86111 0.0682537
5.86317 0.0630763
5.86515 0.0670777
5.86945 0.0673408
5.87317 0.0670276
5.87724 0.0670646
5.88121 0.0670052
5.88576 0.0675193
5.88589 0.0676477
5.88954 0.0672659
5.8955 0.0691922
5.89595 0.0696401
5.89935 0.0669877
5.89947 0.0671161
5.90344 0.0670484
5.9075 0.0670779
5.91154 0.0670842
5.91568 0.0671844
5.9158 0.0673128
5.91959 0.0670653
5.92395 0.0673882
5.92821 0.0676133
5.93372 0.0690912
5.93769 0.067017
5.93782 0.0671454
5.94208 0.067371
5.94612 0.0673774
5.94981 0.0670326
5.95423 0.0674207
5.95924 0.0683914
5.95936 0.0685198
5.96315 0.0630569
5.96372 0.0676667
5.96763 0.0675442
5.97119 0.067071
5.97523 0.0670773
5.98036 0.0681666
5.98561 0.0693883
5.98952 0.0672465
5.99368 0.0673744
5.99381 0.0675027
5.99867 0.0683318
6.00169 0.067311
6.0054 0.0669957
6.00951 0.0670638
6.01386 0.0673896
6.01762 0.0671071
6.02358 0.0690358
6.02813 0.067536
6.03178 0.0671532
6.03569 0.0670267
6.04072 0.0680256
6.0438 0.0670699
6.04784 0.0670758
6.05219 0.0674006
6.05598 0.0671501
6.06108 0.0682171
6.06313 0.0630398
6.06512 0.0670451
6.06929 0.0671793
6.07518 0.0690398
6.07953 0.0673444
6.07966 0.0674728
6.08392 0.0676974
6.08735 0.0670924
6.09132 0.067033
6.09536 0.0670349
6.0994 0.0670378
6.10347 0.0670742
6.1075 0.0670755
6.11384 0.0693855
6.11753 0.0670234
6.12214 0.0676031
6.12563 0.0670563
6.12961 0.066997
6.13374 0.0670937
6.13386 0.0672221
6.13775 0.0670714
6.14255 0.0678422
6.14611 0.0673661
6.15213 0.0693565
6.15226 0.0694849
6.15598 0.0671515
6.15928 0.0664215
6.16313 0.0630377
6.16511 0.0690558
6.1695 0.0673955
6.17319 0.0670472
6.17723 0.0670531
6.18123 0.0670248
6.18578 0.0675389
6.18956 0.0672855
6.19417 0.0678652
6.1943 0.0679936
6.19757 0.0672296
6.20343 0.0690536
6.20749 0.0670703
6.21166 0.0672051
6.21179 0.0673334
6.21576 0.0672696
6.21961 0.0670849
6.22362 0.0670566
6.22858 0.0679864
6.23185 0.0672224
6.23573 0.0670688
6.24207 0.0693797
6.24605 0.0673031
6.2498 0.0670206
6.24993 0.067149
6.25422 0.0674086
6.25932 0.0684727
6.26319 0.0631031
6.26377 0.067713
6.26771 0.0676215
6.27117 0.067051
6.27524 0.0670885
6.28024 0.0680533
6.28415 0.0679284
6.28851 0.0682513
6.2937 0.0694102
6.29866 0.0683158
6.3018 0.0674234
6.30548 0.0670712
6.30948 0.0670419
6.31381 0.0673327
6.31755 0.0670462
6.32214 0.0675942
6.32258 0.0680421
6.3256 0.0670243
6.32573 0.0671527
6.33178 0.0691723
6.33191 0.0693007
6.33566 0.0669979
6.34078 0.0680906
6.3438 0.0670728
6.34803 0.0672703
6.35214 0.0673423
6.35608 0.0672513
6.36108 0.0682216
6.36313 0.0630442
6.36512 0.0670495
6.36935 0.0672465
6.3732 0.0670617
6.37727 0.0670986
6.38422 0.0700146
6.38851 0.0682551
6.39133 0.0670432
6.3955 0.067175
6.39938 0.0670184
6.3995 0.0671468
6.40341 0.0670207
6.40745 0.0670231
6.41155 0.0670917
6.41565 0.0671607
6.42216 0.0696312
6.4226 0.0700791
6.42568 0.0671027
6.43003 0.0674251
6.43375 0.0671051
6.43772 0.0670476
6.44208 0.0673706
6.44221 0.0674989
6.44625 0.0675053
6.44987 0.0670943
6.45404 0.0672256
6.45416 0.067354
6.45926 0.068418
6.46311 0.0630214
6.46369 0.0676312
6.46754 0.0674464
6.47317 0.0690517
6.47724 0.0670718
6.48141 0.0672036
6.48564 0.0673982
6.48942 0.0671448
6.49358 0.0672766
6.49864 0.0683002
6.50178 0.0674078
6.50546 0.0670556
6.51188 0.0694357
6.51585 0.0673551
6.51957 0.067042
6.52373 0.0671738
6.52828 0.0676907
6.53181 0.0671835
6.53566 0.0669987
6.54072 0.0680293
6.54085 0.0681577
6.5438 0.0670736
6.54989 0.0691308
6.55412 0.0673115
6.5565 0.0656517
6.55662 0.0657801
6.56316 0.0630682
6.56373 0.0688564
6.5677 0.0676137
6.5712 0.0670743
6.5752 0.0670456
6.5802 0.0680104
6.58033 0.0681388
6.58398 0.0677571
6.58411 0.0678855
6.58738 0.0671215
6.59145 0.067156
6.59157 0.0672844
6.59548 0.0671594
6.60166 0.0693
6.60547 0.0670599
6.6095 0.0670618
6.61421 0.0677343
6.61754 0.0670314
6.62215 0.0676106
6.62565 0.0670718
6.62962 0.0670124
6.63385 0.0672065
6.64071 0.0700339
6.64376 0.0670304
6.64389 0.0671588
6.64798 0.0672199
6.65221 0.0674203
6.65606 0.0672321
6.66112 0.0682606
6.66317 0.0630832
6.66516 0.0670885
6.66936 0.0672544
6.66949 0.0673828
6.67317 0.0670345
6.67724 0.0670715
6.68122 0.0670121
6.68577 0.0675262
6.68589 0.0676546
6.69134 0.0690673
6.69589 0.0675641
6.69941 0.0670569
6.70348 0.0670864
6.70745 0.0670225
6.71155 0.0670911
6.71565 0.0671602
6.71578 0.0672886
6.71963 0.0671038
6.7236 0.0670445
6.73004 0.0694453
6.73375 0.0671124
6.73773 0.067051
6.74221 0.0675023
6.74606 0.0673141
6.74619 0.0674425
6.74984 0.0670626
6.75413 0.0673223
6.75927 0.0684214
6.76318 0.063087
6.76362 0.0675684
6.76375 0.0676968
6.76766 0.0675742
6.77122 0.0671011
6.7752 0.0670412
6.78141 0.0692198
6.78564 0.0673976
6.78955 0.0672726
6.79358 0.067276
6.79864 0.0682996
6.80165 0.0672789
6.80547 0.067059
6.80947 0.0670298
6.81383 0.0673556
6.81957 0.0690582
6.8236 0.0670448
6.82815 0.0675618
6.83181 0.0671829
6.83569 0.0670293
6.84075 0.0680598
6.8438 0.0670731
6.8479 0.0671421
6.84803 0.0672705
6.8521 0.0673075
6.85659 0.0677612
6.86108 0.0662011
6.86313 0.0630405
6.86512 0.0670458
6.87117 0.0690634
6.87524 0.0670801
6.8803 0.0681072
6.88421 0.0679822
6.8885 0.0682394
6.89132 0.0670275
6.89535 0.067031
6.89548 0.0671593
6.89952 0.0671627
6.90343 0.0670407
6.90946 0.0690356
6.91417 0.0676953
6.91756 0.0670547
6.9216 0.067061
6.92564 0.0670634
6.92964 0.0670352
6.93384 0.0671981
6.93766 0.0669812
6.94221 0.0674982
6.94798 0.0692323
6.95214 0.0673498
6.95227 0.0674782
6.95605 0.0672238
6.96108 0.0682211
6.96313 0.0630437
6.96515 0.0670802
6.96938 0.0672771
6.97317 0.0670262
6.97727 0.0670982
6.98125 0.0670389
6.98579 0.0675529
6.98957 0.0672995
6.99358 0.0672713
6.99371 0.0673997
6.99935 0.0690065
7.00344 0.0670504
7.00748 0.0670592
7.01152 0.0670655
7.01572 0.0672274
7.01956 0.0670381
7.02363 0.0670756
7.02856 0.0679703
7.03183 0.0672063
7.03773 0.0690718
7.03786 0.0692002
7.04209 0.0673779
7.04574 0.0669986
7.04587 0.067127
7.04982 0.0670385
7.05421 0.0673954
7.05911 0.0682684
7.06312 0.0630312
7.0637 0.067641
7.06767 0.0675846
7.0712 0.0670764
7.07521 0.067054
7.07963 0.0674416
7.08396 0.0677323
7.08934 0.0690819
7.09353 0.067227
7.09868 0.0683423
7.10147 0.0670988
7.10548 0.0670685
7.10948 0.0670387
7.11384 0.0673646
7.11762 0.0671086
7.12213 0.0675905
7.12816 0.0695825
7.13181 0.0671829
7.13194 0.0673113
7.13572 0.0670564
7.14065 0.0679585
7.14078 0.0680869
7.14373 0.0670034
7.14386 0.0671318
7.14799 0.067232
7.15213 0.0673351
7.156 0.067178
7.1611 0.0682415
7.16309 0.062998
7.16514 0.0670655
7.16937 0.0672625
7.17318 0.0670426
7.17927 0.0690997
7.1794 0.0692281
7.18421 0.0679822
7.1885 0.0682394
7.19132 0.0670275
7.19548 0.0671593
7.19593 0.0676072
7.19939 0.0670344
7.20346 0.0670678
7.20746 0.0670391
7.21146 0.0670064
7.21159 0.0671348
7.21755 0.069059
7.22261 0.0680699
7.22568 0.0671063
7.22966 0.067047
7.23382 0.0671788
7.23767 0.0669929
7.24247 0.0677638
7.24616 0.067416
7.24985 0.0670713
7.256 0.0691911
7.25613 0.0693195
7.2593 0.0664444
7.26312 0.0630294
7.26357 0.0675108
7.26949 0.0694
7.27321 0.0670701
7.27725 0.0670759
7.28129 0.0670793
7.28141 0.0672077
7.28551 0.0672738
7.28564 0.0674022
7.28929 0.0670205
7.29384 0.0675374
7.29858 0.0682421
7.3016 0.0672213
7.30749 0.0690799
7.31166 0.0671978
7.31178 0.0673262
7.31572 0.0672313
7.3196 0.0670776
7.32377 0.0672094
7.32828 0.0676913
7.33181 0.0671841
7.33569 0.0670305
7.34075 0.068057
7.34617 0.0694411
7.34982 0.0670445
7.34995 0.0671728
7.35418 0.0673703
7.3594 0.0685548
7.36321 0.063123
7.36366 0.0676045
7.3677 0.0676063
7.37113 0.0670048
7.37519 0.0670382
7.38022 0.0680342
7.384 0.0677808
7.38743 0.0671763
7.39147 0.0671797
7.39867 0.0703445
7.40168 0.067307
7.40546 0.0670521
7.40953 0.067085
7.41385 0.0673758
7.41757 0.0670581
7.42215 0.0676062
7.42574 0.0671607
7.43003 0.0674209
7.4357 0.0690617
7.44074 0.0680439
7.44378 0.0670532
7.44801 0.0672506
7.45215 0.0673537
7.45228 0.0674821
7.45599 0.0671655
7.45612 0.0672939
7.46112 0.0682641
7.46318 0.0630867
7.46513 0.067057
7.46936 0.067254
7.4732 0.0670652
7.47734 0.0671683
7.48132 0.067109
7.48849 0.0702477
7.49131 0.067019
7.49592 0.0675947
7.49944 0.0670875
7.50345 0.0670588
7.50748 0.0670572
7.51155 0.0670946
7.51565 0.0671592
7.51959 0.0670678
7.52568 0.069118
7.52965 0.0670419
7.53375 0.0671075
7.53772 0.0670461
7.54208 0.067369
7.54618 0.0674376
7.54987 0.0670928
7.5541 0.0672903
7.55929 0.0684476
7.5632 0.0631092
7.56365 0.0675906
7.56769 0.0675964
7.57112 0.0669949
7.57724 0.0690791
7.58127 0.0670658
7.5814 0.0671942
7.5855 0.0672603
7.58563 0.0673887
7.58941 0.0671353
7.59361 0.0672982
7.59373 0.0674266
7.59866 0.0683219
7.60168 0.0673011
7.60549 0.0670812
7.60952 0.0670831
7.61574 0.0692657
7.61587 0.0693941
7.61956 0.0670325
7.62359 0.0670359
7.62815 0.0675529
7.6318 0.0671741
7.63564 0.0669853
7.64061 0.0679185
7.64074 0.0680469
7.64382 0.0670913
7.64792 0.0671604
7.65414 0.0693459
7.65651 0.0656693
7.66103 0.0661571
7.66318 0.0630898
7.66779 0.0697183
7.67122 0.067096
7.67522 0.0670672
7.67926 0.0670736
7.68423 0.0680039
7.68724 0.0669831
7.69153 0.0672433
7.69544 0.0671183
7.69957 0.0672111
7.70547 0.0690746
7.7095 0.0670597
7.71418 0.0677051
7.7176 0.0670956
7.72215 0.0676125
7.72565 0.0670697
7.72962 0.0670104
7.73385 0.0672044
7.73766 0.0669875
7.74378 0.0690723
7.74801 0.067249
7.75218 0.0673832
7.75596 0.0671288
7.76112 0.0682585
7.76317 0.0630812
7.76516 0.0670865
7.76946 0.0673496
7.77321 0.0670676
7.77725 0.0670734
7.78125 0.0670452
7.7858 0.0675592
7.78958 0.0673058
7.79589 0.0695828
7.79942 0.0670588
7.80345 0.0670572
7.80751 0.0670867
7.81155 0.067093
7.81572 0.0672243
7.81963 0.0671018
7.82363 0.0670735
7.82824 0.0676487
7.83375 0.0691267
7.83773 0.0670525
7.84208 0.0673754
7.84612 0.0673817
7.84984 0.067068
7.85411 0.0672966
7.85424 0.067425
7.85927 0.0684268
7.86318 0.0630924
7.86363 0.0675738
7.86767 0.0675796
7.87119 0.0670714
7.87527 0.0671088
7.88045 0.0682643
7.88558 0.0693576
7.88949 0.0672158
7.89369 0.0673787
7.8987 0.0683633
7.90172 0.0673425
7.90546 0.0670565
7.9095 0.0670623
7.91405 0.0675793
7.91418 0.0677076
7.91761 0.0671021
7.9236 0.069059
7.92818 0.0675903
7.9318 0.0671764
7.93571 0.0670499
7.94064 0.067952
7.94077 0.0680804
7.94372 0.0669969
7.94805 0.0672877
7.95218 0.0673908
7.956 0.0671715
7.96103 0.0681728
7.96321 0.0631238
7.96507 0.0670008
7.96937 0.0672599
7.97523 0.0670701
7.97927 0.0670765
7.97939 0.0672048
7.9842 0.0679757
7.98849 0.0682329
7.99134 0.0670521
7.99544 0.0671177
7.99941 0.067055
8.00348 0.0670884
8.00753 0.0671008
8.01387 0.0694113
8.01755 0.0670458
8.02166 0.0671148
8.02565 0.0670782
8.02963 0.0670188
8.03389 0.0672439
8.03767 0.066992
8.04222 0.0675089
8.04584 0.0670985
8.05225 0.0694736
8.05603 0.0672064
8.05901 0.0661529
8.06315 0.0630569
8.06513 0.0690751
8.06949 0.0673836
8.07318 0.0670383
8.07718 0.067012
8.08119 0.0669833
8.08132 0.0671117
8.08548 0.0672429
8.08929 0.0670202
8.09356 0.0672482
8.09368 0.0673766
8.09753 0.0671873
8.10348 0.0691041
8.10751 0.0670887
8.11162 0.0671607
8.11559 0.0670964
8.1196 0.0670711
8.12398 0.0674251
8.12411 0.0675535
8.1286 0.0680048
8.13187 0.0672408
8.13572 0.0670561
8.14241 0.0697176
8.14619 0.0674504
8.14984 0.0670666
8.15423 0.0674196
8.1593 0.0684525
8.16318 0.063087
8.16375 0.0676968
8.16773 0.0676404
8.17122 0.067101
8.17526 0.0671074
8.18039 0.0682006
8.18417 0.0679473
8.18744 0.0671833
8.18853 0.0682702
8.19372 0.0674123
8.19871 0.0683658
8.20172 0.067345
8.2055 0.0670901
8.2095 0.0670608
8.21408 0.0676089
8.21758 0.0670696
8.22216 0.0676176
8.22565 0.0670788
8.23184 0.0692268
8.23565 0.0669862
8.24074 0.0680479
8.24379 0.0670611
8.24808 0.0673208
8.25218 0.0673888
8.256 0.0671695
8.26112 0.0682641
8.26318 0.0630868
8.26516 0.0670881
8.26939 0.0672851
8.27324 0.0670963
8.27942 0.0692508
8.28423 0.0680048
8.28852 0.0682621
8.29134 0.0670502
8.29583 0.0675015
8.29941 0.0670565
8.30348 0.0670899
8.30749 0.0670612
8.31162 0.0671609
8.31556 0.0670699
8.31569 0.0671983
8.32216 0.0696337
8.32261 0.0700816
8.32571 0.0671323
8.33 0.0673925
8.33378 0.0671386
8.33779 0.0671163
8.34247 0.0677587
8.3426 0.0678871
8.34612 0.0673799
8.34981 0.0670351
8.35404 0.0672326
8.35933 0.0684912
8.36312 0.0630283
8.36369 0.0676382
8.36949 0.0693989
8.3732 0.0670571
8.37724 0.0670629
8.38153 0.0673231
8.38563 0.0673892
8.38941 0.0671359
8.3937 0.0673961
8.39803 0.0676874
8.40162 0.0672429
8.40175 0.0673713
8.40546 0.0670507
8.41168 0.0672194
8.41181 0.0673478
8.41574 0.0672529
8.41962 0.0670992
8.42379 0.067231
8.42821 0.0676196
8.4319 0.0672719
8.43565 0.0669898
8.44074 0.0680515
8.44382 0.0670963
8.44984 0.0690833
8.45414 0.0673262
8.45941 0.068569
8.46319 0.0631021
8.46377 0.0677119
8.46771 0.0676205
8.47111 0.0669878
8.47518 0.0670213
8.4803 0.0681145
8.48396 0.0677328
8.48742 0.0671599
8.49145 0.0671633
8.49868 0.0703592
8.5017 0.0673217
8.50544 0.0670356
8.50954 0.0670997
8.51409 0.0676167
8.51422 0.067745
8.51759 0.0670773
8.52217 0.0676254
8.52566 0.0670826
8.52963 0.0670232
8.53386 0.0672172
8.54081 0.0701385
8.5438 0.0670689
8.54803 0.0672663
8.55213 0.0673383
8.55226 0.0674667
8.55614 0.0673096
8.56111 0.0682487
8.56316 0.0630713
8.56515 0.0670767
8.56938 0.0672736
8.57323 0.0670889
8.57736 0.067192
8.58121 0.0670043
8.58742 0.0691844
8.59133 0.0670427
8.59591 0.0675873
8.59944 0.0670801
8.60347 0.0670825
8.60751 0.0670809
8.61145 0.0669899
8.61158 0.0671183
8.61567 0.0671829
8.61962 0.0670914
8.62365 0.0670948
8.62967 0.0670656
8.63377 0.0671312
8.63775 0.0670698
8.6421 0.0673927
8.64223 0.0675211
8.64617 0.0674301
8.64976 0.0669881
8.65412 0.0673139
8.65931 0.0684713
8.66319 0.0631057
8.66364 0.0675871
8.66771 0.0676241
8.67114 0.0670185
8.67723 0.0690717
8.68139 0.0671867
8.68549 0.0672529
8.68562 0.0673813
8.6894 0.0671279
8.69363 0.0673219
8.69376 0.0674503
8.69869 0.0683455
8.7017 0.0673247
8.70542 0.0670076
8.70952 0.0670756
8.71589 0.0694177
8.71958 0.0670562
8.72362 0.0670596
8.72817 0.0675765
8.73182 0.0671977
8.7357 0.067044
8.74067 0.0679773
8.74375 0.0670222
8.74794 0.0671846
8.75179 0.0669993
8.75654 0.0677103
8.76103 0.0661502
8.7632 0.06311
8.76778 0.0697074
8.77118 0.0670539
8.77522 0.0670603
8.7799 0.0677057
8.78425 0.0680286
8.78726 0.0670078
8.78739 0.0671362
8.7913 0.0670072
8.79533 0.0670106
8.79546 0.067139
8.7995 0.0671424
8.80549 0.0691028
8.8095 0.0670568
8.81386 0.0673826
8.81757 0.067065
8.82161 0.0670713
8.82565 0.0670742
8.82962 0.0670149
8.83388 0.06724
8.83767 0.066992
8.84247 0.0677628
8.84802 0.0672585
8.85212 0.0673305
8.85225 0.0674589
8.85597 0.0671383
8.86109 0.0682329
8.86314 0.0630556
8.86513 0.0670609
8.86936 0.0672579
8.86949 0.0673862
8.87324 0.0671042
8.87722 0.0670478
8.88126 0.0670512
8.88581 0.0675652
8.88959 0.0673119
8.8959 0.0695888
8.89942 0.0670648
8.90345 0.0670632
8.90752 0.0670927
8.91146 0.0670018
8.91559 0.067102
8.91963 0.0671078
8.92364 0.0670796
8.92825 0.0676548
8.93379 0.0691638
8.93773 0.0670585
8.94241 0.0677009
8.94619 0.0674505
8.94985 0.0670706
8.95411 0.0672992
8.95424 0.0674276
8.9593 0.0684605
8.96322 0.0631261
8.96366 0.0676075
8.9677 0.0676093
8.97122 0.0671011
8.97526 0.0671074
8.98045 0.0682629
8.98558 0.0693562
8.98949 0.0672144
8.99372 0.0674084
8.99861 0.0682646
9.00175 0.0673722
9.0055 0.0670923
9.00954 0.0670942
9.01389 0.06742
9.01758 0.0670713
9.02357 0.0690277
9.02825 0.0676562
9.03184 0.0672112
9.03578 0.0671158
9.04077 0.0680802
9.04382 0.0670934
9.04799 0.0672282
9.04812 0.0673565
9.05222 0.0674246
9.056 0.0671741
9.06104 0.0681749
9.06312 0.0630287
9.06517 0.0670962
9.0694 0.0672892
9.07522 0.0690795
9.07961 0.0674192
9.0839 0.0676789
9.0873 0.0670427
9.09127 0.0669834
9.0914 0.0671118
9.09541 0.0670865
9.09938 0.0670272
9.10342 0.0670286
9.10752 0.0670961
9.11421 0.0697566
9.11755 0.0670405
9.12216 0.0676202
9.12565 0.0670734
9.12962 0.0670141
9.13379 0.0671459
9.13773 0.0670573
9.14247 0.0677654
9.14613 0.0673866
9.14985 0.0670729
9.15594 0.0671138
9.15607 0.0672422
9.15931 0.0664461
9.16315 0.0630622
9.16514 0.0690803
9.16946 0.0673538
9.17324 0.0671028
9.17722 0.0670465
9.18138 0.0671783
9.18151 0.0673067
9.1858 0.0675639
9.18593 0.0676923
9.18946 0.0671821
9.1942 0.0678902
9.1975 0.0671573
9.20348 0.0691098
9.20752 0.0670959
9.21162 0.0671644
9.21569 0.0671939
9.2196 0.0670748
9.22364 0.0670782
9.22377 0.0672066
9.2286 0.068008
9.23187 0.067244
9.23572 0.0670593
9.24213 0.0694324
9.24623 0.0674842
9.24978 0.0670031
9.24991 0.0671315
9.2542 0.0673912
9.2593 0.0684552
9.25943 0.0685836
9.26318 0.0630896
9.26376 0.0676995
9.26773 0.0676431
9.27113 0.0670104
9.27517 0.0670128
9.28036 0.0681682
9.28427 0.0680433
9.28849 0.0682378
9.29369 0.0693967
9.29861 0.0682712
9.30175 0.0673788
9.3054 0.0669955
9.30954 0.0670946
9.31409 0.0676116
9.31761 0.0671033
9.32219 0.0676514
9.32556 0.0669842
9.32569 0.0671126
9.33183 0.0692255
9.33196 0.0693539
9.33575 0.0670862
9.34036 0.0676683
9.34081 0.0681162
9.34376 0.0670327
9.34389 0.0671611
9.34799 0.0672302
9.34812 0.0673586
9.35219 0.0673955
9.35613 0.0673045
9.36104 0.0681775
9.36309 0.0630001
9.36517 0.0670988
9.3694 0.0672957
9.37325 0.067107
9.37725 0.0670817
9.38417 0.0699665
9.38735 0.0670885
9.39138 0.0670919
9.39542 0.0670953
9.39587 0.0675432
9.39942 0.0670671
9.4035 0.0671045
9.4075 0.0670758
9.4116 0.0671444
9.41558 0.0670845
9.42262 0.0700962
9.4257 0.0671198
9.43002 0.0674111
9.4338 0.0671572
9.43768 0.0670065
9.43781 0.0671349
9.44249 0.0677773
9.44614 0.0673985
9.44627 0.0675269
9.44983 0.0670537
9.45406 0.0672512
9.45932 0.0684747
9.46323 0.0631402
9.46368 0.0676217
9.46723 0.0671445
9.46768 0.0675924
9.47319 0.0690653
9.47723 0.0670544
9.48152 0.0673146
9.48549 0.0672523
9.48562 0.0673807
9.4894 0.0671273
9.49357 0.0672591
9.49369 0.0673875
9.49866 0.0683178
9.50167 0.067297
9.5018 0.0674254
9.50548 0.0670732
9.51189 0.0694493
9.51579 0.0673026
9.51951 0.0669854
9.5238 0.0672456
9.52823 0.0676342
9.53181 0.0671892
9.53566 0.0670044
9.54079 0.0680972
9.54381 0.0670793
9.54992 0.0691636
9.55415 0.0673443
9.55656 0.0657156
9.55669 0.065844
9.56318 0.063093
9.56376 0.0688812
9.56777 0.0676776
9.57123 0.0671071
9.5752 0.0670473
9.58033 0.0681405
9.58398 0.0677588
9.58744 0.0671859
9.59148 0.0671893
9.59539 0.0670643
9.59584 0.0675122
9.60172 0.0693644
9.60547 0.0670616
9.60954 0.0670946
9.61421 0.0677399
9.61761 0.0671033
9.62219 0.0676514
9.62566 0.0670814
9.62963 0.0670221
9.63389 0.0672472
9.64078 0.0701058
9.64386 0.0671294
9.64795 0.0671945
9.65222 0.067426
9.656 0.0671756
9.6611 0.0682431
9.66315 0.0630657
9.66517 0.0671022
9.6694 0.0672991
9.67313 0.066986
9.67726 0.0670891
9.68124 0.0670297
9.68578 0.0675438
9.69136 0.0690849
9.69546 0.0671338
9.69591 0.0675817
9.69943 0.0670745
9.70349 0.067104
9.70753 0.0671024
9.71147 0.0670114
9.71557 0.0670805
9.71951 0.066989
9.72362 0.0670581
9.73002 0.0694273
9.7338 0.0671567
9.7378 0.0671264
9.74261 0.0678972
9.74616 0.0674211
9.74985 0.0670763
9.75408 0.0672737
9.75421 0.0674021
9.75934 0.0684973
9.76322 0.0631277
9.76366 0.0676092
9.7677 0.067615
9.77114 0.0670134
9.77517 0.0670158
9.7753 0.0671442
9.78152 0.0693268
9.78562 0.0673761
9.78952 0.0672512
9.79356 0.0672546
9.79872 0.0683755
9.80173 0.0673547
9.80551 0.0671038
9.80948 0.0670394
9.81406 0.0675875
9.81957 0.0690638
9.82361 0.0670505
9.82809 0.0675013
9.82822 0.0676297
9.83184 0.0672158
9.83569 0.067031
9.84034 0.0676447
9.8438 0.0670748
9.848 0.0672372
9.85181 0.0670208
9.85656 0.0677318
9.86115 0.066269
9.86316 0.0630733
9.86518 0.0671097
9.87117 0.0690651
9.87521 0.0670547
9.87938 0.0671894
9.88406 0.0678318
9.88418 0.0679602
9.88732 0.0670678
9.89142 0.0671335
9.89546 0.0671369
9.9002 0.0678415
9.90347 0.0670765
9.90949 0.0690674
9.91385 0.0673765
9.9176 0.0670899
9.92173 0.0671901
9.92218 0.067638
9.92564 0.0670681
9.92962 0.0670088
9.93391 0.067265
9.93772 0.0670481
9.94215 0.0674366
9.94804 0.0692952
9.95214 0.0673505
9.95227 0.0674788
9.95599 0.0671583
9.96108 0.0682178
9.96313 0.0630404
9.96512 0.0670458
9.96941 0.0673089
9.97314 0.0669958
9.97724 0.0670678
9.98128 0.0670706
9.98582 0.0675847
9.9896 0.0673313
9.99421 0.067907
9.99941 0.069066

