% time_sec delay_sec
1.14387 0.0437703
1.14387 0.0437703
1.24387 0.043774
1.34386 0.0437607
1.44175 0.345672
1.44387 0.0437722
1.54387 0.0437767
1.64386 0.0437634
1.74388 0.0437793
1.74441 0.34565
1.84387 0.0437748
1.94311 0.242349
1.94523 0.045115
1.94712 0.0490224
1.95118 0.049046
2.04324 0.137071
2.04531 0.0451954
2.04715 0.049048
2.05122 0.0490877
2.05522 0.0490582
2.05927 0.0490708
2.06339 0.049154
2.06731 0.0490462
2.07136 0.0490587
2.07538 0.0490476
2.08154 0.0491609
2.08555 0.0491287
2.08952 0.0490689
2.09362 0.0491335
2.09838 0.0498632
2.10165 0.0491021
2.10565 0.0490639
2.10969 0.0490692
2.11379 0.0491382
2.11985 0.0511627
2.12382 0.0490866
2.12824 0.0494712
2.13196 0.0491546
2.136 0.0491604
2.14121 0.0503425
2.14532 0.0451997
2.14576 0.0496811
2.14923 0.0491106
2.15323 0.0490779
2.15733 0.049146
2.16156 0.0493464
2.16785 0.0515976
2.17191 0.0496143
2.17544 0.049106
2.18034 0.0499736
2.18047 0.050102
2.18425 0.0498486
2.18854 0.0501053
2.19161 0.0491463
2.19555 0.0490524
2.20032 0.0497841
2.20362 0.0490502
2.20967 0.0510723
2.21394 0.0492841
2.21817 0.0494805
2.22198 0.0492612
2.22618 0.049427
2.23003 0.0492393
2.2339 0.0490787
2.23796 0.0491106
2.24322 0.0503318
2.24527 0.0451544
2.24725 0.0491558
2.25129 0.0491616
2.25726 0.0510903
2.26152 0.0493051
2.26531 0.0490576
2.26948 0.0491923
2.27348 0.049163
2.27749 0.0491378
2.28146 0.0490784
2.28601 0.0495925
2.28966 0.0492107
2.29364 0.0491514
2.29376 0.0492798
2.2996 0.0490609
2.30364 0.0490673
2.30777 0.049163
2.31171 0.049072
2.31588 0.0492068
2.31975 0.0490486
2.32388 0.0491488
2.3281 0.0493348
2.33189 0.0490844
2.33798 0.0511445
2.34179 0.0489054
2.34526 0.0451404
2.34715 0.0510652
2.35125 0.0491204
2.35532 0.0491579
2.3593 0.0491015
2.36327 0.0490411
2.3634 0.0491695
2.36769 0.0494282
2.37147 0.0491693
2.37541 0.0490778
2.38009 0.0497232
2.38595 0.0515522
2.3896 0.0491537
2.39371 0.0492227
2.39832 0.0498024
2.39845 0.0499308
2.40172 0.0491668
2.40569 0.0491025
2.40969 0.0490732
2.41373 0.0490761
2.41815 0.0494632
2.42254 0.0498167
2.42266 0.0499451
2.42837 0.0516175
2.43196 0.0491558
2.43594 0.0490994
2.44142 0.0505462
2.44526 0.045146
2.44539 0.049308
2.44924 0.0491192
2.45327 0.0491216
2.45731 0.0491274
2.46157 0.049355
2.46541 0.0491617
2.46945 0.0491681
2.47542 0.0511003
2.48032 0.0499511
2.48436 0.0499545
2.48858 0.050149
2.49153 0.0490655
2.49557 0.0490689
2.5005 0.0499602
2.50364 0.0490667
2.50767 0.0490691
2.51171 0.0490715
2.51808 0.0493958
2.52206 0.0493359
2.52622 0.0494707
2.52994 0.0491546
2.53007 0.0492829
2.53391 0.0490913
2.53792 0.0490649
2.54317 0.0502866
2.54535 0.0452376
2.54721 0.0491146
2.55128 0.0491515
2.55532 0.0491578
2.55936 0.0491637
2.56533 0.0510959
2.5694 0.0491165
2.56953 0.0492449
2.57338 0.0490602
2.57742 0.049066
2.58152 0.0491351
2.58594 0.0495207
2.58972 0.0492673
2.59369 0.049208
2.59824 0.0497215
2.60372 0.0511633
2.60766 0.0490556
2.61176 0.0491242
2.6158 0.0491305
2.61984 0.0491358
2.62388 0.0491392
2.62804 0.049267
2.63188 0.0490788
2.63595 0.0491118
2.6421 0.0512287
2.64531 0.0451901
2.64575 0.0496715
2.64928 0.0491672
2.65521 0.0510649
2.65932 0.0491201
2.65945 0.0492485
2.66343 0.0491921
2.66769 0.0494196
2.67147 0.0491687
2.67547 0.0491394
2.68044 0.0500692
2.68056 0.0501976
2.68422 0.0498159
2.68435 0.0499442
2.68857 0.0501388
2.69389 0.0514261
2.69886 0.0503396
2.70187 0.0493188
2.70572 0.0491306
2.70976 0.0491364
2.71373 0.0490771
2.7184 0.0497175
2.72301 0.0502932
2.7258 0.0490497
2.73 0.0492126
2.73593 0.0490934
2.73927 0.0483951
2.74526 0.0451406
2.74538 0.0504809
2.74923 0.0491178
2.75327 0.0491241
2.75731 0.04913
2.76151 0.0492913
2.76535 0.049102
2.76939 0.0491044
2.77336 0.0490441
2.77747 0.0491161
2.78419 0.0518063
2.78791 0.0494735
2.79159 0.0491258
2.79563 0.0491292
2.80049 0.0499582
2.80367 0.0490999
2.80767 0.0490711
2.81178 0.0491397
2.81574 0.0490759
2.82209 0.0513858
2.82584 0.049087
2.83013 0.0493472
2.83398 0.0491595
2.83802 0.0491682
2.84318 0.0502921
2.84536 0.0452431
2.84722 0.0491161
2.85125 0.0491219
2.85529 0.0491243
2.8593 0.049099
2.86328 0.0490426
2.86777 0.0494998
2.87338 0.0510779
2.87745 0.0490981
2.88155 0.0491671
2.88597 0.0495528
2.88962 0.049171
2.8943 0.0498129
2.89853 0.0500075
2.90167 0.0491151
2.90563 0.0490428
2.91175 0.051131
2.91591 0.049245
2.91986 0.0491536
2.92383 0.0490942
2.92815 0.0493816
2.93193 0.0491311
2.93591 0.0490708
2.94231 0.0514365
2.94526 0.0451411
2.94539 0.049303
2.94926 0.0491454
2.9533 0.0491517
2.95734 0.0491576
2.96347 0.0512493
2.96783 0.0495613
2.972 0.049696
2.97539 0.0490594
2.98058 0.0502109
2.98436 0.0499575
2.98449 0.0500859
2.98878 0.0503431
2.9916 0.0491312
2.99564 0.0491347
3.00191 0.051376
3.00573 0.0491454
3.00967 0.049054
3.0139 0.0492514
3.01816 0.049479
3.02208 0.0493564
3.02621 0.049456
3.03012 0.0493311
3.0339 0.0490772
3.03797 0.0491131
3.04316 0.0482552
3.04534 0.045223
3.04726 0.0491656
3.05329 0.05116
3.05727 0.0490869
3.06147 0.0492557
3.06535 0.0491015
3.06945 0.0491695
3.07346 0.0491392
3.07753 0.0491751
3.08156 0.0491775
3.0855 0.0490831
3.09165 0.0512024
3.09566 0.0491604
3.09967 0.0491316
3.10371 0.0491369
3.10778 0.0491773
3.11181 0.0491752
3.11585 0.0491815
3.11979 0.0490856
3.12383 0.049089
3.13007 0.0513027
3.13392 0.0490982
3.13405 0.0492266
3.13796 0.049107
3.14318 0.050297
3.14536 0.045248
3.14722 0.049125
3.1512 0.0490686
3.1553 0.0491371
3.15931 0.0491119
3.1637 0.0494683
3.16767 0.049408
3.17149 0.0491881
3.1754 0.0490655
3.18155 0.0511854
3.18597 0.0495543
3.18975 0.0493009
3.19369 0.0492065
3.1983 0.0497862
3.2017 0.0491506
3.20576 0.0491756
3.20974 0.0491192
3.21416 0.0495078
3.21987 0.0511827
3.22384 0.0491066
3.22839 0.0496236
3.23195 0.0491475
3.23593 0.0490911
3.24125 0.0503779
3.24528 0.0451689
3.24541 0.0493308
3.24926 0.049142
3.25326 0.0491133
3.25736 0.0491813
3.26159 0.0493778
3.26541 0.0491614
3.27201 0.0517286
3.27544 0.0491103
3.28044 0.0500751
3.28057 0.0502035
3.28448 0.0500785
3.28871 0.0502731
3.29166 0.0491896
3.29557 0.0490646
3.30046 0.0499247
3.30059 0.0500531
3.30459 0.0500209
3.30981 0.0512054
3.31404 0.0493861
3.31839 0.0497075
3.32208 0.0493598
3.32625 0.0494945
3.32996 0.0491784
3.33009 0.0493068
3.3339 0.049084
3.33804 0.0491861
3.3432 0.0503099
3.34538 0.0452609
3.34727 0.049169
3.35125 0.0491126
3.35529 0.049119
3.3616 0.0514013
3.36532 0.0490713
3.36949 0.0492061
3.37349 0.0491768
3.37753 0.0491826
3.38151 0.0491233
3.38605 0.0496373
3.38971 0.0492556
3.39368 0.0491963
3.40035 0.0518273
3.40428 0.0497156
3.40774 0.0491412
3.41174 0.0491084
3.41578 0.0491148
3.41985 0.0491512
3.42383 0.0490919
3.42824 0.0494725
3.4319 0.0490937
3.43796 0.0511187
3.44212 0.0492308
3.44532 0.0452089
3.44577 0.0496903
3.45129 0.0511746
3.45523 0.0490669
3.45934 0.0491389
3.45947 0.0492673
3.46341 0.0491759
3.46767 0.0494074
3.47148 0.0491836
3.47543 0.0490921
3.48042 0.050057
3.48055 0.0501853
3.48433 0.049932
3.48959 0.0511536
3.49369 0.0492059
3.49888 0.0503619
3.50176 0.0492127
3.50571 0.0491213
3.50975 0.0491271
3.51375 0.0490989
3.51843 0.0497392
3.52278 0.0500616
3.52868 0.0519252
3.53195 0.0491445
3.53208 0.0492729
3.53592 0.0490881
3.54137 0.0505038
3.54528 0.0451664
3.54541 0.0493283
3.54926 0.0491396
3.55326 0.0491108
3.5573 0.0491167
3.56153 0.0493131
3.56541 0.0491589
3.56938 0.0490991
3.57342 0.0491049
3.58034 0.0519921
3.58438 0.0499788
3.58867 0.050236
3.59165 0.0491836
3.59569 0.0491871
3.60033 0.0497939
3.60459 0.0500185
3.60779 0.0491912
3.6118 0.0491625
3.61817 0.0515035
3.62208 0.0493647
3.62587 0.0491138
3.63016 0.049374
3.63391 0.049089
3.63795 0.0490977
3.64321 0.0503189
3.64539 0.0452699
3.64725 0.0491468
3.65122 0.0490904
3.65533 0.049159
3.6593 0.0491026
3.66366 0.049428
3.66953 0.0512629
3.67351 0.0491897
3.67751 0.0491644
3.68152 0.0491362
3.68607 0.0496503
3.68972 0.0492685
3.69369 0.0492052
3.6983 0.0497849
3.70163 0.0490831
3.70769 0.0511007
3.71176 0.0491213
3.71593 0.0492561
3.71605 0.0493845
3.71987 0.0491641
3.72387 0.0491359
3.72816 0.0493921
3.73198 0.0491728
3.73601 0.0491746
3.74216 0.0512876
3.74536 0.0452489
3.74581 0.0497304
3.74928 0.0491599
3.75332 0.0491663
3.75947 0.0512891
3.76345 0.0492159
3.76781 0.0495447
3.77191 0.0496132
3.77547 0.0491361
3.78056 0.0501943
3.78434 0.0499409
3.78857 0.0501354
3.7887 0.0502638
3.79165 0.0491803
3.79885 0.0523491
3.80186 0.0493115
3.80199 0.0494399
3.80574 0.0491544
3.80981 0.0491913
3.81388 0.0492253
3.81817 0.049484
3.82208 0.0493579
3.82625 0.0494927
3.83009 0.049305
3.83599 0.0511715
3.83888 0.0480085
3.84324 0.0483344
3.84529 0.0451738
3.8493 0.0511988
3.85334 0.0491884
3.85725 0.0490658
3.86147 0.0492582
3.86539 0.0491352
3.86939 0.0491064
3.87349 0.0491745
3.87747 0.0491181
3.88157 0.0491872
3.88791 0.0514957
3.8916 0.0491312
3.89564 0.0491346
3.89608 0.0495825
3.90037 0.0498353
3.9046 0.0500328
3.90774 0.0491354
3.91181 0.0491728
3.91578 0.0491135
3.91981 0.0491074
3.92586 0.051127
3.93016 0.0493704
3.93403 0.0492138
3.93801 0.0491604
3.9432 0.0503153
3.94538 0.0452664
3.94724 0.0491393
3.95122 0.049083
3.95529 0.0491204
3.95929 0.0490951
3.9634 0.0491632
3.96769 0.0494258
3.97154 0.049241
3.97754 0.0512043
3.98151 0.0491282
3.98593 0.0495139
3.98958 0.0491321
3.99369 0.0492012
3.99381 0.0493296
3.9983 0.0497809
4.00163 0.0490791
4.00576 0.0491759
4.00973 0.0491155
4.01604 0.0513909
4.01986 0.0491578
4.0239 0.0491641
4.02838 0.0496109
4.03191 0.0491037
4.03604 0.0492068
4.04139 0.0505213
4.04537 0.04525
4.04549 0.049412
4.04928 0.04916
4.05328 0.0491312
4.05738 0.0491993
4.06155 0.0493369
4.06755 0.0512963
4.07149 0.0491915
4.07547 0.049138
4.08021 0.0498451
4.084 0.0495947
4.08412 0.049723
4.08855 0.0501116
4.09162 0.049156
4.09569 0.049189
4.09963 0.0490901
4.10578 0.0512084
4.10982 0.0491969
4.11405 0.0493944
4.11815 0.0494619
4.12202 0.0493048
4.12587 0.04912
4.13004 0.0492518
4.13401 0.0491885
4.13798 0.0491271
4.14327 0.0503793
4.14532 0.045202
4.1473 0.0492033
4.15131 0.0491781
4.15727 0.0511068
4.16151 0.0492904
4.16542 0.0491713
4.16949 0.0492088
4.17347 0.0491484
4.17744 0.049088
4.18157 0.0491882
4.18644 0.0500218
4.18977 0.0493205
4.19598 0.0515001
4.20037 0.0498374
4.20428 0.0497154
4.20781 0.0492071
4.21175 0.0491122
4.21579 0.0491185
4.21986 0.0491549
4.22383 0.0490956
4.22818 0.049414
4.23392 0.0511176
4.23796 0.0491096
4.24149 0.0485995
4.2454 0.0452823
4.24719 0.0511098
4.2513 0.0491651
4.25537 0.0492025
4.25935 0.0491461
4.2637 0.0494715
4.26768 0.0494111
4.27152 0.0492184
4.27543 0.0490958
4.28024 0.0498696
4.286 0.0516013
4.28965 0.0492028
4.29472 0.0502304
4.2983 0.0497859
4.30186 0.0493098
4.30573 0.0491482
4.30974 0.0491229
4.31388 0.0492231
4.31842 0.049735
4.32384 0.0511191
4.32839 0.0496193
4.33192 0.0491121
4.33204 0.0492405
4.33602 0.0491841
4.34134 0.0504674
4.34541 0.045293
4.34586 0.0497744
4.34925 0.0491378
4.35336 0.0492063
4.35733 0.049146
4.36159 0.0493735
4.36543 0.0491842
4.36947 0.0491906
4.37544 0.0511228
4.38047 0.050102
4.38438 0.049977
4.38861 0.0501715
4.39168 0.0492164
4.39591 0.0494109
4.40045 0.0499165
4.40458 0.0500127
4.40779 0.0491855
4.41403 0.0513986
4.41839 0.0497072
4.42208 0.0493595
4.42625 0.0494942
4.42996 0.0491781
4.43393 0.0491148
4.43794 0.0490885
4.44323 0.0503413
4.44541 0.0452923
4.44727 0.0491692
4.45125 0.0491128
4.45535 0.0491814
4.45939 0.0491872
4.46535 0.0511189
4.46952 0.0492369
4.4735 0.0491805
4.47744 0.049089
4.48154 0.0491581
4.48596 0.0495437
4.48641 0.0499916
4.48974 0.0492904
4.49372 0.0492311
4.49858 0.0500641
4.50428 0.0517286
4.50781 0.0492036
4.51178 0.0491437
4.51588 0.0492123
4.51986 0.0491554
4.52383 0.0490961
4.52818 0.0494145
4.53203 0.0492263
4.53601 0.0491699
4.54216 0.0512868
4.54536 0.0452482
4.54581 0.0497296
4.54924 0.0491281
4.55527 0.051119
4.55937 0.0491742
4.5638 0.0495658
4.56768 0.0494121
4.57191 0.0496051
4.57543 0.0491008
4.58053 0.050159
4.58431 0.0499056
4.58443 0.050034
4.58866 0.0502285
4.59421 0.051738
4.59885 0.0503321
4.60186 0.0493113
4.60574 0.0491542
4.60978 0.04916
4.61375 0.0491007
4.61388 0.0492291
4.61843 0.049741
4.62304 0.0503207
4.62317 0.0504491
4.62625 0.049494
4.63204 0.0512569
4.63595 0.0491175
4.63929 0.0484192
4.64541 0.0452931
4.64586 0.0509529
4.64922 0.0491068
4.65326 0.0491131
4.65733 0.0491501
4.66156 0.0493465
4.66541 0.0491572
4.66941 0.0491245
4.67351 0.0491926
4.67749 0.0491362
4.68421 0.0518264
4.68793 0.0494936
4.69161 0.0491459
4.69565 0.0491493
4.70054 0.0500094
4.70436 0.0497901
4.70779 0.0491845
4.71179 0.0491558
4.71579 0.0491236
4.72268 0.0519798
4.72589 0.0491358
4.73018 0.049396
4.73393 0.049111
4.73797 0.0491197
4.74323 0.0503409
4.74541 0.0452919
4.74723 0.0491338
4.75134 0.0492058
4.75531 0.0491459
4.75932 0.0491206
4.76342 0.0491887
4.76766 0.0493891
4.77352 0.051224
4.77747 0.0491158
4.78157 0.0491848
4.78599 0.0495705
4.78964 0.0491887
4.79371 0.0492227
4.79832 0.0498024
4.80165 0.0491006
4.80578 0.0491918
4.81177 0.0511517
4.81593 0.0492656
4.81985 0.0491431
4.82407 0.0493376
4.82852 0.0497538
4.83192 0.0491182
4.83593 0.049089
4.8423 0.0514276
4.84531 0.0451944
4.84544 0.0493563
4.84931 0.0491987
4.85339 0.0492361
4.85736 0.0491798
4.86384 0.0516221
4.86782 0.0495489
4.87198 0.0496836
4.87554 0.0492105
4.88054 0.0501714
4.88445 0.0500464
4.88868 0.0502409
4.89163 0.0491574
4.89598 0.0494803
4.90194 0.0514061
4.90576 0.04917
4.90983 0.049207
4.91393 0.049276
4.91819 0.0495036
4.92203 0.0493153
4.92588 0.0491266
4.93004 0.0492584
4.93017 0.0493868
4.93398 0.049164
4.93889 0.0500369
4.93902 0.0501653
4.94325 0.048342
4.9453 0.0451814
4.94729 0.0491868
4.95331 0.0511777
4.95729 0.0491046
4.96152 0.049305
4.9654 0.0491513
4.96937 0.0490875
4.97347 0.0491555
4.97754 0.0491924
4.98155 0.0491642
4.98597 0.0495499
4.99161 0.0511567
4.99596 0.0494628
5.00038 0.049848
5.00051 0.0499764
5.0043 0.0497317
5.00776 0.0491612
5.01183 0.0491947
5.01587 0.049201
5.01994 0.0492335
5.02394 0.0492047
5.03019 0.0514184
5.03403 0.0492139
5.03801 0.0491605
5.04324 0.0503505
5.04542 0.0453015
5.04728 0.049178
5.05132 0.0491833
5.05535 0.0491856
5.05936 0.0491559
5.06371 0.0494812
5.0674 0.0491364
5.0715 0.0492039
5.07545 0.0491154
5.08161 0.0512382
5.08561 0.0491932
5.08962 0.049165
5.09368 0.0491985
5.09381 0.0493269
5.09855 0.0500339
5.10172 0.0491716
5.10578 0.0491996
5.10983 0.0492088
5.11393 0.0492779
5.11992 0.0512362
5.12396 0.0492228
5.12838 0.0496114
5.12851 0.0497398
5.13194 0.0491353
5.13598 0.0491411
5.14136 0.0504906
5.14543 0.0453162
5.14588 0.0497976
5.14928 0.049161
5.15335 0.0491984
5.15739 0.0492043
5.16162 0.0494007
5.16547 0.0492154
5.17203 0.0517515
5.17547 0.0491332
5.1805 0.0501292
5.18441 0.0500042
5.18453 0.0501326
5.18863 0.0501987
5.18876 0.0503271
5.19168 0.0492085
5.1959 0.049403
5.20047 0.0499397
5.20428 0.0497164
5.20985 0.051251
5.21431 0.0496539
5.21815 0.0494652
5.22203 0.049308
5.22248 0.0497559
5.22588 0.0491233
5.23004 0.0492551
5.23395 0.0491296
5.23802 0.0491615
5.24324 0.0503515
5.24535 0.0452363
5.24731 0.0492066
5.25131 0.0491813
5.25538 0.0492188
5.26151 0.0513065
5.26548 0.0492333
5.26959 0.0493019
5.27347 0.0491482
5.2775 0.0491501
5.2816 0.0492192
5.28602 0.0496048
5.28647 0.0500527
5.2898 0.0493514
5.29429 0.0498027
5.29474 0.0502506
5.30025 0.0517291
5.30428 0.0497147
5.30774 0.0491402
5.31187 0.0492359
5.31581 0.049145
5.31982 0.0491157
5.32386 0.0491191
5.32855 0.0497842
5.33198 0.0491797
5.33211 0.0493081
5.33807 0.0512358
5.34217 0.0492851
5.34538 0.0452633
5.34583 0.0497447
5.35131 0.0511939
5.35538 0.0492146
5.35936 0.0491582
5.35949 0.0492866
5.36369 0.0494525
5.36766 0.0493961
5.37157 0.0492695
5.37555 0.0492132
5.38055 0.050178
5.38436 0.0499558
5.38961 0.0511774
5.39371 0.0492297
5.39877 0.0502533
5.3989 0.0503817
5.40178 0.0492326
5.40572 0.0491371
5.40973 0.0491118
5.41418 0.0495315
5.41848 0.0497946
5.42281 0.0500859
5.42838 0.05163
5.43204 0.0492344
5.43601 0.0491781
5.44127 0.0503987
5.44531 0.0451896
5.44543 0.0493516
5.44928 0.0491628
5.45338 0.0492314
5.45735 0.049171
5.46158 0.0493674
5.46546 0.0492098
5.4694 0.0491189
5.47344 0.0491247
5.48043 0.0520781
5.48434 0.0499364
5.48857 0.0501309
5.49167 0.0492069
5.4959 0.0494014
5.49603 0.0495298
5.50041 0.0498799
5.50429 0.0497227
5.50782 0.0492145
5.51182 0.0491858
5.51842 0.051749
5.52258 0.049864
5.52271 0.0499924
5.52627 0.0495158
5.53011 0.0493281
5.53396 0.0491404
5.538 0.0491492
5.54322 0.0503352
5.5454 0.0452862
5.54726 0.0491632
5.55137 0.0492352
5.55537 0.0492065
5.55931 0.049115
5.55944 0.0492434
5.56345 0.0492181
5.56958 0.0513098
5.57355 0.0492366
5.57746 0.0491141
5.58157 0.0491832
5.58643 0.0500167
5.58977 0.0493154
5.59371 0.049221
5.59383 0.0493494
5.59832 0.0498007
5.60168 0.04913
5.60783 0.0512449
5.61183 0.0491994
5.61597 0.049299
5.61981 0.0491103
5.62385 0.0491137
5.6282 0.0494321
5.63198 0.0491817
5.63606 0.0492186
5.6415 0.0506304
5.64531 0.0451991
5.64544 0.049361
5.64932 0.0492074
5.65336 0.0492137
5.65948 0.0513014
5.66381 0.0495789
5.66779 0.0495225
5.67189 0.0495911
5.67202 0.0497195
5.67555 0.0492152
5.68054 0.0501761
5.68445 0.0500511
5.68874 0.0503083
5.69169 0.0492248
5.6989 0.0523976
5.70191 0.04936
5.70582 0.0492375
5.70979 0.0491731
5.71418 0.0495266
5.71841 0.0497236
5.7227 0.0499838
5.7263 0.0495422
5.73014 0.0493545
5.73597 0.0511549
5.73886 0.0479919
5.73899 0.0481202
5.74328 0.0483799
5.74534 0.0452193
5.74934 0.0512443
5.75338 0.0492339
5.75739 0.0492086
5.76163 0.049409
5.76541 0.0491581
5.76948 0.0491916
5.77351 0.0491974
5.77749 0.049141
5.78159 0.0492101
5.78794 0.0515186
5.79162 0.0491541
5.79598 0.0494771
5.8003 0.0497609
5.80456 0.0499895
5.80776 0.0491622
5.8118 0.0491646
5.81584 0.049171
5.81994 0.0492385
5.8259 0.0511603
5.83019 0.0494037
5.83394 0.0491187
5.83407 0.0492471
5.83798 0.0491275
5.84323 0.0503452
5.84541 0.0452962
5.84727 0.0491692
5.85131 0.049175
5.85534 0.0491774
5.85938 0.0491832
5.86361 0.0493801
5.86374 0.0495085
5.86759 0.0493198
5.86771 0.0494482
5.87156 0.0492634
5.87749 0.0511605
5.8816 0.0492128
5.88602 0.0495985
5.88967 0.0492167
5.89473 0.0502443
5.89832 0.0497998
5.90172 0.0491642
5.90581 0.0492203
5.90975 0.0491289
5.91593 0.0512803
5.91985 0.0491445
5.9242 0.0494674
5.92833 0.0495641
5.93199 0.0491853
5.93606 0.0492222
5.94138 0.0505055
5.94542 0.0453
5.94586 0.0497814
5.9493 0.0491798
5.9534 0.0492484
5.95737 0.049192
5.96161 0.0493924
5.96776 0.0515118
5.96789 0.0516401
5.97196 0.0496608
5.97209 0.0497892
5.97549 0.0491565
5.98048 0.0501174
5.98061 0.0502458
5.98439 0.0499925
5.98452 0.0501208
5.98862 0.050187
5.9917 0.0492279
5.99592 0.0494224
6.00047 0.049932
6.00579 0.0512201
6.00976 0.049143
6.01399 0.0493404
6.01412 0.0494688
6.01819 0.0495058
6.0221 0.0493832
6.02627 0.0495179
6.03012 0.0493302
6.03412 0.049298
6.03816 0.0493028
6.04328 0.0503956
6.04533 0.0452182
6.04732 0.049223
6.05136 0.0492283
6.05732 0.0511571
6.06153 0.0493091
6.0655 0.0492527
6.06954 0.0492585
6.07348 0.049166
6.07755 0.0491979
6.08162 0.0492319
6.08565 0.0492348
6.08959 0.0491404
6.09574 0.0512592
6.09978 0.0492454
6.10372 0.0491534
6.10776 0.0491547
6.11179 0.0491566
6.1159 0.0492286
6.11997 0.0492655
6.12401 0.0492689
6.12832 0.0495523
6.13399 0.0511897
6.138 0.0491506
6.14217 0.0492794
6.1454 0.0452887
6.14729 0.0512095
6.1513 0.0491675
6.15572 0.0495555
6.15941 0.0492107
6.1637 0.0494699
6.16768 0.0494095
6.17155 0.0492519
6.17556 0.0492266
6.18017 0.0498058
6.1803 0.0499342
6.18604 0.0516348
6.18969 0.0492363
6.19475 0.0502639
6.19834 0.0498194
6.20174 0.0491838
6.20576 0.0491777
6.20987 0.0492497
6.21397 0.0493188
6.2141 0.0494472
6.21858 0.0498969
6.22387 0.0511526
6.22871 0.0499372
6.23198 0.0491732
6.2321 0.0493016
6.23598 0.049148
6.24137 0.0504975
6.24534 0.0452257
6.24579 0.0497072
6.24928 0.0491678
6.25339 0.0492364
6.25739 0.0492111
6.26162 0.0494075
6.26547 0.0492188
6.26944 0.0491589
6.2755 0.0511844
6.2805 0.0501325
6.28441 0.0500076
6.28864 0.0502021
6.29171 0.049247
6.29594 0.0494415
6.30058 0.0500444
6.30429 0.0497238
6.30782 0.0492155
6.31406 0.0514287
6.31813 0.0494449
6.32271 0.0499929
6.3263 0.0495514
6.33015 0.0493637
6.33396 0.0491409
6.33813 0.0492741
6.34329 0.0503984
6.34534 0.0452211
6.34733 0.0492264
6.3513 0.04917
6.35537 0.0492075
6.35938 0.0491822
6.36551 0.0512739
6.36961 0.0493257
6.37346 0.0491409
6.37753 0.0491778
6.3816 0.0492123
6.38602 0.049598
6.38646 0.0500459
6.3898 0.0493446
6.39473 0.0502438
6.39832 0.0497993
6.40431 0.0517557
6.40783 0.0492307
6.41181 0.0491709
6.41591 0.0492399
6.41985 0.0491485
6.42389 0.0491519
6.4283 0.0495325
6.43209 0.0492821
6.43612 0.0492839
6.4415 0.0506334
6.44542 0.0452995
6.44586 0.0497809
6.44936 0.0492416
6.45541 0.0512636
6.45939 0.0491905
6.46382 0.049582
6.46766 0.0493972
6.47157 0.0492707
6.47202 0.0497186
6.47555 0.0492143
6.48064 0.0502725
6.48442 0.0500191
6.48865 0.0502136
6.49384 0.0513726
6.4989 0.0503794
6.50191 0.0493586
6.50572 0.0491348
6.50983 0.0492068
6.51393 0.0492759
6.51854 0.049854
6.52283 0.0501142
6.5263 0.0495443
6.53207 0.0512795
6.53604 0.0492063
6.53925 0.0483796
6.53938 0.048508
6.54534 0.0452219
6.54579 0.0508817
6.54925 0.0491329
6.55329 0.0491392
6.55736 0.0491761
6.56159 0.0493726
6.56543 0.0491838
6.56943 0.0491511
6.57354 0.0492191
6.57758 0.049225
6.58424 0.051853
6.58847 0.0500308
6.58859 0.0501592
6.5917 0.0492352
6.59593 0.0494297
6.60057 0.0500326
6.60457 0.0500004
6.60784 0.0492353
6.61181 0.0491755
6.61594 0.0492717
6.6226 0.0518977
6.62273 0.0520261
6.6259 0.049151
6.6302 0.0494112
6.63398 0.0491573
6.63802 0.049166
6.64324 0.050356
6.64536 0.0452409
6.64728 0.0491761
6.65138 0.0492481
6.65535 0.0491882
6.65946 0.0492563
6.66375 0.0495154
6.66773 0.049459
6.67356 0.0512589
6.6775 0.0491507
6.6816 0.0492197
6.68602 0.0496054
6.68967 0.0492236
6.69435 0.0498655
6.69839 0.0498689
6.70179 0.0492333
6.70581 0.0492272
6.71181 0.0511871
6.71591 0.0492394
6.71989 0.049183
6.72399 0.0492521
6.72856 0.0497927
6.73196 0.0491571
6.73613 0.0492913
6.74196 0.0510847
6.74535 0.0452367
6.7458 0.0497182
6.74933 0.0492099
6.7533 0.0491501
6.7574 0.0492221
6.76388 0.0516644
6.76779 0.049525
6.77199 0.0496909
6.77212 0.0498193
6.77558 0.0492488
6.78064 0.0502719
6.78442 0.0500185
6.78865 0.0502131
6.79173 0.049258
6.79595 0.0494525
6.80191 0.0513748
6.80572 0.0491382
6.80986 0.0492373
6.81396 0.0493064
6.81841 0.0497251
6.82258 0.0498569
6.8263 0.0495437
6.83014 0.049356
6.83399 0.0491683
6.83412 0.0492967
6.83928 0.0504269
6.84329 0.0483819
6.84534 0.0452213
6.84733 0.0492267
6.85332 0.0511865
6.85742 0.0492378
6.86153 0.0493098
6.8655 0.0492534
6.8695 0.0492207
6.87351 0.0491914
6.87751 0.0491622
6.88158 0.0491967
6.886 0.0495824
6.88645 0.0500302
6.8917 0.0512519
6.89593 0.0494297
6.90029 0.0497526
6.90433 0.0497589
6.90786 0.0492546
6.9118 0.0491637
6.91603 0.0493612
6.91994 0.0492341
6.92007 0.0493625
6.92391 0.0491748
6.92404 0.0493032
6.93022 0.0514507
6.93397 0.0491489
6.9341 0.0492773
6.93804 0.0491888
6.94323 0.0503477
6.94541 0.0452987
6.94727 0.0491717
6.95131 0.0491775
6.95535 0.0491799
6.95942 0.0492168
6.96371 0.049476
6.96772 0.0494507
6.97156 0.049262
6.97554 0.0492056
6.98163 0.0512632
6.98637 0.0499516
6.9897 0.0492503
6.98983 0.0493787
6.99371 0.0492221
6.99415 0.04967
6.99832 0.0498018
7.00172 0.0491662
7.00582 0.0492328
7.00986 0.0492386
7.01396 0.0493077
7.01409 0.0494361
7.01995 0.0512625
7.02389 0.0491548
7.02869 0.0499211
7.02882 0.0500495
7.03196 0.0491571
7.0361 0.0492602
7.04138 0.0505125
7.04536 0.0452407
7.04548 0.0494026
7.0493 0.0491857
7.05337 0.0492232
7.05744 0.0492601
7.06165 0.0494289
7.06549 0.0492441
7.07158 0.0513007
7.0756 0.0492616
7.08021 0.0498403
7.08408 0.0496831
7.08844 0.0500055
7.08857 0.0501339
7.09165 0.0491783
7.09574 0.0492424
7.09984 0.0493035
7.10029 0.0497514
7.10381 0.0492426
7.10987 0.0512631
7.1141 0.0494438
7.11819 0.0495073
7.12258 0.0498608
7.12271 0.0499892
7.1263 0.0495477
7.13002 0.0492316
7.13015 0.04936
7.13412 0.0492967
7.13816 0.0493015
7.14334 0.0504574
7.1454 0.0452801
7.14726 0.049157
7.1513 0.0491629
7.15543 0.0492625
7.16155 0.0513502
7.16552 0.0492731
7.1695 0.0492133
7.16963 0.0493417
7.17357 0.0492502
7.17761 0.049256
7.18158 0.0491967
7.18645 0.0500302
7.18978 0.049329
7.19023 0.0497769
7.19471 0.0502282
7.20029 0.0517693
7.20435 0.049786
7.20817 0.0495662
7.21185 0.049214
7.21595 0.0492825
7.21999 0.0492844
7.22402 0.0492878
7.2285 0.0497306
7.23216 0.0493518
7.23805 0.0512173
7.24222 0.0493294
7.24545 0.0453386
7.2459 0.0498201
7.25132 0.0512071
7.25542 0.0492589
7.25943 0.0492336
7.26369 0.0494616
7.2677 0.0494324
7.27161 0.0493059
7.27205 0.0497537
7.27558 0.0492495
7.28052 0.0501482
7.28064 0.0502765
7.28442 0.0500232
7.28968 0.0512448
7.29429 0.0498077
7.29474 0.0502556
7.29884 0.0503213
7.30172 0.0491721
7.30582 0.0492367
7.30986 0.0492425
7.31409 0.04944
7.31858 0.0498897
7.3187 0.0500181
7.32287 0.0501499
7.32841 0.0516589
7.33207 0.0492633
7.33607 0.049238
7.34126 0.050393
7.34139 0.0505214
7.34546 0.0453469
7.34591 0.0498284
7.34931 0.0491917
7.35335 0.0491981
7.35738 0.0491959
7.36164 0.0494274
7.36549 0.0492387
7.36956 0.0492722
7.37359 0.049274
7.38048 0.0521302
7.38426 0.04986
7.38865 0.0502141
7.39173 0.0492589
7.39595 0.0494535
7.40046 0.0499279
7.40059 0.0500563
7.4043 0.0497357
7.40783 0.0492275
7.41183 0.0491987
7.41814 0.0514736
7.4226 0.0498765
7.42599 0.0492399
7.43016 0.0493717
7.434 0.049184
7.43805 0.0491927
7.44327 0.0503788
7.44545 0.0453298
7.44731 0.0492068
7.45131 0.0491815
7.45542 0.04925
7.45946 0.0492559
7.46375 0.049519
7.46962 0.0513499
7.47359 0.0492728
7.4776 0.0492475
7.48157 0.0491882
7.48644 0.0500217
7.48977 0.0493205
7.4947 0.0502157
7.49483 0.0503441
7.49842 0.0498996
7.50182 0.049264
7.50819 0.0516011
7.51181 0.0491738
7.51591 0.0492384
7.51998 0.0492754
7.52401 0.0492788
7.52824 0.0494688
7.53215 0.0493467
7.53622 0.0493837
7.5415 0.0506319
7.54548 0.0453602
7.54592 0.0498416
7.54936 0.0492401
7.5534 0.0492464
7.55352 0.0493748
7.55942 0.0512368
7.56377 0.0495414
7.56781 0.0495473
7.57201 0.0497131
7.57557 0.0492359
7.58063 0.050263
7.58441 0.0500096
7.58864 0.0502042
7.59172 0.0492491
7.59892 0.0524178
7.60193 0.0493803
7.60575 0.0491604
7.60978 0.0491623
7.6142 0.0495509
7.61815 0.0494594
7.6227 0.0499764
7.62282 0.0501048
7.62642 0.0496632
7.63013 0.0493471
7.63026 0.0494755
7.63603 0.0512097
7.63927 0.0483973
7.6433 0.0484002
7.64536 0.0452396
7.64939 0.0512957
7.65343 0.0492853
7.65744 0.04926
7.66161 0.0493942
7.66542 0.0491744
7.66952 0.0492389
7.67356 0.0492408
7.6776 0.0492466
7.68157 0.0491873
7.68858 0.052166
7.69166 0.0491941
7.69602 0.049517
7.70034 0.0498009
7.70457 0.0499983
7.7047 0.0501267
7.7078 0.0492022
7.71181 0.0491735
7.71594 0.0492736
7.71998 0.049275
7.72635 0.0516136
7.7302 0.0494091
7.7341 0.0492836
7.73805 0.0491951
7.74327 0.0503811
7.74545 0.0453322
7.7473 0.0492051
7.75134 0.049211
7.75538 0.0492133
7.75945 0.0492503
7.76375 0.0495134
7.76772 0.049457
7.7716 0.0493034
7.77763 0.0512978
7.78164 0.0492528
7.78638 0.0499579
7.78971 0.0492567
7.79435 0.0498675
7.7948 0.0503154
7.79839 0.0498709
7.80179 0.0492353
7.80581 0.0492292
7.80988 0.0492661
7.81584 0.0511919
7.81988 0.049181
7.82402 0.0492811
7.82837 0.0495996
7.83202 0.0492207
7.83609 0.0492577
7.84138 0.0505099
7.84542 0.0453043
7.84587 0.0497858
7.84933 0.0492153
7.8534 0.0492527
7.85741 0.0492275
7.86164 0.0494279
7.8678 0.0515472
7.86793 0.0516756
7.87209 0.0497896
7.87552 0.049188
7.88058 0.0502151
7.88071 0.0503435
7.88449 0.0500901
7.88872 0.0502846
7.8917 0.0492322
7.89593 0.0494268
7.9005 0.0499634
7.90063 0.0500918
7.90585 0.0512808
7.90989 0.0492699
7.91431 0.0496585
7.91819 0.0495008
7.92257 0.0498543
7.92633 0.0495723
7.93017 0.0493845
7.93411 0.0492902
7.93424 0.0494185
7.93815 0.0492949
7.94334 0.0504509
7.94535 0.0452385
7.94734 0.0492438
7.95135 0.0492185
7.95734 0.0491616
7.96161 0.0493931
7.96546 0.0492083
7.96949 0.0492107
7.9735 0.0491815
7.9776 0.0492495
7.98157 0.0491902
7.98644 0.0500237
7.98977 0.0493225
7.99589 0.0514048
7.99602 0.0515332
8.00031 0.0497732
8.00438 0.0498127
8.00778 0.04918
8.01182 0.0491824
8.01586 0.0491887
8.01999 0.0492879
8.024 0.0492597
8.02834 0.0495741
8.03401 0.0512115
8.03414 0.0513399
8.03805 0.0491995
8.04196 0.0490746
8.04546 0.0453406
8.04732 0.0512338
8.05139 0.0492534
8.05578 0.0496104
8.05943 0.04923
8.06372 0.0494892
8.0677 0.0494288
8.07154 0.0492435
8.07558 0.0492483
8.07975 0.0493825
8.08574 0.0513389
8.08968 0.0492277
8.09381 0.0493274
8.09861 0.0500967
8.10182 0.0492694
8.10582 0.0492312
8.10982 0.0492054
8.11409 0.0494339
8.1187 0.0500116
8.12424 0.0515211
8.12873 0.0499556
8.13199 0.0491916
8.1361 0.0492636
8.14139 0.0505159
8.14549 0.045373
8.14594 0.0498545
8.14933 0.0492139
8.1534 0.0492473
8.15744 0.0492532
8.16167 0.0494536
8.16555 0.0492999
8.16959 0.0493062
8.17552 0.0491866
8.18065 0.0502798
8.18443 0.0500265
8.18866 0.050221
8.19173 0.0492659
8.19596 0.0494604
8.20063 0.0500944
8.20434 0.0497738
8.20787 0.0492655
8.21434 0.0517049
8.21815 0.0494683
8.22261 0.0498879
8.22274 0.0500163
8.22636 0.0496059
8.2302 0.0494182
8.23414 0.0493238
8.23824 0.0493908
8.24327 0.0503868
8.24539 0.0452716
8.24738 0.0492769
8.25135 0.0492166
8.25542 0.049254
8.26157 0.0513728
8.26555 0.0492957
8.26952 0.0492359
8.26965 0.0493643
8.27362 0.0493039
8.27763 0.0492786
8.2816 0.0492193
8.28647 0.0500529
8.2898 0.0493516
8.29474 0.0502508
8.29845 0.0499347
8.30438 0.0518249
8.30819 0.0495883
8.31188 0.0492401
8.31595 0.0492775
8.31998 0.0492794
8.32402 0.0492828
8.32853 0.0497567
8.33218 0.0493779
8.33612 0.0492864
8.33625 0.0494148
8.34221 0.0513411
8.34542 0.0453025
8.34587 0.0497839
8.35142 0.0512993
8.35546 0.0492889
8.35946 0.0492636
8.36382 0.049589
8.36767 0.0494002
8.3678 0.0495286
8.3716 0.0492968
8.37557 0.0492365
8.38063 0.0502636
8.38076 0.050392
8.38441 0.0500102
8.38864 0.0502047
8.39428 0.0497948
8.39848 0.0499577
8.3986 0.0500861
8.40187 0.0493221
8.40584 0.0492583
8.40988 0.0492641
8.41411 0.0494615
8.4186 0.0499113
8.41873 0.0500397
8.42289 0.0501715
8.42635 0.0496015
8.43203 0.0512395
8.43215 0.0513678
8.43603 0.0491974
8.44126 0.0503874
8.44139 0.0505158
8.44548 0.045369
8.44593 0.0498505
8.44933 0.0492138
8.45343 0.0492824
8.4574 0.0492141
8.46162 0.0494065
8.4655 0.0492489
8.46957 0.0492863
8.47357 0.0492571
8.48043 0.0520821
8.48056 0.0522105
8.48421 0.049812
8.48863 0.0501976
8.49171 0.0492425
8.49594 0.049437
8.50061 0.050071
8.50429 0.0497193
8.50784 0.0492421
8.51185 0.0492134
8.51598 0.0493136
8.52274 0.0520408
8.52636 0.0496096
8.53021 0.0494219
8.53412 0.0492964
8.53806 0.0492079
8.54328 0.0503945
8.54546 0.0453455
8.54732 0.0492225
8.55143 0.0492945
8.55543 0.0492657
8.55944 0.0492405
8.56374 0.0495036
8.56387 0.049632
8.56964 0.0513696
8.57361 0.0492964
8.57762 0.0492712
8.5816 0.0492118
8.58602 0.0495975
8.58967 0.0492157
8.59437 0.0498887
8.59841 0.0498921
8.60181 0.0492565
8.60587 0.0492855
8.61183 0.0491975
8.61593 0.0492621
8.62 0.049299
8.62404 0.0493024
8.62826 0.0494924
8.63217 0.0493704
8.63612 0.0492789
8.64153 0.0506556
8.64197 0.0511035
8.64547 0.0453527
8.64592 0.0498342
8.64938 0.0492637
8.65342 0.0492701
8.65944 0.0512605
8.66377 0.049538
8.6639 0.0496663
8.66784 0.0495749
8.67204 0.0497367
8.67556 0.0492285
8.68062 0.0502556
8.68075 0.050384
8.6844 0.0500022
8.68863 0.0501967
8.68876 0.0503251
8.69171 0.0492416
8.69881 0.0523131
8.69894 0.0524415
8.70196 0.0494039
8.7058 0.0492152
8.7099 0.0492832
8.7142 0.0495434
8.71814 0.0494519
8.72272 0.05
8.72285 0.0501284
8.72644 0.0496869
8.73029 0.0494991
8.73413 0.0493114
8.73933 0.0504728
8.74336 0.0484594
8.74538 0.0452637
8.74942 0.0513199
8.75333 0.0491811
8.75744 0.0492531
8.76163 0.0494184
8.76551 0.0492568
8.76951 0.049228
8.77361 0.0492961
8.77759 0.0492397
8.78163 0.0492431
8.78861 0.0521907
8.79168 0.0492148
8.79591 0.0494093
8.79604 0.0495377
8.80027 0.0497323
8.8004 0.0498606
8.80434 0.0497697
8.80783 0.0492303
8.81193 0.0492989
8.81597 0.0493052
8.82008 0.0493728
8.82411 0.0493762
8.8302 0.0494136
8.83401 0.0491908
8.83805 0.0491996
8.84337 0.0504839
8.84542 0.0453066
8.84731 0.0492146
8.85142 0.0492866
8.85539 0.0492228
8.85946 0.0492598
8.86372 0.0494878
8.8677 0.0494314
8.87161 0.0493089
8.87206 0.0497568
8.87761 0.0512722
8.88164 0.0492588
8.88638 0.049964
8.88971 0.0492627
8.89436 0.0498735
8.89481 0.0503214
8.8984 0.0498769
8.90179 0.0492413
8.90585 0.0492663
8.90992 0.0493032
8.91585 0.0511979
8.91989 0.049187
8.92402 0.0492872
8.92838 0.0496056
8.93206 0.0492579
8.9361 0.0492637
8.94139 0.0505159
8.94549 0.0453731
8.94594 0.0498545
8.94933 0.0492179
8.9534 0.0492553
8.95744 0.0492612
8.96168 0.0494615
8.96783 0.0515769
8.96796 0.0517053
8.97212 0.0498193
8.97552 0.0491866
8.98058 0.0502137
8.98071 0.0503421
8.98449 0.0500887
8.98872 0.0502832
8.99173 0.049262
8.99596 0.0494565
9.00053 0.0499931
9.00589 0.0513167
9.00992 0.0493018
9.01402 0.0493708
9.01816 0.04947
9.02209 0.0493751
9.02254 0.0498229
9.02639 0.0496382
9.03024 0.0494505
9.03415 0.049325
9.03427 0.0494534
9.03815 0.0492947
9.03828 0.0494231
9.04328 0.0503879
9.04549 0.0453701
9.04741 0.0493127
9.05138 0.0492523
9.05751 0.0513406
9.06164 0.0494264
9.06555 0.0493038
9.06952 0.04924
9.07362 0.049307
9.07762 0.0492727
9.08166 0.0492756
9.08563 0.0492163
9.08967 0.0492192
9.0958 0.0513109
9.10009 0.0495543
9.1038 0.0492361
9.10791 0.0493037
9.11184 0.0492082
9.11588 0.0492146
9.12011 0.049411
9.12402 0.049286
9.12415 0.0494144
9.12834 0.0495694
9.13212 0.0493189
9.13225 0.0494473
9.13812 0.0492649
9.14222 0.0493311
9.14235 0.0494595
9.14542 0.0453092
9.14735 0.0512651
9.15145 0.0493204
9.15581 0.0496462
9.15943 0.0492353
9.16373 0.0494944
9.1677 0.0494341
9.17164 0.0493386
9.17562 0.0492822
9.18061 0.0502471
9.18074 0.0503755
9.18638 0.0519794
9.18971 0.0492613
9.19433 0.049841
9.19839 0.0498756
9.20182 0.049271
9.20585 0.0492694
9.20993 0.0493064
9.21409 0.0494377
9.21844 0.0497585
9.22402 0.0513026
9.22873 0.0499588
9.23213 0.0493232
9.2361 0.0492668
9.24142 0.0505502
9.24552 0.0454068
9.24597 0.0498883
9.24936 0.0492476
9.25337 0.0492189
9.25744 0.0492558
9.26167 0.0494562
9.26555 0.0493026
9.26959 0.0493089
9.27555 0.0512371
9.28061 0.0502474
9.28439 0.0499941
9.28452 0.0501225
9.28862 0.0501886
9.28875 0.050317
9.2917 0.0492335
9.29593 0.049428
9.30053 0.0499998
9.3039 0.0493286
9.3079 0.0492993
9.31434 0.0517076
9.31819 0.049502
9.32277 0.0500501
9.32639 0.0496397
9.33014 0.0493547
9.33414 0.0493225
9.33825 0.0493935
9.34337 0.0504867
9.34543 0.0453093
9.34741 0.0493147
9.35136 0.0492232
9.35543 0.0492607
9.35953 0.0493327
9.36556 0.0513231
9.36966 0.0493749
9.37363 0.0493145
9.37764 0.0492893
9.38168 0.0492927
9.38578 0.0493588
9.38972 0.0492649
9.39478 0.0502925
9.39805 0.0495285
9.40439 0.0518395
9.4082 0.0496029
9.41186 0.0492235
9.41596 0.0492921
9.42 0.049294
9.42403 0.0492974
9.42839 0.0496158
9.4322 0.0493965
9.43233 0.0495248
9.43627 0.0494334
9.44223 0.0513597
9.44544 0.0453211
9.44588 0.0498025
9.44945 0.0493293
9.45547 0.0513243
9.45945 0.0492471
9.46381 0.0495725
9.46393 0.0497009
9.46781 0.0495432
9.47197 0.04967
9.4721 0.0497984
9.47559 0.049259
9.48075 0.0503834
9.4844 0.0500016
9.48863 0.0501962
9.49382 0.0513551
9.49892 0.050397
9.50193 0.0493762
9.50206 0.0495046
9.50587 0.0492808
9.50994 0.0493177
9.51394 0.0492895
9.51861 0.0499259
9.52303 0.0503145
9.52637 0.0496161
9.5265 0.0497445
9.53207 0.0512852
9.53605 0.049212
9.53945 0.0485759
9.5455 0.0453871
9.54595 0.0510469
9.54941 0.0492941
9.55345 0.0493004
9.55742 0.0492401
9.56165 0.0494325
9.56556 0.049306
9.5695 0.049215
9.56963 0.0493434
9.57354 0.0492209
9.57758 0.0492267
9.58424 0.0518547
9.58866 0.0502236
9.59174 0.0492685
9.59596 0.049463
9.60063 0.050097
9.60431 0.0497453
9.60444 0.0498737
9.6079 0.0492993
9.61184 0.0492083
9.61598 0.0493085
9.62277 0.0520668
9.62636 0.0496085
9.63021 0.0494208
9.63415 0.0493264
9.63809 0.0492379
9.64331 0.0504239
9.64552 0.0454061
9.64735 0.0492479
9.65139 0.0492538
9.65575 0.0495796
9.65943 0.0492348
9.66373 0.049498
9.66386 0.0496264
9.66787 0.0496011
9.67364 0.0513387
9.67765 0.0492967
9.68162 0.0492373
9.68636 0.0499425
9.68969 0.0492412
9.69437 0.0498831
9.69482 0.050331
9.6984 0.0498865
9.7018 0.0492509
9.70589 0.049307
9.71185 0.0512358
9.71596 0.0492881
9.72003 0.049325
9.724 0.0492657
9.72826 0.0494868
9.73207 0.0492675
9.73614 0.0493044
9.74235 0.0514796
9.74546 0.0453437
9.74591 0.0498251
9.74934 0.0492235
9.75338 0.0492299
9.75748 0.0493019
9.76392 0.0517051
9.76783 0.0495658
9.77216 0.04986
9.77556 0.0492234
9.78075 0.0503789
9.78453 0.0501255
9.78875 0.05032
9.7917 0.0492365
9.79593 0.049431
9.80199 0.0514507
9.8059 0.0493113
9.80987 0.049247
9.81419 0.0495383
9.81819 0.049509
9.82258 0.0498626
9.82271 0.0499909
9.82636 0.0496116
9.83034 0.0495523
9.83415 0.0493295
9.83931 0.0504597
9.84329 0.0483836
9.8455 0.0453825
9.84742 0.0493217
9.85348 0.0513477
9.85749 0.0493057
9.86159 0.0493777
9.86172 0.0495061
9.86557 0.0493173
9.86963 0.0493508
9.87361 0.0492904
9.87758 0.0492341
9.88169 0.0493031
9.88579 0.0493693
9.89168 0.0512294
9.89604 0.0495356
9.90033 0.0497923
9.90046 0.0499207
9.90436 0.0497947
9.90789 0.0492904
9.91193 0.0492928
9.91597 0.0492991
9.92013 0.0494288
9.92404 0.0493038
9.92417 0.0494322
9.93019 0.0514242
9.93416 0.0493442
9.93811 0.0492556
9.9433 0.0504106
9.94548 0.0453616
9.94733 0.0492346
9.95144 0.0493066
9.95541 0.0492428
9.95944 0.0492446
9.96371 0.0494727
9.96781 0.0495447
9.97198 0.0496794
9.97211 0.0498078
9.97564 0.0493035
9.98166 0.051295
9.9864 0.0499834
9.98986 0.0494105
9.99434 0.0498578
9.99806 0.0495417

