% time_sec delay_sec
1.11927 0.0192396
1.11927 0.0192396
1.21925 0.0192236
1.31956 0.0195383
1.4171 0.321084
1.41927 0.0192413
1.51956 0.0195383
1.61957 0.019541
1.71926 0.0192326
1.71986 0.321174
1.81925 0.0192255
1.91856 0.217867
1.92062 0.0205696
1.92249 0.0244594
1.92739 0.025329
2.01858 0.112482
2.02067 0.0206217
2.02249 0.0244634
2.02679 0.0247251
2.03056 0.0244666
2.03459 0.0244603
2.03926 0.0251
2.04266 0.0244637
2.0467 0.0244728
2.05084 0.0245707
2.05096 0.0246991
2.05678 0.0244661
2.05691 0.0245945
2.06083 0.0244781
2.06485 0.0244681
2.06922 0.0248041
2.07295 0.0244972
2.077 0.0245212
2.08103 0.0245156
2.08529 0.0247402
2.08913 0.0245519
2.09512 0.0264993
2.09915 0.0244849
2.10319 0.0244863
2.10722 0.0244836
2.11135 0.0245868
2.11648 0.0256819
2.12068 0.0206353
2.12081 0.0247972
2.12459 0.0245468
2.12863 0.0245462
2.1326 0.0244864
2.13664 0.0244922
2.14275 0.0265701
2.14682 0.0245908
2.15105 0.0247832
2.15483 0.0245328
2.15919 0.0248576
2.16323 0.0248634
2.16759 0.0251922
2.17102 0.0245867
2.17505 0.0245891
2.18008 0.025585
2.18021 0.0257134
2.18534 0.0268067
2.18905 0.0244704
2.19334 0.0247266
2.19347 0.024855
2.19712 0.0244682
2.20122 0.0245343
2.20528 0.0245678
2.20929 0.0245385
2.21336 0.024576
2.21855 0.0257339
2.2207 0.0206533
2.22281 0.0247841
2.22733 0.0252694
2.23275 0.0266495
2.23665 0.0245022
2.24117 0.0249876
2.24469 0.0244799
2.24879 0.0245444
2.25296 0.0246792
2.25687 0.0245566
2.26095 0.024597
2.26492 0.0245406
2.26922 0.0248037
2.27499 0.0245206
2.27511 0.024649
2.27915 0.0246554
2.28396 0.0254262
2.28729 0.0247249
2.2912 0.0245999
2.29517 0.0245406
2.29921 0.024544
2.30325 0.0245504
2.30725 0.0245176
2.31331 0.0265437
2.31652 0.0237002
2.32071 0.0206664
2.32283 0.026814
2.32695 0.0248889
2.33061 0.0245101
2.33471 0.0245791
2.33881 0.0246506
2.34269 0.024494
2.34676 0.0245315
2.351 0.0247319
2.35478 0.0244814
2.36097 0.0266348
2.36487 0.0244915
2.36923 0.0248129
2.37291 0.0244607
2.37701 0.0245327
2.38102 0.0245045
2.38557 0.0250185
2.38922 0.0246367
2.39345 0.0248342
2.39755 0.0249033
2.40322 0.0265367
2.40729 0.0245574
2.41155 0.0247814
2.41655 0.0257447
2.42094 0.0208893
2.42151 0.0254991
2.42459 0.024544
2.42876 0.0246758
2.42888 0.0248042
2.4326 0.0244876
2.43674 0.0245907
2.44129 0.0251076
2.44478 0.0245688
2.45109 0.0268437
2.45487 0.0245765
2.45882 0.0244845
2.46285 0.0244863
2.46759 0.0251929
2.47099 0.0245602
2.47503 0.0245665
2.47974 0.025243
2.48397 0.0254375
2.48737 0.0248019
2.49352 0.0249026
2.49717 0.0245158
2.50127 0.024582
2.5053 0.0245843
2.50927 0.02452
2.51331 0.0245224
2.51847 0.0256491
2.5186 0.0257775
2.52065 0.0205997
2.52276 0.0247305
2.52693 0.0248652
2.53058 0.0244864
2.53468 0.0245515
2.54119 0.0270214
2.54478 0.0245631
2.54875 0.0245033
2.55295 0.0246691
2.55683 0.0245154
2.5609 0.0245558
2.56494 0.0245622
2.56914 0.024728
2.56927 0.0248564
2.57299 0.0245432
2.57921 0.0267287
2.58402 0.0254828
2.58735 0.0247815
2.59126 0.0246565
2.5951 0.0244688
2.59917 0.0245028
2.6032 0.0245012
2.60727 0.0245387
2.61137 0.0246072
2.61657 0.0257691
2.62067 0.0206252
2.62144 0.0254261
2.62452 0.024471
2.63073 0.0266496
2.63463 0.0245034
2.63909 0.0249255
2.63922 0.0250539
2.64287 0.0246721
2.643 0.0248005
2.64678 0.0245501
2.65101 0.0247505
2.65483 0.0245312
2.65919 0.0248599
2.66285 0.0244841
2.66935 0.0269535
2.67294 0.0244912
2.67704 0.0245592
2.67717 0.0246876
2.68108 0.0245626
2.68121 0.024691
2.68543 0.0248855
2.68934 0.0247606
2.69351 0.0248924
2.69847 0.0258227
2.70117 0.0244824
2.70129 0.0246108
2.70533 0.0246137
2.71155 0.0247824
2.71399 0.0231854
2.72096 0.0209179
2.72154 0.0267061
2.72455 0.024507
2.72862 0.0245415
2.73269 0.0245789
2.7367 0.0245536
2.74125 0.0250706
2.74481 0.0245945
2.74872 0.0244725
2.75302 0.0247356
2.75927 0.0269517
2.76285 0.0244889
2.76753 0.0251292
2.77089 0.0244615
2.77496 0.0244989
2.78015 0.0256544
2.78393 0.025401
2.7872 0.024637
2.79134 0.0247372
2.79716 0.0265306
2.80126 0.02458
2.80521 0.0244891
2.80934 0.0245882
2.81325 0.0244622
2.81856 0.0257445
2.82068 0.0206328
2.82279 0.0247636
2.82686 0.024801
2.82731 0.0252489
2.83065 0.0245506
2.83462 0.0244913
2.83885 0.0246911
2.84273 0.0245345
2.84888 0.0266499
2.85305 0.0247679
2.8568 0.0244818
2.86084 0.0244911
2.86494 0.0245631
2.86927 0.0248574
2.87299 0.0245442
2.87719 0.0247095
2.88104 0.0245218
2.88725 0.026702
2.89116 0.0245602
2.89526 0.0246258
2.89539 0.0247542
2.89917 0.0245009
2.90316 0.0244642
2.90726 0.0245288
2.91136 0.0245973
2.91656 0.0257552
2.92069 0.020643
2.92082 0.0248049
2.92463 0.0245855
2.92866 0.024585
2.9327 0.0245913
2.9393 0.0271501
2.94308 0.02488
2.94673 0.0245011
2.95099 0.0247287
2.95484 0.0245404
2.9592 0.0248692
2.96289 0.0245244
2.96757 0.0251727
2.97097 0.0245401
2.97718 0.0267176
2.98109 0.0245759
2.98122 0.0247043
2.98577 0.0252183
2.98942 0.0248365
2.99346 0.02484
2.99717 0.0245194
3.00121 0.0245228
3.00522 0.0245001
3.00929 0.024537
3.01333 0.0245434
3.01868 0.023844
3.0207 0.0206517
3.02291 0.0248793
3.0289 0.0268362
3.02903 0.0269646
3.03262 0.0245028
3.03672 0.0245709
3.04104 0.0248616
3.04117 0.02499
3.04476 0.0245485
3.04881 0.0245578
3.05291 0.0246263
3.05304 0.0247547
3.05688 0.0245699
3.06086 0.0245165
3.06734 0.0269543
3.07092 0.0244915
3.07105 0.0246199
3.07496 0.0244963
3.07906 0.0245643
3.07919 0.0246927
3.08313 0.0245973
3.08714 0.024569
3.09114 0.0245403
3.09515 0.024515
3.09915 0.0244863
3.10525 0.0265458
3.10928 0.0245304
3.11329 0.0245017
3.11863 0.0258151
3.12094 0.0208945
3.12293 0.0248969
3.12693 0.0248682
3.13059 0.0244893
3.13469 0.0245584
3.13879 0.0246299
3.1428 0.0246017
3.14671 0.0244796
3.15107 0.0248084
3.15694 0.0266399
3.16095 0.0245973
3.16498 0.0245997
3.16921 0.0247966
3.17299 0.0245457
3.17713 0.0246488
3.18104 0.0245233
3.18572 0.0251657
3.18937 0.024784
3.1895 0.0249123
3.19523 0.0266125
3.1992 0.0245364
3.20317 0.0244686
3.20724 0.0245021
3.21128 0.0245084
3.21657 0.0257641
3.2207 0.0206553
3.22083 0.0248172
3.22128 0.0252651
3.22461 0.0245668
3.22878 0.0246986
3.23259 0.0244793
3.2367 0.0245513
3.24112 0.0249393
3.24689 0.026674
3.25108 0.0248186
3.25487 0.0245682
3.25881 0.0244762
3.26291 0.0245442
3.26759 0.0251925
3.27099 0.0245559
3.27506 0.0245933
3.28019 0.0256866
3.28544 0.0269082
3.28935 0.0247665
3.29351 0.0248983
3.29713 0.0244804
3.30123 0.0245465
3.30523 0.0245144
3.30929 0.0245433
3.31333 0.0245497
3.31878 0.0259609
3.32067 0.0206235
3.32278 0.0247543
3.3274 0.0253369
3.33061 0.0245102
3.33676 0.0266256
3.34115 0.0249658
3.34127 0.0250942
3.3448 0.0245864
3.34874 0.0244955
3.35304 0.0247586
3.35689 0.0245738
3.3609 0.024548
3.36494 0.0245544
3.36923 0.0248175
3.37503 0.0265823
3.37516 0.0267106
3.3792 0.0247002
3.384 0.025471
3.38734 0.0247698
3.39112 0.0245164
3.39522 0.0245855
3.39919 0.0245262
3.40326 0.0245596
3.40723 0.0244958
3.41335 0.0265801
3.41655 0.0237366
3.42069 0.0206406
3.42082 0.0248025
3.42696 0.0269149
3.43062 0.0245194
3.43472 0.0245884
3.43924 0.0250727
3.44289 0.024691
3.44302 0.0248194
3.4468 0.0245689
3.45091 0.0246409
3.45103 0.0247693
3.45482 0.0245189
3.45921 0.0248788
3.46498 0.0266159
3.46934 0.0249205
3.47292 0.0244749
3.47716 0.0246753
3.48119 0.0246788
3.48529 0.0247449
3.48542 0.0248733
3.48907 0.0244915
3.4892 0.0246199
3.49331 0.024689
3.49343 0.0248174
3.49849 0.025845
3.50324 0.0265555
3.50731 0.0245762
3.51144 0.0246758
3.5165 0.0257013
3.51663 0.0258297
3.52073 0.0206864
3.52086 0.0248483
3.52131 0.0252962
3.52458 0.0245322
3.52906 0.0249835
3.53259 0.0244763
3.5367 0.0245483
3.54125 0.0250653
3.5448 0.0245891
3.54875 0.0244982
3.55486 0.0265825
3.55925 0.0249216
3.56284 0.0244795
3.56752 0.0251239
3.57099 0.0245534
3.57506 0.0245909
3.57977 0.0252673
3.58399 0.0254618
3.58746 0.024889
3.59351 0.0269091
3.59364 0.0270375
3.59719 0.0245407
3.60123 0.0245441
3.60523 0.0245119
3.60536 0.0246403
3.60923 0.0244826
3.6133 0.0245201
3.61856 0.0257402
3.62067 0.0206285
3.62279 0.0247593
3.62292 0.0248876
3.62689 0.0248278
3.63067 0.0245774
3.63468 0.0245492
3.63891 0.024749
3.64481 0.0266121
3.64885 0.0246017
3.65302 0.0247364
3.65315 0.0248648
3.6568 0.0244855
3.66091 0.024557
3.66495 0.0245633
3.66927 0.0248575
3.67299 0.0245444
3.67726 0.0247759
3.68402 0.0275007
3.68735 0.0247827
3.69126 0.0246577
3.6951 0.024466
3.69926 0.0245973
3.70323 0.0245335
3.7073 0.024567
3.71137 0.0246044
3.71657 0.0257663
3.7207 0.0206535
3.72083 0.0248154
3.72464 0.0245961
3.72868 0.0245955
3.73473 0.0266141
3.73928 0.0251128
3.74293 0.024731
3.74671 0.0244806
3.75101 0.0247432
3.75485 0.0245549
3.75922 0.0248837
3.76287 0.0245078
3.76755 0.0251561
3.77307 0.026633
3.77717 0.0246843
3.78108 0.0245593
3.7812 0.0246877
3.78543 0.0248822
3.78921 0.0246288
3.78934 0.0247572
3.79351 0.024889
3.79847 0.0258154
3.80116 0.0244751
3.80535 0.0246375
3.81164 0.0268852
3.81401 0.0232052
3.81868 0.023849
3.82067 0.0206217
3.82471 0.0266783
3.82862 0.0245366
3.83266 0.0245429
3.83663 0.0244865
3.84112 0.0249408
3.84471 0.0244992
3.84878 0.0245367
3.85295 0.0246714
3.85308 0.0247998
3.8568 0.0244866
3.8633 0.0269516
3.86753 0.0251312
3.87093 0.0244946
3.87497 0.0245009
3.87913 0.0246357
3.88394 0.0254065
3.88407 0.0255349
3.88708 0.0245141
3.88721 0.0246425
3.89121 0.0246143
3.89538 0.0247461
3.90127 0.0266022
3.90524 0.0245262
3.90537 0.0246546
3.90934 0.0245902
3.91328 0.0244993
3.91865 0.0258369
3.91878 0.0259653
3.92096 0.0209163
3.92327 0.0252382
3.92689 0.0248243
3.93067 0.0245739
3.93468 0.0245457
3.93872 0.0245549
3.93885 0.0246833
3.94269 0.0244956
3.94673 0.024498
3.95314 0.0268741
3.95679 0.024478
3.95692 0.0246064
3.96083 0.0244833
3.96487 0.0244891
3.9693 0.0248806
3.97302 0.0245675
3.97702 0.0245422
3.981 0.0244829
3.98567 0.0251253
3.99125 0.0266665
3.99522 0.0245904
3.99926 0.0245933
4.00319 0.0244944
4.00723 0.0244984
4.0114 0.0246331
4.01656 0.0257559
4.02069 0.0206471
4.02082 0.0248091
4.02454 0.0244959
4.02864 0.0245576
4.02877 0.0246859
4.03268 0.0245639
4.03669 0.0245386
4.0428 0.0266205
4.04293 0.0267489
4.04684 0.0246095
4.05107 0.0248054
4.05479 0.0244888
4.05892 0.0245914
4.06357 0.0252046
4.06729 0.0248909
4.07098 0.0245462
4.07496 0.0244927
4.08111 0.026612
4.08534 0.0247927
4.08547 0.0249211
4.08919 0.024605
4.09319 0.0245763
4.09332 0.0247047
4.09821 0.0255628
4.10116 0.0244793
4.10526 0.0245463
4.1093 0.0245516
4.11334 0.0245579
4.11853 0.0257153
4.12074 0.0206969
4.12286 0.0248277
4.12299 0.0249561
4.12735 0.0252819
4.12747 0.0254103
4.13273 0.0266309
4.13663 0.0244876
4.13676 0.024616
4.14118 0.0250041
4.14474 0.0245274
4.14881 0.0245609
4.15298 0.0246956
4.15689 0.0245731
4.16093 0.0245824
4.16491 0.024526
4.17103 0.0266137
4.17506 0.0245993
4.1791 0.0246056
4.17923 0.024734
4.18407 0.0255359
4.1874 0.0248347
4.19121 0.0246124
4.19528 0.0246469
4.19935 0.0246814
4.20326 0.0245594
4.20931 0.0265775
4.21335 0.024567
4.21656 0.0237403
4.22069 0.0206443
4.2228 0.0267919
4.2269 0.0248397
4.22735 0.0252876
4.23059 0.024492
4.23469 0.0245611
4.23912 0.0249521
4.2427 0.0245076
4.24681 0.0245761
4.25104 0.0247765
4.25482 0.0245261
4.26095 0.0266173
4.26498 0.0246029
4.26924 0.0248269
4.27306 0.0246071
4.27703 0.0245507
4.28107 0.0245536
4.28562 0.0250676
4.2894 0.0248142
4.29369 0.0250744
4.29923 0.026584
4.30327 0.0245656
4.30734 0.024603
4.31144 0.0246716
4.31663 0.0258255
4.3207 0.0206511
4.32083 0.024813
4.32127 0.0252609
4.32461 0.0245625
4.32877 0.0246943
4.33269 0.0245723
4.33663 0.0244808
4.34121 0.0250289
4.3448 0.0245874
4.35118 0.0269284
4.35486 0.0245639
4.35883 0.024503
4.36287 0.0245049
4.36761 0.0252154
4.37101 0.0245827
4.37505 0.0245891
4.38021 0.0257134
4.38412 0.0255884
4.38938 0.0268101
4.39354 0.0249251
4.39712 0.0244722
4.39853 0.0258786
4.40122 0.0245383
4.40522 0.0245061
4.40929 0.024543
4.41333 0.0245454
4.41878 0.0259606
4.42067 0.0206232
4.42278 0.024754
4.42682 0.0247604
4.42695 0.0248887
4.43061 0.0245099
4.43471 0.024575
4.44121 0.027045
4.4447 0.0244894
4.44483 0.0246178
4.44874 0.0244957
4.45304 0.0247588
4.45317 0.0248872
4.45688 0.0245701
4.46093 0.0245794
4.46497 0.0245852
4.46926 0.0248483
4.47298 0.0245352
4.47923 0.0267518
4.48404 0.0255058
4.48737 0.0248046
4.49115 0.0245512
4.49513 0.0244919
4.49922 0.0245575
4.50326 0.0245559
4.50729 0.0245583
4.51139 0.0246268
4.51652 0.0257225
4.52069 0.0206448
4.52082 0.0248067
4.5246 0.0245563
4.53075 0.0266687
4.53472 0.0245926
4.53915 0.0249836
4.53928 0.025112
4.54306 0.0248586
4.54684 0.0246082
4.55101 0.0247424
4.55488 0.0245853
4.55925 0.0249141
4.56354 0.0251772
4.56934 0.026942
4.57306 0.024612
4.57713 0.024649
4.58117 0.0246524
4.5854 0.0248469
4.5893 0.0247219
4.5935 0.0248848
4.59847 0.0258151
4.60116 0.0244748
4.60161 0.0249227
4.60734 0.0266258
4.61157 0.024806
4.61401 0.0232089
4.62067 0.0206259
4.62157 0.0267336
4.62458 0.0245345
4.62894 0.0248574
4.63269 0.0245719
4.63672 0.0245777
4.64128 0.0250947
4.6448 0.0245875
4.64874 0.0244965
4.65301 0.0247246
4.65313 0.024853
4.65926 0.0269407
4.66329 0.0249258
4.66755 0.0251493
4.67104 0.02461
4.67498 0.024519
4.68017 0.0256745
4.68319 0.0246537
4.68395 0.0254211
4.68722 0.0246571
4.68735 0.0247855
4.69136 0.0247573
4.69849 0.0278599
4.70163 0.0249507
4.70526 0.0245403
4.70923 0.0244759
4.71329 0.0245094
4.71877 0.0259562
4.72095 0.0209072
4.72307 0.025038
4.72691 0.0248498
4.72736 0.0252977
4.7307 0.0245994
4.73473 0.0246023
4.73893 0.024771
4.74278 0.0245833
4.74884 0.0266054
4.75313 0.0248517
4.75682 0.0245035
4.76086 0.0245088
4.76496 0.0245808
4.76929 0.024875
4.77301 0.0245619
4.77721 0.0247272
4.78106 0.0245395
4.78727 0.0267197
4.79118 0.0245779
4.79512 0.0244835
4.79915 0.0244864
4.80319 0.0244848
4.80728 0.0245494
4.81139 0.0246179
4.81658 0.0257758
4.82068 0.0206325
4.82145 0.0254334
4.82157 0.0255618
4.82459 0.024541
4.82904 0.0249573
4.83269 0.0245784
4.83929 0.0271412
4.84307 0.024871
4.84679 0.0245544
4.85108 0.024813
4.85486 0.0245626
4.85922 0.0248914
4.86358 0.0252167
4.86756 0.0251604
4.87096 0.0245277
4.87714 0.0266781
4.88118 0.0246648
4.88541 0.0248593
4.88932 0.0247343
4.89335 0.0247377
4.89348 0.0248661
4.8972 0.0245495
4.90124 0.0245529
4.90524 0.0245247
4.90931 0.0245616
4.91406 0.0252726
4.9187 0.0238686
4.92075 0.0207074
4.92287 0.0248382
4.9287 0.0266351
4.9327 0.0245896
4.93665 0.0244982
4.94116 0.0249835
4.94472 0.0245069
4.94882 0.0245755
4.95293 0.024644
4.95305 0.0247724
4.9569 0.0245876
4.96095 0.0245969
4.96764 0.0272575
4.97104 0.024604
4.97504 0.0245753
4.97921 0.02471
4.98328 0.0247446
4.98404 0.025512
4.98738 0.0248107
4.99109 0.0244946
4.99526 0.0246264
4.99949 0.0248204
5.00533 0.026627
5.0093 0.0245499
5.01331 0.0245211
5.01865 0.0258346
5.02077 0.0207228
5.02275 0.0247247
5.02692 0.0248555
5.0307 0.0246051
5.03468 0.0245457
5.03885 0.0246834
5.04269 0.0244957
5.04683 0.0245988
5.05106 0.0247947
5.05689 0.0265911
5.06096 0.0246102
5.0649 0.0245193
5.06936 0.0249414
5.07304 0.0245961
5.07705 0.0245698
5.08109 0.0245761
5.08535 0.0248047
5.08923 0.0246481
5.09522 0.0266034
5.09919 0.0245273
5.10319 0.0244896
5.10726 0.024526
5.11137 0.024598
5.11653 0.0257243
5.12076 0.0207088
5.12088 0.0248707
5.1246 0.0245546
5.12877 0.0246864
5.13271 0.0245955
5.13675 0.0246013
5.14123 0.0250521
5.14678 0.0265646
5.15117 0.0249037
5.15482 0.0245249
5.15883 0.0244991
5.15928 0.024947
5.1629 0.024536
5.16765 0.0252465
5.17101 0.0245788
5.17508 0.0246162
5.18024 0.0257406
5.18549 0.0269622
5.1894 0.0248205
5.19353 0.0249172
5.19842 0.0257734
5.20125 0.0245615
5.20528 0.0245599
5.20934 0.0245889
5.21328 0.0244979
5.21854 0.0257185
5.22075 0.0207002
5.22273 0.0247026
5.22286 0.024831
5.22735 0.0252852
5.23068 0.0245869
5.23673 0.026601
5.24122 0.0250384
5.24484 0.024628
5.24878 0.0245331
5.25298 0.0246989
5.25692 0.0246075
5.26093 0.0245817
5.26497 0.024588
5.26933 0.0249133
5.2751 0.026647
5.2793 0.0247961
5.2841 0.0255669
5.28839 0.0258241
5.29121 0.0246122
5.29538 0.024744
5.29922 0.0245563
5.30326 0.0245587
5.30723 0.0244949
5.31338 0.0266102
5.31658 0.0237668
5.32097 0.0209246
5.32155 0.0255344
5.32759 0.0275461
5.3307 0.0246053
5.33464 0.0245109
5.33891 0.0247419
5.33903 0.0248703
5.34294 0.0247453
5.34307 0.0248737
5.34685 0.0246233
5.35092 0.0246602
5.35105 0.0247886
5.35484 0.0245382
5.35923 0.0248981
5.36497 0.0266046
5.36932 0.0249092
5.37304 0.024596
5.37715 0.024668
5.38119 0.0246714
5.38545 0.0248971
5.3891 0.0245153
5.39346 0.0248412
5.39851 0.0258648
5.40329 0.0266024
5.40733 0.024592
5.41143 0.0246605
5.41656 0.0257567
5.42076 0.0207107
5.42089 0.0248726
5.4246 0.0245565
5.42877 0.0246883
5.43268 0.0245662
5.43675 0.0246032
5.44101 0.0248317
5.44483 0.0246124
5.44877 0.0245215
5.45489 0.0266057
5.45925 0.0249138
5.46286 0.0244988
5.46363 0.0252662
5.46754 0.0251437
5.46767 0.0252721
5.47097 0.0245421
5.47505 0.0245796
5.4794 0.0249054
5.48395 0.0254194
5.48735 0.0247838
5.49353 0.0269324
5.49366 0.0270608
5.49836 0.0257136
5.49849 0.0258419
5.50119 0.0245017
5.50532 0.0246013
5.50926 0.0245059
5.51336 0.0245744
5.5188 0.0259856
5.52066 0.0206172
5.5231 0.0250675
5.52685 0.024782
5.52697 0.0249103
5.53063 0.0245315
5.53473 0.0246006
5.53896 0.0248005
5.54483 0.0266285
5.54887 0.024618
5.55303 0.0247528
5.55316 0.0248812
5.55681 0.0244979
5.55694 0.0246262
5.56089 0.0245382
5.56499 0.0246102
5.56932 0.0249045
5.57304 0.0245913
5.57721 0.0247255
5.58406 0.0275476
5.5874 0.0248296
5.59118 0.0245762
5.59512 0.0244818
5.59524 0.0246102
5.59918 0.0245158
5.60328 0.0245844
5.60732 0.0245828
5.61132 0.0245541
5.61648 0.0256808
5.61661 0.0258092
5.62097 0.0209192
5.62154 0.025529
5.62462 0.0245739
5.62872 0.0246355
5.63474 0.026627
5.63926 0.0250946
5.64272 0.0245217
5.64679 0.0245591
5.65105 0.0247906
5.6549 0.0246024
5.65923 0.0248961
5.66356 0.0251903
5.66753 0.025134
5.67305 0.0266148
5.67715 0.0246661
5.68119 0.0246695
5.68573 0.0251835
5.68938 0.0248017
5.68951 0.0249301
5.69355 0.0249335
5.69851 0.0258639
5.70121 0.0245236
5.70531 0.0245921
5.71168 0.0269292
5.71431 0.0235065
5.71892 0.0240886
5.71905 0.024217
5.72097 0.020928
5.72463 0.0265995
5.72867 0.0245861
5.73261 0.0244952
5.73274 0.0246236
5.73675 0.0245983
5.7411 0.0249241
5.74476 0.0245448
5.74883 0.0245822
5.753 0.024717
5.75685 0.0245322
5.76361 0.0272624
5.76761 0.0252164
5.77095 0.0245175
5.77499 0.0245239
5.77916 0.0246586
5.78396 0.0254294
5.78409 0.0255578
5.7871 0.024537
5.79111 0.0245088
5.79527 0.0246406
5.80119 0.0265279
5.80164 0.0269758
5.80533 0.0246113
5.80933 0.024582
5.81328 0.0244911
5.81866 0.0258396
5.82097 0.020919
5.82295 0.0249214
5.82692 0.0248576
5.8307 0.0246071
5.83471 0.0245789
5.83913 0.0249699
5.84278 0.0245877
5.84676 0.0245278
5.8531 0.0268378
5.85688 0.0245661
5.86086 0.0245092
5.86489 0.0245115
5.86932 0.024903
5.87304 0.0245899
5.87711 0.0246268
5.88108 0.0245675
5.88576 0.0252099
5.89121 0.0266227
5.89537 0.0247377
5.89922 0.02455
5.90318 0.0244822
5.90331 0.0246106
5.90725 0.0245117
5.91141 0.0246464
5.91657 0.0257737
5.92068 0.0206338
5.92145 0.0254348
5.92158 0.0255632
5.92459 0.0245424
5.92859 0.0245107
5.92872 0.0246391
5.93263 0.0245171
5.9367 0.024554
5.94285 0.0266704
5.94676 0.0245316
5.95109 0.0248253
5.95487 0.0245749
5.95924 0.0249037
5.96359 0.025229
5.9675 0.0251064
5.97094 0.0245049
5.97511 0.0246396
5.98113 0.0266276
5.98126 0.026756
5.98548 0.0249338
5.98926 0.0246804
5.98939 0.0248088
5.99355 0.0249366
5.99842 0.0257657
6.00124 0.0245538
6.00528 0.024558
6.00925 0.0244976
6.01329 0.024504
6.01858 0.0257592
6.02076 0.0207097
6.02294 0.0249061
6.02742 0.0253604
6.03271 0.0266121
6.03674 0.0245972
6.04123 0.0250514
6.04476 0.0245437
6.04886 0.0246152
6.05303 0.0247459
6.05681 0.024495
6.06095 0.024601
6.06499 0.0246074
6.07104 0.0266284
6.07505 0.0245853
6.07941 0.0249066
6.08315 0.0246206
6.08709 0.0245262
6.09119 0.0245953
6.09523 0.0245971
6.09927 0.0246
6.10321 0.024508
6.10936 0.0266219
6.1134 0.0246114
6.11654 0.023722
6.12067 0.0206265
6.12298 0.0269652
6.12736 0.0252974
6.1306 0.0245018
6.13073 0.0246302
6.13463 0.0245047
6.13476 0.0246331
6.13916 0.024993
6.14307 0.024868
6.14684 0.0246136
6.15104 0.0247789
6.15483 0.0245285
6.16095 0.0266157
6.16498 0.0246013
6.16893 0.0245098
6.16937 0.0249577
6.17306 0.0246095
6.1771 0.0246153
6.1811 0.0245871
6.18565 0.0251011
6.18943 0.0248477
6.19372 0.0251079
6.19924 0.0265864
6.2033 0.0245991
6.20724 0.0245042
6.21153 0.0247673
6.21653 0.0257306
6.22073 0.0206846
6.22086 0.0248465
6.22131 0.0252944
6.22464 0.024596
6.22909 0.0250123
6.23262 0.0245051
6.23676 0.0246082
6.24124 0.025059
6.24486 0.0246485
6.25121 0.0269584
6.25489 0.024594
6.25887 0.0245371
6.26364 0.0252752
6.26758 0.0251837
6.27105 0.0246133
6.27499 0.0245223
6.27948 0.0249766
6.28024 0.025744
6.28402 0.0254906
6.28941 0.0268407
6.29344 0.0248273
6.29357 0.0249557
6.2984 0.0257497
6.29853 0.025878
6.30122 0.0245378
6.30522 0.0245051
6.30935 0.0246042
6.31336 0.0245755
6.31852 0.0256983
6.31864 0.0258267
6.32098 0.0209372
6.3231 0.025068
6.32688 0.0248175
6.32701 0.0249459
6.33066 0.0245671
6.33473 0.0246011
6.3413 0.0271332
6.34476 0.0245465
6.3488 0.0245529
6.35297 0.0246876
6.3531 0.024816
6.35685 0.0245339
6.36095 0.0246054
6.36499 0.0246118
6.36935 0.0249371
6.37294 0.0244956
6.38018 0.0277018
6.38409 0.0255601
6.38742 0.0248588
6.39121 0.0246054
6.39524 0.0246088
6.39537 0.0247372
6.39925 0.0245806
6.40328 0.024583
6.40732 0.0245854
6.41142 0.0246539
6.41655 0.0257501
6.42068 0.0206379
6.42158 0.0255672
6.42466 0.0246121
6.43068 0.0265961
6.43465 0.0245161
6.43477 0.0246444
6.43913 0.0249693
6.43926 0.0250977
6.44272 0.0245248
6.44285 0.0246532
6.44676 0.0245311
6.45099 0.0247275
6.4549 0.0246015
6.45926 0.0249303
6.46356 0.0251934
6.46933 0.0269271
6.47305 0.0245972
6.47712 0.0246341
6.48128 0.0247659
6.48538 0.024832
6.48551 0.0249604
6.48929 0.024707
6.49346 0.0248388
6.49851 0.0258625
6.50121 0.0245222
6.50165 0.0249701
6.50732 0.0266064
6.51162 0.0248528
6.51406 0.0232557
6.52098 0.02093
6.52155 0.0267182
6.52463 0.0245848
6.52867 0.0245882
6.53271 0.0245945
6.53669 0.0245381
6.54124 0.0250551
6.54476 0.0245474
6.5488 0.0245537
6.55303 0.0247507
6.55316 0.024879
6.55925 0.0269357
6.56361 0.0252402
6.56757 0.0251759
6.57107 0.0246366
6.57507 0.0246078
6.5802 0.0257011
6.58321 0.0246803
6.58398 0.0254477
6.58725 0.0246837
6.59132 0.0247182
6.59145 0.0248466
6.59852 0.027883
6.60121 0.024526
6.60521 0.0244938
6.60534 0.0246222
6.60925 0.0244956
6.60937 0.024624
6.61331 0.0245291
6.61863 0.0258119
6.62068 0.020634
6.62311 0.0250843
6.62693 0.024865
6.62738 0.0253129
6.63071 0.0246146
6.63475 0.0246175
6.63885 0.0246889
6.6427 0.0245012
6.64888 0.0266477
6.65318 0.0248941
6.65683 0.0245107
6.65695 0.0246391
6.66086 0.0245161
6.66099 0.0246444
6.6649 0.0245224
6.66503 0.0246508
6.66936 0.024945
6.67305 0.0245968
6.67724 0.0247621
6.68109 0.0245744
6.6873 0.0267546
6.69121 0.0246128
6.69531 0.0246784
6.69929 0.0246191
6.70322 0.0245202
6.70732 0.0245848
6.71129 0.024525
6.71655 0.0257495
6.72072 0.0206724
6.72085 0.0248343
6.72129 0.0252822
6.72463 0.0245839
6.72908 0.0249961
6.73273 0.0246173
6.73926 0.0271178
6.74273 0.0245282
6.74676 0.0245306
6.75112 0.0248554
6.7549 0.0246049
6.75927 0.0249337
6.76362 0.0252591
6.76753 0.0251365
6.77097 0.0245349
6.77712 0.0266503
6.78128 0.0247653
6.78538 0.0248315
6.78551 0.0249598
6.78942 0.0248349
6.79345 0.0248383
6.79851 0.0258619
6.80121 0.0245216
6.80521 0.0244929
6.80934 0.024592
6.81409 0.025303
6.81892 0.0240901
6.82098 0.0209295
6.82309 0.0250603
6.82867 0.0266044
6.83271 0.0245939
6.83672 0.0245687
6.84127 0.0250856
6.84476 0.0245468
6.84886 0.0246154
6.85293 0.0246528
6.85306 0.0247812
6.85684 0.0245302
6.86095 0.0246017
6.86764 0.0272623
6.87104 0.0246089
6.87498 0.0245139
6.87511 0.0246423
6.88017 0.0256694
6.88395 0.025416
6.88408 0.0255444
6.88741 0.0248432
6.89119 0.0245898
6.89523 0.0245932
6.89926 0.0245966
6.89939 0.024725
6.90523 0.0265259
6.90535 0.0266543
6.90933 0.0245811
6.91404 0.0252576
6.91852 0.0257068
6.91865 0.0258352
6.92077 0.0207235
6.92276 0.0247259
6.92692 0.0248567
6.93061 0.0245089
6.93073 0.0246373
6.93474 0.0246091
6.93888 0.0247117
6.94272 0.024524
6.94676 0.0245303
6.95105 0.024789
6.95691 0.0266165
6.96095 0.024605
6.9649 0.0245141
6.96502 0.0246424
6.96894 0.0245199
6.97304 0.0245884
6.97701 0.024532
6.97714 0.0246604
6.98112 0.0246011
6.98566 0.0251152
6.98944 0.0248618
6.99524 0.0266281
6.99922 0.024552
7.00331 0.0246126
7.00736 0.0246214
7.0114 0.0246278
7.01652 0.0257195
7.02078 0.0207351
7.02091 0.024897
7.02466 0.024615
7.02908 0.0249961
7.03273 0.0246173
7.03674 0.024592
7.04125 0.0250739
7.04677 0.0265548
7.0469 0.0266832
7.05119 0.0249285
7.05485 0.0245496
7.05886 0.0245239
7.05898 0.0246522
7.06357 0.0252032
7.06767 0.0252753
7.07094 0.0245102
7.07508 0.0246163
7.07963 0.0251322
7.08549 0.0269602
7.08921 0.0246273
7.09328 0.0246608
7.09341 0.0247892
7.09843 0.0257762
7.09855 0.0259046
7.10122 0.0245327
7.10535 0.0246308
7.10935 0.024601
7.11339 0.0246073
7.11858 0.0257607
7.12098 0.0209335
7.12309 0.0250643
7.12745 0.0253901
7.13066 0.0245634
7.13674 0.0266126
7.14116 0.0249844
7.14129 0.0251128
7.14482 0.0246056
7.14876 0.0245146
7.14889 0.024643
7.15309 0.0248088
7.15693 0.0246201
7.16097 0.0246254
7.16501 0.0246278
7.16892 0.0245052
7.1751 0.0266557
7.17927 0.0247736
7.18408 0.0255444
7.18741 0.0248432
7.19119 0.0245898
7.19535 0.0247216
7.19926 0.0245966
7.20333 0.0246301
7.20734 0.0246014
7.21339 0.0266194
7.21659 0.0237759
7.22069 0.0206454
7.22159 0.0255747
7.22696 0.0269163
7.23062 0.0245207
7.23465 0.0245236
7.23921 0.025043
7.23934 0.0251714
7.24299 0.0247896
7.2468 0.0245703
7.25094 0.0246734
7.25107 0.0248018
7.25485 0.0245513
7.25886 0.0245255
7.26501 0.0266409
7.26936 0.0249455
7.27295 0.0245039
7.27308 0.0246323
7.27712 0.0246382
7.28116 0.0246416
7.28129 0.02477
7.28539 0.0248361
7.28551 0.0249645
7.28917 0.0245827
7.29372 0.0250997
7.29845 0.0258043
7.30332 0.0266392
7.30736 0.0246254
7.31153 0.0247601
7.31649 0.0256923
7.31662 0.0258207
7.32069 0.0206462
7.32159 0.0255756
7.32457 0.0245232
7.3288 0.0247172
7.33271 0.0245951
7.33675 0.024601
7.34113 0.0249545
7.34126 0.0250828
7.34476 0.024544
7.34489 0.0246724
7.3488 0.0245504
7.35492 0.0266346
7.35927 0.0249387
7.36289 0.0245277
7.36757 0.0251686
7.371 0.024567
7.37507 0.0246005
7.38022 0.0257249
7.384 0.0254715
7.38743 0.024867
7.39358 0.0269844
7.39841 0.0257616
7.39854 0.02589
7.40155 0.0248692
7.40533 0.0246143
7.40927 0.0245189
7.4134 0.0246185
7.41853 0.0257102
7.41866 0.0258386
7.421 0.0209491
7.42311 0.0250799
7.42702 0.0249539
7.43067 0.0245751
7.43465 0.0245158
7.43888 0.0247157
7.44487 0.026672
7.44878 0.0245332
7.45298 0.0246991
7.45311 0.0248275
7.45682 0.0245103
7.45695 0.0246387
7.461 0.024648
7.465 0.0246193
7.46936 0.0249446
7.47308 0.0246275
7.47721 0.0247306
7.48407 0.0275527
7.4874 0.0248346
7.49118 0.0245813
7.49534 0.0247091
7.49919 0.0245214
7.50332 0.0246211
7.50735 0.0246194
7.51142 0.0246569
7.51655 0.0257486
7.521 0.0209559
7.52145 0.0254373
7.52158 0.0255657
7.52466 0.0246106
7.52875 0.0246722
7.53465 0.0265353
7.53478 0.0266637
7.53926 0.0250961
7.54272 0.0245233
7.54285 0.0246517
7.54682 0.0245918
7.55109 0.0248233
7.55493 0.0246351
7.55884 0.024512
7.56288 0.0245139
7.56756 0.0251587
7.57307 0.0266356
7.57711 0.0246246
7.58114 0.024628
7.58537 0.0248226
7.5855 0.024951
7.58928 0.0246976
7.59348 0.0248605
7.59853 0.0258841
7.60123 0.0245438
7.60523 0.0245151
7.61158 0.026825
7.61433 0.0235307
7.61866 0.0238244
7.61879 0.0239528
7.62097 0.0209206
7.62462 0.0265921
7.62866 0.0245787
7.63263 0.0245189
7.63667 0.0245247
7.64112 0.0249444
7.64478 0.024565
7.64875 0.0245052
7.65305 0.0247683
7.6569 0.0245836
7.66363 0.0272787
7.66766 0.0252637
7.67096 0.0245298
7.6751 0.0246295
7.67913 0.0246358
7.6841 0.0255661
7.68711 0.0245453
7.69141 0.0248055
7.69531 0.0246806
7.70155 0.0268873
7.70534 0.0246201
7.70937 0.024622
7.71405 0.0252673
7.71857 0.0257477
7.72068 0.020636
7.72299 0.0249579
7.72693 0.024863
7.72737 0.0253109
7.73071 0.0246125
7.73475 0.0246154
7.73875 0.0245896
7.73888 0.024718
7.74273 0.0245303
7.74679 0.0245638
7.75314 0.0268737
7.75682 0.0245047
7.75695 0.0246331
7.76086 0.024514
7.76099 0.0246424
7.7649 0.0245204
7.76503 0.0246488
7.76933 0.0249119
7.77308 0.0246298
7.77699 0.0245073
7.77712 0.0246357
7.78112 0.0246074
7.7858 0.0252499
7.79125 0.0266626
7.79531 0.0246804
7.79544 0.0248088
7.79929 0.024621
7.80332 0.0246194
7.80725 0.0245206
7.81142 0.0246553
7.81649 0.0256853
7.81661 0.0258137
7.82072 0.0206703
7.82085 0.0248323
7.82129 0.0252802
7.82466 0.0246129
7.82863 0.0245462
7.82875 0.0246746
7.83267 0.0245525
7.83677 0.0246206
7.84273 0.0265464
7.84286 0.0266748
7.84677 0.024536
7.85109 0.0248297
7.85488 0.0245792
7.85927 0.0249391
7.86363 0.0252645
7.86722 0.0248224
7.87094 0.0245052
7.87514 0.0246711
7.88122 0.0267253
7.88135 0.0268537
7.88545 0.024903
7.88558 0.0250314
7.88936 0.0247781
7.89343 0.0248126
7.89845 0.0257971
7.90159 0.0249047
7.90534 0.0246187
7.90938 0.0246245
7.91405 0.0252699
7.91857 0.0257542
7.92097 0.0209269
7.92322 0.0251861
7.92748 0.0254147
7.9327 0.0245874
7.93674 0.0245893
7.94116 0.0249779
7.94481 0.024599
7.94882 0.0245703
7.95302 0.0247361
7.95683 0.0245163
7.96087 0.0245256
7.96494 0.024563
7.97106 0.0266468
7.9751 0.0246324
7.97914 0.0246387
7.97927 0.0247671
7.98407 0.0255379
7.9874 0.0248366
7.99121 0.0246144
7.99518 0.0245516
7.99531 0.02468
7.99928 0.0246172
8.00322 0.0245223
8.00938 0.0266477
8.01342 0.0246373
8.0165 0.0236822
8.0207 0.0206489
8.02281 0.0267964
8.02693 0.0248714
8.02738 0.0253193
8.03062 0.0245237
8.03075 0.0246521
8.03466 0.0245266
8.03479 0.0246549
8.03889 0.0247225
8.04273 0.0245348
8.04687 0.0246379
8.05113 0.0248649
8.05482 0.0245172
8.06097 0.0266349
8.065 0.0246205
8.06936 0.0249459
8.07305 0.0246006
8.07706 0.0245743
8.08106 0.0245455
8.08119 0.0246739
8.08535 0.0248052
8.08917 0.0245824
8.09356 0.0249388
8.09926 0.0266068
8.10322 0.0245212
8.10335 0.0246496
8.10726 0.0245226
8.11149 0.024723
8.11662 0.0258141
8.12072 0.0206708
8.12161 0.0256001
8.12463 0.0245794
8.12911 0.0250307
8.13264 0.0245234
8.13677 0.0246266
8.14126 0.0250773
8.14478 0.0245701
8.14491 0.0246985
8.15122 0.0249526
8.15493 0.024636
8.1593 0.0249648
8.16362 0.025259
8.1676 0.0252027
8.17097 0.0245349
8.1711 0.0246633
8.17501 0.0245412
8.18026 0.0257629
8.18039 0.0258913
8.18404 0.0255095
8.1893 0.0267312
8.19346 0.0248462
8.19359 0.0249746
8.19845 0.0257997
8.19858 0.0259281
8.20159 0.0249073
8.20524 0.024524
8.20937 0.0246231
8.21332 0.0245322
8.21408 0.0252996
8.21854 0.0257217
8.21867 0.0258501
8.22101 0.0209606
8.22299 0.024963
8.22312 0.0250914
8.22738 0.0253199
8.23072 0.0246216
8.23683 0.0267019
8.24125 0.0250737
8.24475 0.0245349
8.24488 0.0246632
8.24888 0.0246345
8.25302 0.0247342
8.2569 0.0245805
8.26087 0.0245196
8.261 0.024648
8.2649 0.024522
8.26894 0.0245278
8.27298 0.0245302
8.2793 0.026813
8.2841 0.025567
8.28743 0.0248658
8.29121 0.0246124
8.29538 0.0247442
8.29929 0.0246187
8.30322 0.0245238
8.30335 0.0246522
8.30736 0.0246235
8.31149 0.0247231
8.31659 0.0257877
8.32101 0.0209599
8.32158 0.0255697
8.32699 0.0269424
8.33064 0.0245468
8.33077 0.0246752
8.33468 0.0245497
8.33481 0.024678
8.33933 0.0251663
8.34298 0.0247846
8.34676 0.0245341
8.34689 0.0246625
8.35103 0.0247656
8.35481 0.0245152
8.35889 0.0245556
8.36357 0.0252004
8.36936 0.0249444
8.37307 0.0246193
8.37711 0.0246252
8.38127 0.024757
8.3855 0.0249515
8.38928 0.0246981
8.39357 0.0249583
8.39758 0.0249301
8.40162 0.0249335
8.40738 0.0266637
8.41155 0.0247817
8.41664 0.0258423
8.42071 0.0206678
8.42161 0.0255971
8.42469 0.024642
8.42873 0.0246454
8.43267 0.0245545
8.43668 0.0245292
8.4368 0.0246576
8.44113 0.0249489
8.44126 0.0250773
8.44478 0.0245701
8.44888 0.0246347
8.45493 0.0266527
8.45928 0.0249528
8.46364 0.0252742
8.46758 0.0251827
8.47098 0.0245501
8.47505 0.0245835
8.47954 0.0250378
8.48319 0.024656
8.48396 0.0254234
8.48729 0.0247222
8.48742 0.0248505
8.49133 0.0247256
8.49855 0.0279214
8.50157 0.0248839
8.50531 0.0245979
8.50928 0.0245335
8.51332 0.0245399
8.51855 0.0257294
8.51868 0.0258578
8.5207 0.0206488
8.52313 0.0250991
8.52694 0.0248758
8.52739 0.0253237
8.53072 0.0246254
8.53476 0.0246282
8.53921 0.0250503
8.54488 0.0266877
8.5488 0.0245489
8.54892 0.0246773
8.55322 0.0249404
8.55694 0.0246233
8.56098 0.0246326
8.56502 0.0246389
8.56893 0.0245164
8.56938 0.0249643
8.57297 0.0245227
8.57724 0.0247542
8.58108 0.0245665
8.5873 0.0247299
8.5912 0.0246049
8.59533 0.0247017
8.59931 0.0246423
8.60334 0.0246447
8.60738 0.0246431
8.61145 0.0246806
8.61657 0.0257723
8.62071 0.02066
8.62147 0.0254609
8.6216 0.0255893
8.62468 0.0246342
8.62878 0.0246959
8.6347 0.02659
8.63483 0.0267184
8.63928 0.0251198
8.64274 0.0245469
8.64287 0.0246753
8.64682 0.0245844
8.65111 0.024847
8.65489 0.0245965
8.65887 0.0245357
8.65931 0.0249836
8.66364 0.0252778
8.66758 0.0251863
8.67306 0.0266281
8.6771 0.0246172
8.68126 0.024749
8.68536 0.0248151
8.68549 0.0249435
8.68927 0.0246901
8.6935 0.0248841
8.69856 0.0259078
8.70157 0.024887
8.70529 0.0245698
8.70939 0.0246379
8.71432 0.02554
8.71865 0.023817
8.72099 0.0209442
8.72465 0.0266157
8.72868 0.0246024
8.73272 0.0246087
8.73673 0.0245834
8.74118 0.0250031
8.74131 0.0251315
8.74484 0.0246243
8.74878 0.0245294
8.75307 0.0247925
8.75692 0.0246077
8.76365 0.0272989
8.76765 0.0252528
8.77105 0.0246162
8.77509 0.0246225
8.77945 0.0249484
8.78412 0.0255908
8.78726 0.0246984
8.79117 0.0245695
8.7913 0.0246979
8.79521 0.0245729
8.79937 0.0247047
8.80537 0.0246483
8.80937 0.024619
8.81341 0.0246254
8.81866 0.0258455
8.82078 0.0207338
8.82309 0.0250557
8.82693 0.0248674
8.83071 0.024617
8.83465 0.0245226
8.83908 0.0249136
8.83921 0.025042
8.84311 0.024917
8.84677 0.0245382
8.85321 0.0269494
8.85696 0.0246426
8.86096 0.0246168
8.865 0.0246232
8.86936 0.0249485
8.87299 0.024538
8.87312 0.0246664
8.87709 0.0246101
8.88113 0.0246135
8.88126 0.0247419
8.88581 0.0252559
8.89125 0.0266687
8.89532 0.0246864
8.89929 0.0246271
8.90333 0.0246255
8.90726 0.0245266
8.91133 0.024564
8.91662 0.0258197
8.92072 0.0206764
8.92085 0.0248383
8.9213 0.0252862
8.92467 0.024619
8.92863 0.0245522
8.92876 0.0246806
8.9327 0.0245897
8.93677 0.0246266
8.94292 0.0267435
8.94687 0.0246358
8.9511 0.0248322
8.95122 0.0249606
8.95488 0.0245818
8.9593 0.0249728
8.96366 0.0252981
8.96725 0.0248521
8.97097 0.0245349
8.97514 0.0246697
8.97526 0.0247981
8.98122 0.0267239
8.98545 0.0249016
8.98558 0.02503
8.98936 0.0247767
8.99346 0.0248423
8.99803 0.0253789
8.99848 0.0258268
9.00162 0.0249345
9.00537 0.0246546
9.00928 0.024528
9.00941 0.0246564
9.01332 0.0245344
9.01854 0.0257234
9.021 0.0209583
9.02293 0.024898
9.02754 0.0254806
9.03274 0.026639
9.0368 0.0246552
9.04129 0.025106
9.04478 0.0245671
9.04879 0.0245419
9.04892 0.0246703
9.05305 0.0247699
9.05686 0.0245501
9.06091 0.0245588
9.06491 0.0245301
9.07106 0.026641
9.07509 0.024625
9.07948 0.0249814
9.07961 0.0251098
9.08313 0.0246021
9.08717 0.024605
9.09115 0.0245457
9.09127 0.0246741
9.09528 0.0246488
9.09926 0.0245895
9.10329 0.0245908
9.10726 0.0245299
9.11332 0.0245347
9.11409 0.0253021
9.11653 0.023708
9.12101 0.0209631
9.123 0.0269823
9.12693 0.0248666
9.12738 0.0253145
9.13071 0.0246162
9.13469 0.0245569
9.13895 0.0247879
9.14299 0.0247913
9.14677 0.0245408
9.15107 0.0248034
9.15485 0.024553
9.16097 0.0266402
9.16501 0.0246258
9.16901 0.0245965
9.17311 0.0246651
9.17709 0.0246087
9.18126 0.0247405
9.1858 0.0252545
9.18946 0.0248728
9.19375 0.025133
9.19932 0.0266736
9.20323 0.0245268
9.20336 0.0246552
9.20726 0.0245297
9.20739 0.0246581
9.21149 0.0247267
9.21658 0.0257833
9.21671 0.0259117
9.22101 0.0209629
9.22159 0.0255727
9.22466 0.0246176
9.22911 0.0250339
9.23264 0.0245266
9.23277 0.024655
9.23678 0.0246298
9.24129 0.0251116
9.24476 0.0245417
9.24488 0.0246701
9.25119 0.026941
9.25491 0.0246076
9.2593 0.0249675
9.26363 0.0252617
9.26728 0.0248858
9.271 0.0245727
9.27504 0.024575
9.28023 0.0257305
9.28036 0.0258589
9.28414 0.0256055
9.28939 0.0268272
9.29356 0.0249422
9.29848 0.0258334
9.30162 0.0249411
9.30527 0.0245577
9.30941 0.0246569
9.31332 0.0245348
9.31409 0.0253022
9.31857 0.0257554
9.3187 0.0258838
9.32072 0.0206748
9.32315 0.0251251
9.32697 0.0249058
9.32742 0.0253537
9.33065 0.0245581
9.33478 0.0246543
9.34132 0.0271588
9.34485 0.0246348
9.34889 0.0246412
9.35302 0.0247408
9.35315 0.0248692
9.3569 0.0245872
9.36091 0.0245614
9.36104 0.0246897
9.36491 0.0245326
9.36895 0.0245385
9.37299 0.0245408
9.37994 0.0274626
9.38404 0.025512
9.38722 0.0246507
9.39125 0.0246541
9.39529 0.0246575
9.3993 0.0246293
9.40324 0.0245384
9.40337 0.0246668
9.40737 0.0246381
9.41147 0.0247066
9.4166 0.0258023
9.42102 0.0209745
9.4216 0.0255843
9.42468 0.0246292
9.43079 0.0267105
9.43473 0.0245993
9.43486 0.0247277
9.43935 0.0251849
9.443 0.0248031
9.44313 0.0249315
9.44691 0.0246811
9.45105 0.0247842
9.45483 0.0245338
9.45887 0.0245391
9.46291 0.0245449
9.46902 0.0266252
9.47306 0.0246108
9.4771 0.0246166
9.48126 0.0247484
9.48139 0.0248768
9.48536 0.0248146
9.48549 0.0249429
9.48927 0.0246896
9.49344 0.0248214
9.49357 0.0249498
9.49853 0.0258801
9.50167 0.0249877
9.50727 0.0265579
9.5074 0.0266863
9.51163 0.0248664
9.51407 0.0232694
9.5142 0.0233978
9.52073 0.0206824
9.52162 0.0267901
9.52457 0.0245282
9.5247 0.0246566
9.52874 0.02466
9.53271 0.0246002
9.53669 0.0245438
9.53682 0.0246722
9.5413 0.025123
9.54477 0.0245531
9.5488 0.0245554
9.55306 0.0247835
9.55319 0.0249119
9.55893 0.0266139
9.56363 0.0252651
9.56764 0.0252398
9.57097 0.024541
9.5711 0.0246694
9.57508 0.0246095
9.57956 0.0250638
9.58398 0.0254494
9.58731 0.0247482
9.59148 0.02488
9.59858 0.0279475
9.60159 0.0249099
9.60534 0.0246239
9.60928 0.0245284
9.60941 0.0246568
9.61332 0.0245348
9.6187 0.0258838
9.62072 0.0206748
9.62315 0.0251251
9.62739 0.0253226
9.63072 0.0246242
9.63466 0.0245298
9.63892 0.0247608
9.64277 0.0245731
9.64885 0.0266223
9.65318 0.0248998
9.65693 0.0246177
9.66098 0.024627
9.66505 0.0246644
9.6694 0.0249898
9.673 0.0245482
9.67713 0.0246513
9.67726 0.0247797
9.68111 0.024592
9.68732 0.0267722
9.69123 0.0246304
9.69533 0.024696
9.6993 0.0246367
9.70324 0.0245378
9.70727 0.0245362
9.7074 0.0246646
9.71134 0.0245737
9.71147 0.0247021
9.7166 0.0257983
9.72073 0.020686
9.72131 0.0252958
9.72464 0.0245975
9.72877 0.0246902
9.73271 0.0245993
9.73934 0.0271932
9.74312 0.024923
9.74681 0.0245753
9.75107 0.0248068
9.75485 0.0245564
9.75498 0.0246847
9.75889 0.0245617
9.75934 0.0250096
9.7629 0.0245324
9.76726 0.0248577
9.77101 0.0245757
9.77709 0.0266288
9.78126 0.0247439
9.78139 0.0248723
9.78549 0.0249384
9.7894 0.0248134
9.79343 0.0248168
9.79859 0.0259377
9.8016 0.024917
9.80525 0.0245376
9.80935 0.0246017
9.81432 0.0255349
9.81871 0.0238741
9.82098 0.0209352
9.8231 0.025066
9.82322 0.0251944
9.82874 0.0266723
9.83274 0.0246268
9.83675 0.0246015
9.8413 0.0251185
9.84476 0.0245485
9.8488 0.0245509
9.84893 0.0246793
9.8531 0.024814
9.85685 0.024532
9.86089 0.0245412
9.86765 0.027264
9.87104 0.0246106
9.87508 0.0246169
9.87925 0.0247517
9.87938 0.02488
9.88393 0.0253941
9.88406 0.0255225
9.8872 0.0246301
9.8913 0.0246957
9.89533 0.0246991
9.89943 0.0247647
9.90526 0.0265616
9.90539 0.02669
9.90936 0.0246129
9.9134 0.0246192
9.91869 0.0258704
9.92071 0.0206614
9.92288 0.024855
9.92301 0.0249834
9.92692 0.0248613
9.92737 0.0253092
9.93071 0.0246109
9.93468 0.0245476
9.93894 0.0247786
9.94279 0.0245909
9.94682 0.0245932
9.95105 0.0247896
9.95694 0.0266443
9.96095 0.0246017
9.96499 0.024608
9.96897 0.0245517
9.97301 0.024558
9.97314 0.0246864
9.97711 0.02463
9.98115 0.0246329
9.98582 0.0252753
9.98948 0.0248936
9.9896 0.025022
9.9953 0.0266875
9.99928 0.0246114

