% time_sec delay_sec
1.17806 0.0774073
1.17806 0.0774073
1.27806 0.0774025
1.37805 0.0773893
1.47552 0.379548
1.47804 0.0773869
1.57806 0.0774052
1.67805 0.0773919
1.77823 0.0775727
1.77836 0.379708
1.87806 0.0774034
1.97688 0.276227
1.97875 0.0787402
1.98087 0.0828818
1.98482 0.0827951
2.07675 0.170689
2.0788 0.078791
2.08077 0.0827844
2.08484 0.0828179
2.08888 0.0828208
2.09336 0.0832706
2.09701 0.0828822
2.10101 0.082854
2.10508 0.0828859
2.10901 0.08279
2.11507 0.0827953
2.11921 0.0828979
2.12318 0.0828385
2.12798 0.0836083
2.13157 0.0831633
2.13536 0.0829123
2.13948 0.0830075
2.14339 0.0828825
2.14734 0.0827916
2.15348 0.084907
2.15746 0.0828298
2.16169 0.0830302
2.16554 0.0828449
2.16961 0.0828824
2.1748 0.0840363
2.17919 0.0791813
2.17932 0.0833433
2.18399 0.0839857
2.18732 0.0832839
2.19136 0.0832833
2.19527 0.0831584
2.20096 0.08482
2.20503 0.0828367
2.20903 0.0828074
2.21307 0.0828138
2.21717 0.0828818
2.2214 0.0830787
2.22548 0.0831162
2.22919 0.0828001
2.23364 0.0832158
2.23729 0.0828314
2.24335 0.084854
2.24738 0.0828396
2.25142 0.0828454
2.25546 0.0828518
2.2595 0.0828576
2.26351 0.0828323
2.26787 0.0831611
2.27194 0.0831946
2.2771 0.0843248
2.27877 0.0787623
2.28095 0.0829587
2.28575 0.0837296
2.29107 0.0850139
2.29492 0.0828095
2.29908 0.0829413
2.30299 0.0828192
2.30699 0.0827865
2.31145 0.0832091
2.31517 0.082896
2.31911 0.0828005
2.32321 0.0828696
2.32753 0.0831524
2.33355 0.0831276
2.33734 0.0828796
2.34192 0.0834277
2.34583 0.0833057
2.34939 0.0828325
2.35343 0.0828388
2.35744 0.0828135
2.36167 0.08301
2.36552 0.0828207
2.37192 0.0851894
2.37503 0.0822481
2.37881 0.0788025
2.38089 0.0849185
2.3848 0.0827767
2.38909 0.083034
2.39332 0.0832314
2.39698 0.0828526
2.40114 0.0829844
2.40514 0.0829517
2.40912 0.0828914
2.41315 0.0828937
2.41921 0.0849153
2.42343 0.0830925
2.42799 0.0836095
2.43157 0.0831645
2.43529 0.0828513
2.4402 0.0837218
2.44331 0.0827978
2.44738 0.0828352
2.45148 0.0828993
2.45539 0.0827773
2.4617 0.0850556
2.46554 0.0828456
2.46958 0.0828519
2.47478 0.0840138
2.47917 0.0791588
2.47929 0.0833207
2.4832 0.0831958
2.48724 0.0831992
2.49128 0.0832026
2.49531 0.083206
2.49544 0.0833344
2.4996 0.0834582
2.503 0.0828226
2.50901 0.0848056
2.51305 0.0827912
2.51712 0.0828282
2.52135 0.0830251
2.52539 0.0830315
2.52924 0.0828437
2.53365 0.0832283
2.53728 0.0828169
2.54189 0.0833966
2.5458 0.0832745
2.55141 0.0828354
2.55545 0.0828417
2.55949 0.0828475
2.56379 0.0831107
2.56777 0.0830543
2.57196 0.0832201
2.57703 0.0842531
2.57716 0.0843814
2.57883 0.0788189
2.58101 0.0830154
2.58568 0.0836578
2.58581 0.0837862
2.58946 0.0834044
2.59344 0.0833451
2.59904 0.0849168
2.60307 0.0828985
2.60702 0.0828075
2.61125 0.0830045
2.61509 0.0828197
2.6192 0.0828877
2.62349 0.0831479
2.62746 0.0830846
2.62759 0.083213
2.63163 0.0832159
2.63726 0.0848207
2.6421 0.0836058
2.64223 0.0837342
2.64588 0.0833554
2.64941 0.0828511
2.65345 0.0828574
2.65746 0.0828322
2.66169 0.0830326
2.66551 0.0828122
2.66961 0.0828807
2.67496 0.0841981
2.67509 0.0843265
2.67916 0.0791486
2.68018 0.0842063
2.68409 0.0840813
2.68909 0.0850462
2.68922 0.0851746
2.69338 0.0832896
2.69351 0.083418
2.69694 0.0828135
2.70104 0.0828796
2.70117 0.083008
2.7052 0.0830109
2.70911 0.0828884
2.71315 0.0828947
2.71712 0.0828304
2.72276 0.0844303
2.72798 0.0856203
2.73154 0.0831274
2.73167 0.0832558
2.73529 0.0828454
2.74061 0.0841327
2.7433 0.0827924
2.74737 0.0828298
2.75148 0.0829018
2.75539 0.0827798
2.75952 0.0828789
2.76356 0.0828808
2.76952 0.0827883
2.7723 0.0815413
2.77913 0.0791223
2.77926 0.0844626
2.77939 0.084591
2.78317 0.0831593
2.78707 0.0830343
2.79121 0.0831344
2.79525 0.0831379
2.7996 0.0834563
2.803 0.0828207
2.80723 0.0830176
2.81152 0.0832768
2.81709 0.0848119
2.82126 0.0829298
2.82138 0.0830582
2.82533 0.0829673
2.82917 0.0827796
2.83359 0.0831682
2.83732 0.0828579
2.84196 0.0834682
2.84581 0.08328
2.84939 0.0828339
2.85574 0.0851444
2.85943 0.0827828
2.86353 0.0828549
2.86789 0.0831836
2.87197 0.0832211
2.87706 0.0842851
2.87886 0.078851
2.88078 0.0827907
2.88559 0.0835615
2.88937 0.0833081
2.89372 0.0836305
2.89385 0.0837589
2.89699 0.0828665
2.90109 0.0829327
2.90701 0.0848144
2.91124 0.0829946
2.91508 0.0828058
2.91921 0.0829055
2.91934 0.0830339
2.92332 0.0829746
2.92758 0.0831991
2.93168 0.0832682
2.93527 0.0828227
2.94019 0.0837164
2.94032 0.0838448
2.94583 0.0853232
2.94939 0.0828293
2.95343 0.0828356
2.95747 0.0828414
2.9617 0.0830418
2.96552 0.0828254
2.96956 0.0828318
2.97501 0.0842464
2.97917 0.0791618
2.98019 0.0842196
2.9841 0.0840946
2.98423 0.084223
2.98852 0.0844802
2.99147 0.0833967
2.99691 0.084805
3.00095 0.0827916
3.00509 0.0828973
3.00903 0.0828059
3.01307 0.0828122
3.01717 0.0828803
3.02121 0.0828861
3.02538 0.0830168
3.02928 0.0828919
3.03537 0.0849455
3.03931 0.0828368
3.04342 0.0829059
3.04739 0.0828495
3.0515 0.082921
3.05541 0.0827989
3.05945 0.0828082
3.06355 0.0828762
3.06759 0.0828815
3.07157 0.0828207
3.07676 0.0819642
3.07881 0.0787996
3.0808 0.082805
3.08092 0.0829334
3.08701 0.0849831
3.09088 0.0828092
3.09502 0.0829123
3.09902 0.0828836
3.10306 0.0828889
3.10714 0.0829292
3.10727 0.0830576
3.11143 0.0831839
3.11508 0.0828051
3.11915 0.0828375
3.12536 0.0850201
3.12924 0.0828467
3.13366 0.0832353
3.13732 0.0828589
3.14187 0.0833759
3.14581 0.0832849
3.14594 0.0834133
3.14947 0.082909
3.15351 0.0829154
3.15745 0.0828239
3.1637 0.0850405
3.16383 0.0851689
3.1678 0.0830918
3.17194 0.0831915
3.17687 0.084096
3.177 0.0842244
3.17883 0.0788214
3.18091 0.0829205
3.18559 0.083563
3.18924 0.0831812
3.18937 0.0833096
3.19343 0.0833436
3.19696 0.0828364
3.20113 0.0829682
3.20522 0.0830288
3.2091 0.0828711
3.21509 0.0848315
3.21923 0.0829178
3.22333 0.0829869
3.22801 0.0836323
3.22814 0.0837607
3.23169 0.0832846
3.23529 0.082843
3.23939 0.0829145
3.24343 0.0829179
3.24772 0.0831776
3.25352 0.0849423
3.25749 0.0828652
3.26172 0.0830616
3.26554 0.0828452
3.26961 0.0828827
3.27493 0.084169
3.27916 0.0791545
3.27942 0.0834448
3.28409 0.0840872
3.28845 0.0844102
3.2914 0.0833267
3.29531 0.0832017
3.29544 0.0833301
3.30033 0.0841902
3.3051 0.0849284
3.30904 0.0828122
3.31308 0.0828185
3.31711 0.0828204
3.32137 0.083049
3.32541 0.0830553
3.32926 0.0828676
3.33365 0.0832211
3.33727 0.0828096
3.34333 0.0848322
3.3474 0.0828529
3.3515 0.0829249
3.35541 0.0828028
3.35955 0.0829059
3.36378 0.0831029
3.36789 0.0831749
3.37195 0.0832084
3.37715 0.0843697
3.37881 0.0788072
3.38099 0.0830036
3.3858 0.0837744
3.38958 0.0835211
3.39496 0.0848711
3.39906 0.0829234
3.403 0.0828285
3.4071 0.0828931
3.41149 0.0832455
3.41508 0.082804
3.41921 0.0829031
3.42319 0.0828438
3.42754 0.0831617
3.42799 0.0836096
3.43356 0.0851537
3.43731 0.0828538
3.44225 0.083753
3.4459 0.0833742
3.44943 0.0828699
3.45347 0.0828763
3.45748 0.082851
3.46168 0.0830163
3.46562 0.0829283
3.47193 0.0852037
3.47517 0.0823908
3.47914 0.0791363
3.48017 0.084194
3.4803 0.0843224
3.48485 0.0848394
3.48907 0.0830172
3.49318 0.0830862
3.49331 0.0832146
3.49696 0.0828358
3.50106 0.0829019
3.50516 0.0829705
3.5091 0.082879
3.51317 0.0829165
3.51714 0.0828521
3.52355 0.0852259
3.52829 0.0839172
3.52842 0.0840456
3.53169 0.0832816
3.53528 0.08284
3.5406 0.0841273
3.54343 0.0829154
3.54772 0.0831751
3.55147 0.0828885
3.55583 0.0832144
3.56166 0.0850137
3.56554 0.0828428
3.56964 0.0829113
3.5748 0.0840381
3.57919 0.0791831
3.57932 0.0833451
3.58323 0.0832201
3.58733 0.0832862
3.59139 0.0833207
3.59543 0.0833241
3.5993 0.0831636
3.60309 0.0829131
3.60722 0.0830093
3.61318 0.0849341
3.61721 0.0829192
3.62138 0.0830539
3.62548 0.0831225
3.6292 0.0828064
3.63365 0.0832261
3.63731 0.0828496
3.64141 0.0829187
3.64186 0.0833666
3.64583 0.0833068
3.64596 0.0834352
3.65148 0.0849195
3.65545 0.0828429
3.65956 0.0829149
3.66379 0.0831118
3.6678 0.0830865
3.67197 0.0832213
3.67713 0.0843515
3.6788 0.078789
3.68088 0.0828881
3.68101 0.0830165
3.68581 0.0837873
3.68946 0.0834056
3.68959 0.083534
3.69356 0.0834707
3.69696 0.0828351
3.70298 0.0848191
3.70704 0.0828358
3.71124 0.0830017
3.71509 0.0828169
3.71919 0.0828849
3.7232 0.0828567
3.72333 0.0829851
3.72759 0.0832097
3.73159 0.0831815
3.73537 0.0829265
3.74216 0.0856814
3.74229 0.0858098
3.74581 0.0832858
3.74594 0.0834142
3.7494 0.0828438
3.75344 0.0828501
3.75748 0.0828559
3.76172 0.0830563
3.7655 0.0828088
3.76961 0.0828774
3.77508 0.0843232
3.77915 0.0791453
3.78018 0.084203
3.7803 0.0843314
3.78408 0.084078
3.78844 0.0844009
3.79338 0.0853031
3.79693 0.0828062
3.80103 0.0828723
3.80523 0.0830347
3.80904 0.0828149
3.80917 0.0829433
3.81311 0.0828523
3.81721 0.0829164
3.82137 0.0830471
3.8215 0.0831755
3.82541 0.0830535
3.83163 0.0852366
3.83535 0.0829067
3.83939 0.0829159
3.84337 0.0828566
3.84773 0.0831825
3.85141 0.0828377
3.85545 0.082844
3.85952 0.082877
3.86356 0.0828788
3.86965 0.0849354
3.87234 0.0815744
3.87708 0.0822884
3.87888 0.078871
3.88285 0.084862
3.88708 0.0830397
3.89109 0.0830115
3.89512 0.0830149
3.89525 0.0831433
3.89947 0.0833334
3.903 0.0828262
3.90723 0.0830196
3.91155 0.0833099
3.91508 0.0828027
3.92154 0.0852301
3.92535 0.0829906
3.9292 0.0828029
3.93365 0.0832225
3.93737 0.0829123
3.94192 0.0834293
3.94583 0.0833033
3.94596 0.0834317
3.94948 0.0829234
3.9534 0.0828014
3.95955 0.0849242
3.96352 0.082847
3.96769 0.0829812
3.96782 0.0831096
3.97199 0.0832444
3.9769 0.0841178
3.97702 0.0842462
3.97882 0.0788121
3.98087 0.0828801
3.98555 0.0835226
3.98933 0.0832692
3.99356 0.0834666
3.99696 0.082831
4.00118 0.083025
4.00512 0.0829318
4.00525 0.0830602
4.01127 0.0850472
4.01521 0.082935
4.01919 0.0828786
4.02326 0.082916
4.02812 0.083748
4.03165 0.0832408
4.03537 0.0829276
4.03953 0.0830579
4.04344 0.0829329
4.0494 0.0848606
4.05354 0.0829435
4.05751 0.0828831
4.06168 0.0830208
4.06553 0.082832
4.06966 0.0829352
4.07483 0.0840683
4.07912 0.0791156
4.07951 0.0835343
4.08297 0.0829643
4.0872 0.0831618
4.09124 0.0831647
4.09505 0.0829448
4.10103 0.0848933
4.10513 0.0829435
4.10917 0.0829488
4.11309 0.0828268
4.11719 0.0828943
4.12145 0.0831223
4.12549 0.0831287
4.12933 0.082941
4.13362 0.0831972
4.13933 0.0848676
4.14339 0.0828848
4.14775 0.0832067
4.15144 0.0828619
4.1558 0.0831878
4.15952 0.0828741
4.16362 0.0829461
4.16789 0.0831776
4.17205 0.0833084
4.17705 0.0842751
4.17718 0.0844035
4.17885 0.078841
4.18103 0.0830374
4.18586 0.0838393
4.19096 0.084898
4.19108 0.0850264
4.19515 0.0830442
4.19922 0.0830787
4.203 0.0828283
4.20717 0.082959
4.21149 0.0832493
4.21521 0.0829361
4.21922 0.0829069
4.22319 0.0828475
4.22934 0.0849634
4.23354 0.0831096
4.23366 0.0832379
4.23732 0.0828615
4.24193 0.0834412
4.24585 0.0833192
4.24597 0.0834476
4.24944 0.0828771
4.25348 0.0828835
4.25749 0.0828582
4.26165 0.0829924
4.26781 0.0851117
4.27197 0.0832218
4.27504 0.0822661
4.27883 0.0788206
4.28094 0.0849676
4.28485 0.0828259
4.28927 0.0832115
4.29356 0.0834717
4.29696 0.0828361
4.3016 0.0834469
4.30519 0.0829974
4.3091 0.0828748
4.31317 0.0829123
4.31919 0.0848992
4.31932 0.0850276
4.32332 0.0829827
4.328 0.083628
4.33166 0.0832492
4.33538 0.082936
4.33948 0.0830041
4.34345 0.0829447
4.3474 0.0828538
4.35143 0.0828557
4.35746 0.0848466
4.36172 0.0830574
4.36556 0.0828681
4.3696 0.0828744
4.37493 0.0841647
4.37919 0.0791813
4.37945 0.0834717
4.38399 0.0839857
4.38739 0.0833501
4.39143 0.0833535
4.39534 0.0832285
4.40032 0.084182
4.40311 0.0829385
4.40917 0.0849571
4.4132 0.0829427
4.41724 0.0829485
4.42137 0.0830487
4.42541 0.083055
4.42926 0.0828673
4.43368 0.0832519
4.4374 0.0829377
4.44191 0.0834201
4.4474 0.0848699
4.4515 0.0829251
4.4558 0.0831848
4.45952 0.0828711
4.46355 0.0828769
4.46779 0.0830773
4.47196 0.083212
4.47705 0.0842761
4.47885 0.0788419
4.48103 0.0830384
4.48583 0.0838092
4.48948 0.0834275
4.49346 0.0833681
4.49359 0.0834965
4.4991 0.0849715
4.503 0.0828247
4.50704 0.0828271
4.51127 0.0830241
4.51515 0.0828704
4.51922 0.0829073
4.52319 0.082848
4.52332 0.0829764
4.52761 0.0832321
4.53164 0.083235
4.53729 0.0848477
4.54216 0.0836639
4.54229 0.0837923
4.54594 0.0834135
4.5495 0.0829403
4.55344 0.0828494
4.55751 0.0828863
4.56162 0.0829583
4.56563 0.082933
4.5696 0.0828692
4.56973 0.0829976
4.57505 0.0842879
4.57912 0.0791099
4.58027 0.0842961
4.58418 0.0841711
4.58918 0.0851359
4.59337 0.0832821
4.59706 0.0829344
4.60103 0.0828721
4.60116 0.0830005
4.60548 0.0832913
4.60911 0.0828808
4.61318 0.0829183
4.61715 0.0828539
4.62278 0.0844578
4.6283 0.0859362
4.63153 0.0831204
4.63166 0.0832488
4.63531 0.0828694
4.64019 0.0837089
4.64345 0.0829449
4.6474 0.0828539
4.65147 0.0828908
4.65583 0.0832167
4.65951 0.0828679
4.65964 0.0829963
4.66554 0.0848579
4.66966 0.0829368
4.67245 0.0816898
4.67915 0.0791424
4.67928 0.0844827
4.67941 0.0846111
4.68319 0.0831794
4.68722 0.0831828
4.69123 0.0831546
4.69527 0.083158
4.70029 0.0841465
4.70305 0.0828719
4.70721 0.0830026
4.71153 0.0832929
4.71724 0.0849609
4.72166 0.0833327
4.72525 0.0828877
4.72538 0.0830161
4.72922 0.0828284
4.73367 0.0832481
4.73733 0.0828716
4.74201 0.083517
4.74586 0.0833288
4.74598 0.0834572
4.74948 0.0829178
4.75576 0.0851661
4.75958 0.0829329
4.76355 0.0828725
4.76778 0.0830729
4.77198 0.0832388
4.77708 0.0843028
4.77888 0.0788687
4.78093 0.0829368
4.7856 0.0835792
4.78938 0.0833258
4.79358 0.0834882
4.79698 0.0828526
4.8012 0.0830466
4.80715 0.0849634
4.81126 0.0830152
4.8151 0.0828264
4.81933 0.0830234
4.82382 0.0834747
4.82827 0.0838909
4.83166 0.0832553
4.83538 0.0829382
4.84018 0.0837074
4.84031 0.0838358
4.84589 0.0853765
4.84944 0.0828825
4.85351 0.08292
4.85749 0.0828636
4.86172 0.083064
4.86564 0.0829414
4.86968 0.0829478
4.87503 0.0842691
4.87913 0.0791223
4.88028 0.0843084
4.88419 0.0841835
4.88746 0.0834195
4.8915 0.0834229
4.89707 0.0849635
4.90111 0.0829502
4.90524 0.0830503
4.90918 0.0829589
4.9131 0.0828368
4.91723 0.082936
4.92146 0.0831329
4.92549 0.0831353
4.92934 0.0829476
4.93527 0.0848417
4.93931 0.0828303
4.94337 0.0828643
4.94773 0.0831901
4.95152 0.0829387
4.95588 0.0832645
4.95953 0.0828886
4.96386 0.0831829
4.9679 0.0831847
4.96802 0.0833131
4.97245 0.0837006
4.97716 0.0823627
4.97882 0.078817
4.981 0.0830134
4.98725 0.0852247
4.99097 0.0828918
4.99109 0.0830202
4.99513 0.0830236
4.99936 0.0832177
5.00301 0.0828388
5.00722 0.0830104
5.01145 0.0832034
5.01517 0.0828902
5.01917 0.082857
5.02538 0.0850385
5.02936 0.0829624
5.03365 0.0832226
5.03737 0.0829124
5.04192 0.0834294
5.04555 0.0830189
5.04567 0.0831473
5.04946 0.0828953
5.0535 0.0829017
5.05753 0.0829035
5.06371 0.0850534
5.06384 0.0851818
5.06766 0.0829487
5.07163 0.0828878
5.07692 0.0841454
5.07885 0.0788396
5.08096 0.0829734
5.08491 0.0828824
5.0891 0.0830453
5.09343 0.0833356
5.09702 0.082893
5.10102 0.0828613
5.10505 0.0828582
5.10919 0.0829607
5.11524 0.0849828
5.11928 0.0829713
5.12357 0.0832315
5.12812 0.0837485
5.13168 0.0832724
5.13534 0.082893
5.1395 0.0830273
5.14027 0.0837947
5.14338 0.0828707
5.14774 0.0831965
5.15348 0.0848991
5.15752 0.0828881
5.16175 0.0830845
5.16559 0.0828992
5.16963 0.0829056
5.17495 0.0841919
5.17922 0.0792085
5.17947 0.0834988
5.18415 0.0841413
5.18742 0.0833773
5.1885 0.0844642
5.19142 0.0833456
5.19533 0.0832206
5.20035 0.0842052
5.20515 0.0849739
5.20908 0.0828577
5.21315 0.0828952
5.21716 0.0828665
5.22145 0.0831256
5.22549 0.083132
5.22562 0.0832603
5.22934 0.0829442
5.23369 0.0832666
5.23737 0.0829134
5.24337 0.0848738
5.24775 0.08321
5.25144 0.0828652
5.25583 0.0832221
5.25958 0.0829396
5.26381 0.0831365
5.26785 0.0831423
5.27205 0.0833082
5.27712 0.0843371
5.27891 0.078903
5.28109 0.0830995
5.28589 0.0838703
5.28967 0.0836169
5.29525 0.0851581
5.29909 0.0829536
5.30313 0.0829559
5.3071 0.0828921
5.31149 0.0832446
5.31524 0.0829625
5.31918 0.0828676
5.32334 0.0829994
5.3283 0.0839213
5.33365 0.0852397
5.33743 0.0829709
5.3423 0.0838074
5.34596 0.0834286
5.34945 0.0828892
5.35349 0.0828956
5.3575 0.0828703
5.36176 0.0831018
5.36561 0.082917
5.37202 0.0852897
5.37516 0.0823835
5.37914 0.079129
5.38029 0.0843151
5.38532 0.0853111
5.38897 0.0829126
5.3891 0.0830409
5.39333 0.0832384
5.39698 0.0828556
5.40108 0.0829217
5.40121 0.0830501
5.40521 0.0830174
5.40909 0.0828638
5.41316 0.0829012
5.4172 0.0829076
5.42358 0.0852501
5.428 0.083622
5.42813 0.0837503
5.43165 0.0832431
5.43537 0.08293
5.43941 0.0829353
5.44345 0.0829387
5.44774 0.0831984
5.45146 0.0828807
5.45585 0.0832377
5.46171 0.0850681
5.46559 0.0828937
5.46966 0.0829311
5.47492 0.0841552
5.47915 0.0791407
5.47928 0.0833027
5.48318 0.0831777
5.48395 0.0839451
5.48722 0.0831811
5.49142 0.083344
5.49533 0.083219
5.49545 0.0833474
5.49952 0.0833779
5.50029 0.0841453
5.50305 0.0828707
5.50718 0.0829704
5.51323 0.0849885
5.51727 0.0829735
5.52169 0.0833621
5.52556 0.083205
5.52928 0.0828889
5.5337 0.0832775
5.53736 0.0829011
5.54146 0.0829701
5.54191 0.083418
5.54585 0.0833231
5.54598 0.0834515
5.5515 0.0849358
5.55582 0.0832098
5.55957 0.0829272
5.56358 0.082902
5.56784 0.0831335
5.57201 0.0832682
5.57708 0.0843011
5.57887 0.078867
5.58093 0.0829351
5.58105 0.0830635
5.58586 0.0838343
5.58951 0.0834525
5.59358 0.0834865
5.59698 0.0828509
5.60303 0.08487
5.60706 0.0828516
5.61119 0.0829513
5.61514 0.0828598
5.6193 0.0829906
5.62346 0.0831224
5.62763 0.0832497
5.63173 0.0833188
5.63538 0.0829394
5.6415 0.0850242
5.64195 0.0854721
5.64589 0.0833644
5.64945 0.0828912
5.65349 0.0828976
5.65756 0.0829345
5.66173 0.0830687
5.66561 0.0829151
5.66958 0.0828552
5.67504 0.0842739
5.67516 0.0844022
5.67913 0.079127
5.68029 0.0843132
5.6842 0.0841882
5.68861 0.0845738
5.69342 0.0853476
5.69698 0.0828547
5.70108 0.0829208
5.70505 0.082861
5.70915 0.082925
5.71315 0.0828963
5.71726 0.0829649
5.72213 0.0838013
5.72546 0.083103
5.73168 0.0852861
5.73533 0.08289
5.73938 0.0828993
5.74341 0.0829022
5.74777 0.083228
5.75146 0.0828832
5.75582 0.0832091
5.75951 0.0828643
5.764 0.083318
5.7696 0.0848922
5.77236 0.0815973
5.77249 0.0817257
5.77711 0.0823113
5.7789 0.0788939
5.78288 0.0848849
5.78697 0.0829343
5.7871 0.0830627
5.79098 0.0829061
5.79515 0.0830379
5.7994 0.083259
5.80305 0.0828802
5.80719 0.0829803
5.81154 0.0833017
5.81514 0.0828602
5.82154 0.0852328
5.82525 0.0828955
5.82936 0.0829645
5.83368 0.0832558
5.83734 0.0828794
5.84201 0.0835213
5.84586 0.0833331
5.84599 0.0834615
5.84945 0.082887
5.85349 0.0828934
5.85951 0.0848838
5.86374 0.083064
5.86771 0.0830036
5.87201 0.0832668
5.87698 0.0842024
5.8789 0.0788967
5.88095 0.0829647
5.88563 0.0836072
5.88941 0.0833538
5.89383 0.0837424
5.89697 0.08285
5.90114 0.0829818
5.90159 0.0834297
5.90511 0.082914
5.91129 0.0850605
5.91523 0.0829528
5.91921 0.0828964
5.92382 0.0834761
5.92808 0.0837012
5.93173 0.0833224
5.93539 0.082943
5.93952 0.0830422
5.94336 0.0828544
5.94942 0.0848805
5.95353 0.0829323
5.9575 0.0828759
5.96174 0.0830763
5.96558 0.0828875
5.96962 0.0828939
5.97498 0.0842152
5.9792 0.0791968
5.98023 0.0842545
5.98414 0.0841295
5.98426 0.0842579
5.98741 0.0833655
5.99144 0.083365
5.99157 0.0834934
5.99535 0.08324
5.99548 0.0833684
6.00111 0.0849678
6.00515 0.0829552
6.00912 0.0828949
6.01316 0.0829012
6.01723 0.0829382
6.02127 0.082944
6.02544 0.0830787
6.02928 0.082891
6.03373 0.0833067
6.03937 0.0849149
6.04341 0.082901
6.04745 0.0829069
6.05149 0.0829122
6.05585 0.083238
6.05954 0.0828927
6.06383 0.0831559
6.06768 0.0829706
6.07169 0.0829408
6.07685 0.08407
6.07915 0.079142
6.08101 0.0830189
6.08527 0.0832435
6.09107 0.0850093
6.0951 0.0829944
6.09914 0.0829973
6.10308 0.0829053
6.10711 0.0829066
6.11154 0.0832937
6.11526 0.0829805
6.1192 0.082889
6.12336 0.0830208
6.12935 0.0849732
6.13361 0.0831816
6.13736 0.0829025
6.14229 0.0838017
6.14598 0.083454
6.14957 0.0830079
6.15348 0.0828859
6.15755 0.0829228
6.16165 0.0829908
6.1678 0.0851102
6.172 0.0832553
6.17505 0.0822685
6.17518 0.0823969
6.17889 0.0788852
6.18097 0.0850011
6.18565 0.0836268
6.1893 0.083245
6.1936 0.0835052
6.19712 0.082998
6.20116 0.0830014
6.20522 0.0830309
6.2091 0.0828732
6.21314 0.0828796
6.21922 0.0849327
6.21935 0.0850611
6.22336 0.0830162
6.22832 0.0839459
6.22845 0.0840743
6.23172 0.0833103
6.23534 0.0828999
6.23951 0.0830341
6.24028 0.0838015
6.24339 0.0828775
6.24778 0.0832345
6.25159 0.0830141
6.25752 0.0849117
6.26175 0.0830914
6.2656 0.0829026
6.2697 0.0829712
6.27486 0.084098
6.27922 0.0792119
6.27935 0.0833738
6.27948 0.0835022
6.28389 0.0838879
6.28742 0.0833807
6.29146 0.0833841
6.29537 0.0832591
6.30032 0.0841814
6.30308 0.0829068
6.3091 0.0848898
6.31323 0.0829727
6.31717 0.0828773
6.32169 0.0833626
6.32547 0.0831122
6.3256 0.0832406
6.32932 0.0829245
6.3337 0.083278
6.33736 0.0828976
6.34187 0.08338
6.342 0.0835084
6.34777 0.0852465
6.35156 0.0829823
6.35582 0.0832108
6.35964 0.0829944
6.36384 0.0831603
6.36785 0.083135
6.37205 0.0833008
6.37714 0.0843649
6.37916 0.079153
6.38134 0.0833494
6.38576 0.0837351
6.38589 0.0838635
6.38954 0.0834817
6.39383 0.0837419
6.39912 0.0849946
6.40315 0.0829802
6.40719 0.0829826
6.41129 0.0830512
6.4152 0.0829291
6.41921 0.0829004
6.4235 0.0831606
6.42805 0.0836696
6.4317 0.0832908
6.43734 0.0848955
6.44195 0.0834584
6.44599 0.0834648
6.44949 0.0829254
6.45359 0.082994
6.45753 0.0829025
6.46176 0.0831029
6.46561 0.0829181
6.46971 0.0829827
6.47516 0.0844014
6.47923 0.0792235
6.48025 0.0842812
6.48038 0.0844096
6.48416 0.0841562
6.48916 0.0851211
6.49333 0.0832361
6.49711 0.0829817
6.50108 0.0829194
6.50121 0.0830478
6.50521 0.0830151
6.50918 0.0829587
6.51322 0.0829651
6.51726 0.0829669
6.52258 0.0842513
6.52803 0.085667
6.53168 0.0832714
6.5354 0.0829582
6.54059 0.0841172
6.54341 0.0829047
6.54777 0.0832306
6.55149 0.0829169
6.55585 0.0832428
6.55964 0.0829913
6.56569 0.0850128
6.56972 0.0829945
6.57261 0.0818448
6.57918 0.079169
6.5793 0.0845093
6.57943 0.0846377
6.58321 0.083206
6.58712 0.083081
6.59119 0.0831155
6.59132 0.0832439
6.59523 0.0831189
6.60031 0.0841696
6.60307 0.082895
6.6072 0.0829912
6.60733 0.0831196
6.61155 0.0833126
6.61728 0.0850077
6.6217 0.083379
6.62539 0.0830313
6.62936 0.082972
6.63372 0.0832943
6.63738 0.0829179
6.64193 0.0834349
6.64206 0.0835633
6.64593 0.0834062
6.64952 0.0829601
6.6558 0.0852084
6.65958 0.0829401
6.66388 0.0831993
6.66785 0.0831429
6.67205 0.0833087
6.67712 0.0843377
6.67891 0.0789036
6.68096 0.0829716
6.68564 0.0836141
6.68942 0.0833607
6.69377 0.0836831
6.69704 0.0829191
6.70121 0.0830509
6.70719 0.0849988
6.71116 0.0829222
6.71129 0.0830506
6.7152 0.0829286
6.71937 0.0830633
6.72335 0.083004
6.72831 0.0839298
6.7317 0.0832942
6.73536 0.0829148
6.74029 0.0838125
6.74593 0.0854188
6.74945 0.0828938
6.75356 0.0829623
6.75753 0.0829059
6.76177 0.0831063
6.76558 0.0828865
6.76968 0.082955
6.77507 0.0843075
6.77923 0.0792229
6.78025 0.0842806
6.78416 0.0841556
6.78743 0.0833916
6.78852 0.0844785
6.79147 0.083395
6.79838 0.0862759
6.80108 0.0829189
6.80508 0.0828901
6.80921 0.0829893
6.81325 0.0829956
6.81726 0.0829664
6.82213 0.0838028
6.82559 0.0832329
6.82931 0.0829168
6.83543 0.0850055
6.83954 0.0830608
6.84341 0.0829042
6.84777 0.08323
6.85152 0.0829475
6.85582 0.0832071
6.85954 0.0828934
6.86396 0.083285
6.86803 0.0833179
6.87258 0.0838338
6.87713 0.0823325
6.87914 0.0791373
6.88132 0.0833338
6.88728 0.0852572
6.89106 0.082987
6.8951 0.0829905
6.89913 0.0829939
6.89926 0.0831223
6.90317 0.0830002
6.90721 0.0830066
6.91154 0.0833008
6.9152 0.082922
6.91929 0.082986
6.92538 0.0850397
6.92939 0.0829947
6.93371 0.083286
6.9374 0.0829407
6.94195 0.0834577
6.94599 0.083464
6.94945 0.0828896
6.95349 0.0828959
6.95756 0.0829289
6.96384 0.0851766
6.96785 0.0831346
6.97201 0.0832653
6.97689 0.0841077
6.97894 0.0789303
6.98099 0.0829984
6.9849 0.0828734
6.98932 0.083259
6.99345 0.0833592
6.9971 0.0829804
7.00114 0.0829838
7.00543 0.0832415
7.00922 0.0829905
7.01559 0.0853321
7.01931 0.0829976
7.02338 0.0830351
7.02843 0.0840582
7.0317 0.0832942
7.03546 0.0830121
7.03953 0.0830491
7.04029 0.0838165
7.0434 0.0828925
7.04754 0.0829956
7.0535 0.0849238
7.05757 0.082944
7.06177 0.0831127
7.06562 0.082928
7.06966 0.0829343
7.07495 0.0841919
7.07925 0.0792391
7.0795 0.0835295
7.08293 0.0829244
7.08306 0.0830528
7.08722 0.0831841
7.08735 0.0833125
7.09126 0.083187
7.09507 0.0829671
7.09971 0.083569
7.10509 0.0849164
7.10922 0.0829983
7.11326 0.0830046
7.11723 0.0829397
7.12213 0.0838068
7.1256 0.0832369
7.12931 0.0829208
7.13373 0.0833054
7.13738 0.082925
7.14347 0.0849797
7.14786 0.0833199
7.15155 0.0829751
7.15588 0.0832659
7.1596 0.0829522
7.16379 0.0831141
7.16786 0.083151
7.17203 0.0832818
7.17722 0.0844431
7.17889 0.0788806
7.1812 0.0832054
7.18587 0.0838478
7.18965 0.0835945
7.19523 0.0851356
7.19913 0.0829939
7.20307 0.0828989
7.20721 0.0829986
7.21146 0.0832227
7.21557 0.0832912
7.21935 0.0830363
7.22351 0.0831681
7.22812 0.0837393
7.23369 0.0852834
7.23741 0.0829525
7.24234 0.0838517
7.24603 0.0835039
7.24946 0.0829024
7.2535 0.0829087
7.25757 0.0829456
7.26177 0.083111
7.26565 0.0829533
7.27205 0.085326
7.2752 0.0824198
7.27923 0.0792275
7.28026 0.0842852
7.28494 0.0849306
7.28904 0.08298
7.29359 0.0834969
7.29705 0.0829235
7.30115 0.0829897
7.30544 0.0832454
7.30557 0.0833738
7.30922 0.0829944
7.31326 0.0830008
7.31726 0.0829715
7.32351 0.0851857
7.32771 0.0833313
7.32816 0.0837792
7.33168 0.083272
7.33543 0.08299
7.34062 0.0841449
7.34354 0.0830298
7.34777 0.0832272
7.35155 0.0829758
7.35588 0.0832665
7.36177 0.0851281
7.36562 0.0829225
7.36968 0.082956
7.37494 0.0841761
7.3792 0.0791928
7.37946 0.0834831
7.38388 0.0838687
7.3873 0.0832642
7.39134 0.0832676
7.39538 0.083271
7.39551 0.0833994
7.40033 0.0841934
7.40309 0.0829188
7.40719 0.0829834
7.40732 0.0831118
7.41327 0.0850326
7.41731 0.0830176
7.4217 0.0833746
7.42561 0.0832486
7.42933 0.0829325
7.43375 0.0833211
7.4374 0.0829446
7.44195 0.0834616
7.44602 0.0834951
7.45157 0.0850105
7.45586 0.0832534
7.45958 0.0829397
7.46388 0.0832028
7.46785 0.0831425
7.47205 0.0833043
7.47708 0.0843062
7.47888 0.078872
7.48106 0.0830685
7.48586 0.0838393
7.48964 0.0835859
7.49425 0.0841617
7.49707 0.0829498
7.50319 0.0850351
7.50722 0.0830167
7.5113 0.0830541
7.51552 0.0832471
7.51934 0.0830273
7.5235 0.0831591
7.52766 0.0832864
7.53176 0.0833554
7.53542 0.0829761
7.5415 0.0850258
7.54195 0.0854737
7.54592 0.0833971
7.54605 0.0835255
7.54948 0.0829239
7.55352 0.0829303
7.55756 0.0829361
7.56176 0.0830974
7.56563 0.0829398
7.56971 0.0829772
7.57518 0.084423
7.57922 0.079214
7.58025 0.0842717
7.58428 0.0842751
7.58742 0.0833827
7.58851 0.0844696
7.59335 0.0852745
7.59713 0.0830033
7.6011 0.0829411
7.6051 0.0829123
7.60914 0.0829142
7.61318 0.0829205
7.61731 0.0830202
7.62212 0.0837939
7.62558 0.083224
7.63167 0.0852787
7.63539 0.0829448
7.63952 0.0830479
7.64343 0.0829224
7.64779 0.0832483
7.65151 0.0829346
7.65587 0.0832604
7.65962 0.0829779
7.66401 0.0833343
7.66965 0.0849396
7.6725 0.081738
7.67263 0.0818664
7.67721 0.0824169
7.67888 0.0788711
7.68397 0.0859801
7.68698 0.0829426
7.68711 0.083071
7.69128 0.0832028
7.69519 0.0830778
7.69944 0.0832989
7.70309 0.0829201
7.7072 0.0829892
7.71155 0.0833106
7.71168 0.0834389
7.71556 0.0832823
7.72158 0.0852693
7.72539 0.0830292
7.72936 0.0829699
7.73372 0.0832923
7.73741 0.082947
7.74209 0.0835924
7.74602 0.0834975
7.74958 0.0830203
7.75352 0.0829294
7.75958 0.0849509
7.76375 0.0830689
7.76387 0.0831973
7.76772 0.0830125
7.76785 0.0831409
7.77205 0.0833067
7.77699 0.0842113
7.77891 0.0789055
7.78099 0.0830047
7.78567 0.0836471
7.78945 0.0833937
7.79378 0.083685
7.79422 0.0841329
7.79705 0.082921
7.80121 0.0830528
7.80511 0.0829228
7.80524 0.0830512
7.81129 0.0850693
7.81559 0.0833122
7.81924 0.0829329
7.81937 0.0830613
7.82338 0.083033
7.82811 0.0837366
7.83177 0.0833578
7.83542 0.0829785
7.83952 0.0830465
7.84029 0.0838139
7.8435 0.0829872
7.84946 0.0849159
7.85353 0.0829366
7.85754 0.0829113
7.86177 0.0831117
7.86571 0.0830203
7.86966 0.0829293
7.87501 0.0842467
7.87917 0.0791661
7.88033 0.0843522
7.88423 0.0842272
7.88846 0.0844217
7.89157 0.0834977
7.89535 0.0832444
7.90114 0.0849993
7.90521 0.083016
7.90925 0.0830218
7.91316 0.0828997
7.91723 0.0829332
7.92213 0.0838003
7.92562 0.0832614
7.92934 0.0829453
7.93373 0.0832988
7.93385 0.0834272
7.93943 0.0849698
7.93956 0.0850982
7.94347 0.0829564
7.94779 0.0832472
7.95148 0.0829024
7.95587 0.0832594
7.95959 0.0829457
7.96392 0.0832399
7.96786 0.0831484
7.97209 0.0833414
7.97721 0.0844366
7.97888 0.078874
7.98119 0.0831989
7.98587 0.0838413
7.99109 0.0830116
7.99506 0.0829489
7.99518 0.0830772
7.99916 0.0830145
8.00309 0.0829196
8.00714 0.0829319
8.01156 0.0833195
8.0156 0.0833258
8.01935 0.0830398
8.02332 0.0829805
8.02937 0.0849951
8.03376 0.0833318
8.03741 0.0829515
8.04196 0.0834684
8.04209 0.0835968
8.04571 0.0831864
8.04953 0.0829655
8.0536 0.0830029
8.05767 0.0830399
8.0618 0.0831385
8.06782 0.0851294
8.07167 0.0829274
8.07498 0.0821969
8.07898 0.0789725
8.08093 0.0849595
8.08535 0.0833308
8.08904 0.0829797
8.08917 0.083108
8.09343 0.0833361
8.09708 0.0829557
8.10112 0.0829591
8.10518 0.0829871
8.10918 0.0829573
8.11325 0.0829947
8.11934 0.0850474
8.12386 0.083513
8.12834 0.0839643
8.12847 0.0840927
8.13174 0.0833287
8.13546 0.0830156
8.13953 0.0830525
8.1403 0.0838199
8.14344 0.0829275
8.14783 0.0832845
8.1516 0.083025
8.15756 0.0849538
8.1618 0.0831374
8.16568 0.0829837
8.16972 0.0829901
8.17488 0.0841169
8.17501 0.0842453
8.17924 0.0792308
8.18026 0.0842885
8.18404 0.0840352
8.18744 0.0833996
8.19148 0.083403
8.19161 0.0835314
8.19583 0.0837259
8.20037 0.0842315
8.20316 0.0829879
8.20925 0.0830204
8.21319 0.0829294
8.21732 0.0830291
8.22171 0.083386
8.22565 0.0832951
8.22937 0.082979
8.23376 0.0833325
8.23747 0.0830143
8.24196 0.0834656
8.24782 0.0852971
8.25161 0.0830288
8.25587 0.0832574
8.25959 0.0829437
8.26388 0.0832029
8.26785 0.0831425
8.27205 0.0833044
8.27724 0.0844657
8.27891 0.0789032
8.28122 0.083228
8.28589 0.0838704
8.28967 0.0836171
8.29525 0.0851582
8.29916 0.083016
8.30322 0.0830494
8.30723 0.0830207
8.31136 0.0831204
8.31149 0.0832487
8.31556 0.0832862
8.31934 0.0830313
8.32338 0.0830347
8.32814 0.0837654
8.3318 0.0833866
8.33741 0.0849642
8.34234 0.0838466
8.34599 0.0834678
8.34955 0.0829946
8.35359 0.083001
8.3576 0.0829757
8.36177 0.0831099
8.36574 0.0830495
8.36974 0.0830168
8.37519 0.0844236
8.37922 0.0792145
8.3805 0.084529
8.38537 0.0853655
8.38915 0.0830954
8.39345 0.0833556
8.39357 0.083484
8.39713 0.0830078
8.40117 0.0830113
8.40546 0.083267
8.40924 0.083016
8.41328 0.0830223
8.41729 0.0829931
8.42219 0.0838607
8.42808 0.0837075
8.43177 0.0833598
8.43539 0.0829493
8.43953 0.0830524
8.44062 0.0841394
8.44344 0.0829275
8.44782 0.0832804
8.45151 0.0829317
8.4559 0.0832847
8.45967 0.0830252
8.46563 0.0849495
8.4697 0.0829702
8.47492 0.0841592
8.47928 0.0792731
8.47941 0.083435
8.48319 0.0831817
8.48729 0.0832478
8.49133 0.0832512
8.49536 0.0832546
8.50048 0.0843365
8.50314 0.0829646
8.50733 0.0831264
8.5132 0.0849539
8.51733 0.0830368
8.52172 0.0833938
8.52553 0.0831704
8.52938 0.0829827
8.53373 0.0833051
8.53742 0.0829598
8.5419 0.0834111
8.54203 0.0835395
8.54604 0.0835108
8.54957 0.0830065
8.55588 0.0852859
8.5597 0.0830527
8.56387 0.0831874
8.56784 0.0831311
8.57207 0.083328
8.57724 0.0844582
8.5789 0.0788957
8.58095 0.0829638
8.58576 0.0837346
8.58954 0.0834812
8.59425 0.0841542
8.59707 0.0829423
8.60322 0.0850587
8.60725 0.0830404
8.61132 0.0830778
8.61555 0.0832708
8.61936 0.0830509
8.62353 0.0831827
8.62769 0.08331
8.63179 0.0833791
8.63547 0.0830309
8.63954 0.0830638
8.64031 0.0838312
8.64604 0.083518
8.64951 0.0829476
8.65355 0.0829539
8.65759 0.0829597
8.66169 0.0830278
8.66566 0.0829674
8.66973 0.0830009
8.67518 0.0844156
8.67921 0.0792065
8.68037 0.0843927
8.68049 0.084521
8.68427 0.0842677
8.6885 0.0844622
8.69337 0.0852982
8.69715 0.083027
8.70112 0.0829647
8.70157 0.0834126
8.70516 0.0829671
8.70926 0.0830351
8.7133 0.0830415
8.7173 0.0830127
8.72214 0.0838176
8.72561 0.0832477
8.7317 0.0853024
8.73545 0.0830035
8.73958 0.0831067
8.74349 0.0829817
8.74782 0.0832724
8.75154 0.0829588
8.7559 0.0832846
8.75958 0.0829398
8.76403 0.0833545
8.76804 0.0833253
8.77259 0.0838412
8.77721 0.08241
8.77919 0.0791837
8.784 0.0860048
8.78714 0.0830957
8.79117 0.0830951
8.79521 0.0830985
8.79924 0.0831019
8.79937 0.0832303
8.80315 0.0829799
8.80723 0.0830173
8.81155 0.0833076
8.81559 0.0833139
8.82136 0.0850476
8.82539 0.0830337
8.82937 0.0829744
8.83375 0.0833279
8.83741 0.0829515
8.84234 0.0838507
8.84247 0.0839791
8.846 0.0834719
8.84956 0.0829987
8.8536 0.083005
8.8576 0.0829718
8.86385 0.0831717
8.86783 0.0831153
8.87206 0.0833122
8.87696 0.0841857
8.87921 0.0791994
8.88113 0.0831391
8.88568 0.0836531
8.88946 0.0833998
8.89423 0.084139
8.89705 0.0829271
8.90122 0.0830589
8.90512 0.0829289
8.9112 0.0849781
8.91547 0.0831899
8.91925 0.0829389
8.91938 0.0830673
8.92338 0.0830391
8.92812 0.0837427
8.9318 0.0833949
8.93546 0.0830156
8.93953 0.0830525
8.9403 0.0838199
8.94344 0.0829276
8.94959 0.0850469
8.95353 0.0829392
8.95757 0.082945
8.96168 0.083017
8.96562 0.0829256
8.96969 0.082959
8.97514 0.0843737
8.9793 0.0792931
8.98032 0.0843508
8.98436 0.0843542
8.98846 0.0844203
8.9916 0.0835274
8.99538 0.0832741
8.99551 0.0834024
9.00117 0.085029
9.00524 0.0830518
9.00928 0.0830537
9.01319 0.0829316
9.01732 0.0830308
9.02152 0.0831926
9.02556 0.083199
9.0294 0.0830113
9.03376 0.0833337
9.03956 0.0850979
9.04356 0.0830529
9.04786 0.083316
9.05151 0.0829362
9.05587 0.083262
9.05962 0.0829789
9.06395 0.0832732
9.06792 0.0832088
9.0717 0.0829534
9.07702 0.0842381
9.07922 0.0792168
9.08108 0.0830937
9.08538 0.0833534
9.09115 0.0850881
9.09515 0.083046
9.09913 0.0829867
9.10316 0.0829881
9.10726 0.0830556
9.11146 0.0832169
9.11524 0.0829665
9.11934 0.0830345
9.12338 0.0830379
9.12937 0.0849903
9.13366 0.0832338
9.13748 0.0830168
9.14235 0.0838533
9.146 0.0834745
9.14959 0.0830324
9.15363 0.0830388
9.15764 0.0830135
9.1618 0.0831437
9.16565 0.082955
9.17209 0.083342
9.17523 0.0824525
9.17921 0.0791981
9.18113 0.0851545
9.18568 0.0836518
9.18933 0.08327
9.19362 0.0835302
9.1975 0.0833736
9.20157 0.0834081
9.20547 0.0832781
9.20925 0.0830272
9.21326 0.0829985
9.21934 0.0850511
9.22351 0.0831661
9.22847 0.0840959
9.23174 0.0833319
9.23546 0.0830188
9.24033 0.0838542
9.24354 0.0830275
9.24786 0.0833182
9.25157 0.0829966
9.2577 0.0850849
9.2618 0.0831401
9.26568 0.0829864
9.26972 0.0829928
9.27491 0.0841506
9.27921 0.0791984
9.28023 0.0842561
9.28401 0.0840028
9.28414 0.0841312
9.28849 0.0844541
9.29157 0.083499
9.29548 0.083374
9.30041 0.0842652
9.3032 0.0830217
9.30928 0.0850709
9.31332 0.0830605
9.31735 0.0830628
9.32175 0.0834198
9.32556 0.0832005
9.32941 0.0830128
9.33376 0.0833312
9.33745 0.0829859
9.33757 0.0831143
9.34235 0.0838535
9.34786 0.0853348
9.35161 0.0830355
9.35587 0.083264
9.35966 0.0830165
9.36392 0.0832446
9.36786 0.0831531
9.37219 0.0834434
9.37725 0.0844763
9.37924 0.0792333
9.38142 0.0834298
9.38552 0.0834959
9.38946 0.083402
9.3942 0.0841101
9.39917 0.0850434
9.40324 0.083064
9.40724 0.0830353
9.41135 0.0831039
9.41147 0.0832322
9.41545 0.0831724
9.41935 0.0830459
9.42352 0.0831777
9.42365 0.0833061
9.42768 0.083305
9.43181 0.0834052
9.43194 0.0835335
9.43743 0.0849828
9.44236 0.0838652
9.44601 0.0834864
9.44957 0.0830132
9.45361 0.0830195
9.45762 0.0829943
9.46175 0.0830934
9.46576 0.0830642
9.46973 0.0830003
9.47518 0.084415
9.4753 0.0845434
9.47921 0.079206
9.48049 0.0845205
9.48415 0.0841387
9.48427 0.0842671
9.48914 0.0851036
9.49344 0.083347
9.49712 0.0829993
9.50154 0.0833849
9.50522 0.0830327
9.50926 0.0830385
9.51324 0.0829787
9.5173 0.0830077
9.52265 0.0843232
9.5281 0.0857389
9.53169 0.0832771
9.53541 0.0829639
9.54066 0.0841851
9.54355 0.0830388
9.54787 0.0833296
9.55153 0.0829497
9.55592 0.0833067
9.55963 0.082989
9.56568 0.0850066
9.56976 0.0830273
9.57264 0.0818776
9.57931 0.0792991
9.57943 0.0846394
9.58353 0.0835272
9.58731 0.0832738
9.59135 0.0832772
9.59539 0.0832806
9.60038 0.0842341
9.60317 0.0829906
9.6072 0.0829929
9.60733 0.0831213
9.61159 0.0833454
9.61735 0.0850796
9.62175 0.0834198
9.6254 0.0830409
9.62937 0.0829816
9.63376 0.0833351
9.63745 0.0829898
9.64213 0.0836352
9.6461 0.0835714
9.64962 0.0830631
9.65587 0.0852802
9.65969 0.0830471
9.66386 0.0831818
9.66787 0.0831565
9.6721 0.0833535
9.67713 0.0843553
9.67893 0.0789212
9.68098 0.0829893
9.68578 0.0837601
9.68956 0.0835067
9.69424 0.0841486
9.69751 0.0833846
9.70155 0.083388
9.70727 0.0850786
9.71134 0.0830993
9.71544 0.0831684
9.71939 0.0830769
9.72336 0.0830176
9.72349 0.083146
9.72813 0.0837523
9.73181 0.0834046
9.7355 0.0830563
9.74068 0.0842073
9.74604 0.0855257
9.7496 0.0830358
9.75364 0.0830421
9.75761 0.0829857
9.76175 0.0830849
9.76572 0.0830245
9.76972 0.0829958
9.77517 0.0844105
9.77921 0.0792014
9.78049 0.0845159
9.78427 0.0842626
9.7885 0.0844571
9.78863 0.0845855
9.79145 0.0833736
9.79158 0.083502
9.79846 0.0863518
9.80115 0.0829947
9.80525 0.0830633
9.80922 0.0829989
9.81329 0.0830364
9.81733 0.0830387
9.82213 0.0838085
9.82566 0.0833008
9.82938 0.0829847
9.82951 0.0831131
9.83543 0.0850073
9.83957 0.0830936
9.84354 0.0830343
9.84787 0.0833251
9.85156 0.0829803
9.85592 0.0833061
9.85961 0.0829613
9.864 0.0833178
9.86803 0.0833196
9.87271 0.083964
9.87733 0.0825328
9.87899 0.078987
9.88117 0.0831834
9.88707 0.0850441
9.89117 0.083093
9.8913 0.0832213
9.8952 0.0830964
9.8993 0.083162
9.90321 0.083036
9.90725 0.0830423
9.91154 0.0833015
9.91558 0.0833078
9.91936 0.0830524
9.92539 0.0850443
9.92936 0.0829683
9.93378 0.0833529
9.93747 0.0830076
9.94202 0.0835245
9.94215 0.0836529
9.94605 0.0835269
9.94958 0.0830186
9.95362 0.083025
9.95758 0.0829567
9.96383 0.0851733
9.96781 0.0831002
9.97211 0.0833633
9.97698 0.0842056
9.97894 0.078931
9.98102 0.0830302
9.9857 0.0836726
9.98948 0.0834192
9.99377 0.0836754
9.99748 0.0833593

