% time_sec delay_sec
1.14029 0.0402775
1.14029 0.0402775
1.24027 0.0402501
1.34029 0.0402679
1.4388 0.342798
1.44031 0.0402946
1.54027 0.0402528
1.64029 0.0402706
1.74029 0.0402706
1.74095 0.34227
1.84027 0.0402509
1.94017 0.23948
1.94167 0.041634
1.94359 0.0455679
1.94772 0.0456707
2.04029 0.1342
2.04168 0.0416474
2.04359 0.0455662
2.04772 0.0456647
2.05163 0.0455449
2.0558 0.0456794
2.05972 0.0455631
2.06377 0.0455841
2.06779 0.0455696
2.07184 0.0455821
2.0779 0.0455966
2.08193 0.045591
2.08593 0.0455588
2.09003 0.0456274
2.094 0.0455636
2.09864 0.0461649
2.10217 0.0456606
2.10616 0.0456223
2.1102 0.0456276
2.11623 0.0476186
2.12023 0.045576
2.12434 0.0456451
2.1285 0.0457729
2.13234 0.0455847
2.13763 0.0468393
2.14198 0.0419429
2.14224 0.0462332
2.14589 0.0458544
2.14974 0.0456691
2.15406 0.0459559
2.15419 0.0460843
2.15771 0.0455761
2.16374 0.0475705
2.16798 0.0457541
2.1681 0.0458825
2.17204 0.0457876
2.17595 0.0456645
2.1806 0.0462753
2.18438 0.0460219
2.18451 0.0461503
2.18867 0.0462786
2.192 0.0455763
2.19639 0.0459304
2.2007 0.0462142
2.20618 0.04766
2.21019 0.045614
2.21419 0.0455858
2.21842 0.0457822
2.22269 0.0460107
2.22644 0.0457287
2.23054 0.0457978
2.23441 0.0456372
2.23454 0.0457656
2.24021 0.047398
2.24174 0.041707
2.2436 0.0455835
2.24796 0.0459053
2.25405 0.0479625
2.25777 0.045632
2.26178 0.0456068
2.26582 0.045616
2.26986 0.0456224
2.2739 0.0456242
2.27787 0.0455678
2.28249 0.0461475
2.28691 0.0465332
2.29005 0.0456408
2.29614 0.0456787
2.30049 0.0460017
2.30062 0.0461301
2.30466 0.0461364
2.30834 0.0457842
2.30847 0.0459126
2.31222 0.0456305
2.31626 0.0456369
2.32026 0.0456071
2.3244 0.0457073
2.32862 0.0458933
2.33432 0.0475658
2.3376 0.0447875
2.34166 0.0416268
2.34359 0.0475862
2.34772 0.0456696
2.34785 0.045798
2.35164 0.0455505
2.3559 0.0457791
2.35981 0.04566
2.36379 0.0455996
2.36782 0.0456015
2.37205 0.0457905
2.37593 0.0456363
2.38243 0.0481073
2.38608 0.0457087
2.38999 0.0455838
2.39428 0.0458439
2.39858 0.0461041
2.39871 0.0462325
2.4021 0.0455969
2.4062 0.045661
2.41021 0.0456317
2.41424 0.0456346
2.41437 0.045763
2.41866 0.0460216
2.42433 0.047659
2.42863 0.0459025
2.43234 0.0455858
2.43764 0.0468445
2.44174 0.0416987
2.44186 0.0458606
2.44584 0.0458008
2.44975 0.0456777
2.4541 0.0459996
2.4577 0.0455575
2.45782 0.0456859
2.46183 0.0456567
2.4658 0.0455918
2.47202 0.0477778
2.47593 0.045642
2.48058 0.0462528
2.48448 0.0461278
2.48461 0.0462562
2.48884 0.0464507
2.49205 0.045624
2.49628 0.0458185
2.50088 0.0463903
2.50479 0.0462642
2.5085 0.0459471
2.51427 0.0456605
2.51834 0.0456975
2.52263 0.0459571
2.5268 0.0460919
2.53033 0.0455846
2.53442 0.0456497
2.54054 0.0477345
2.54176 0.0417241
2.54369 0.0456667
2.54792 0.0458642
2.55167 0.0455816
2.55603 0.0459074
2.56174 0.0475823
2.56584 0.0456376
2.56991 0.045675
2.57389 0.0456186
2.57825 0.045944
2.58241 0.0460758
2.58651 0.0461419
2.58696 0.0465898
2.58998 0.045569
2.59427 0.0458292
2.59472 0.0462771
2.60045 0.0479772
2.60461 0.0460873
2.60836 0.0458052
2.60849 0.0459336
2.61214 0.0455543
2.61618 0.0455606
2.62022 0.0455659
2.62426 0.0455693
2.62855 0.0458255
2.6324 0.0456373
2.63752 0.0467285
2.64197 0.0419333
2.64236 0.046352
2.64601 0.0459732
2.65166 0.0475859
2.65592 0.0457977
2.6597 0.0455502
2.66381 0.0456222
2.66781 0.045593
2.67192 0.0456615
2.67205 0.0457899
2.67586 0.0455695
2.68069 0.0463709
2.6846 0.0462459
2.68999 0.047596
2.69479 0.04635
2.69911 0.0466413
2.70213 0.0456205
2.7061 0.0455607
2.71014 0.0455665
2.71424 0.0456356
2.71892 0.0462759
2.72353 0.0468517
2.72365 0.0469801
2.72696 0.0462472
2.73231 0.0455488
2.73503 0.0442396
2.74202 0.0419812
2.74215 0.0473215
2.74583 0.0457954
2.74596 0.0459238
2.74975 0.0456763
2.75398 0.0458737
2.7577 0.0455601
2.76176 0.045593
2.76587 0.0456605
2.7699 0.0456629
2.77387 0.0456025
2.78054 0.048233
2.78445 0.0460913
2.78848 0.0460947
2.79198 0.0455558
2.79621 0.0457504
2.80088 0.0463883
2.80469 0.046169
2.80851 0.0459491
2.81216 0.0455698
2.81261 0.0460177
2.81831 0.0476812
2.82266 0.0459902
2.82642 0.0457082
2.83039 0.0456489
2.83436 0.0455896
2.84061 0.0478062
2.8417 0.0416674
2.84369 0.0456722
2.84792 0.0458657
2.85164 0.045552
2.85209 0.0459999
2.85587 0.0457455
2.85981 0.0456575
2.86379 0.0456011
2.86991 0.0476928
2.87389 0.0456196
2.87828 0.0459761
2.88245 0.0461079
2.8861 0.0457261
2.88687 0.0464935
2.89001 0.0456011
2.895 0.0465625
2.89891 0.0464375
2.90218 0.0456736
2.90835 0.0478121
2.91214 0.0455444
2.91617 0.0455467
2.92024 0.0455837
2.92434 0.0456527
2.92854 0.0458117
2.93232 0.0455612
2.93757 0.0467808
2.94205 0.0420128
2.94244 0.0464315
2.94596 0.0459243
2.94965 0.0455755
2.95401 0.0459013
2.95971 0.0475762
2.96385 0.0456626
2.96808 0.045863
2.97212 0.0458693
2.97591 0.0456179
2.98071 0.0463842
2.98462 0.0462592
2.98474 0.0463876
2.98903 0.0466448
2.99198 0.0455613
2.99864 0.0481849
3.00217 0.0456609
3.00612 0.0455755
3.01019 0.0456124
3.01416 0.0455531
3.01842 0.0457806
3.02265 0.0459776
3.02278 0.046106
3.028 0.0472926
3.0305 0.0457612
3.03063 0.0458895
3.03441 0.0456357
3.04021 0.0453836
3.04175 0.0417095
3.04367 0.0456521
3.04977 0.0477122
3.054 0.0458929
3.05778 0.0456454
3.06186 0.0456857
3.06586 0.0456599
3.06984 0.0455996
3.07384 0.0455693
3.07791 0.0456052
3.08195 0.0456076
3.08797 0.0475956
3.09204 0.0456157
3.09605 0.0455905
3.10024 0.0457528
3.10037 0.0458812
3.10409 0.045567
3.10816 0.0456074
3.1122 0.0456053
3.11636 0.04574
3.1203 0.0456441
3.12139 0.046731
3.12635 0.0476637
3.13033 0.0455876
3.13443 0.0456567
3.1402 0.0473943
3.14174 0.0417034
3.1437 0.0456771
3.14793 0.0458746
3.15203 0.0459466
3.15588 0.0457584
3.15983 0.0456704
3.16383 0.0456416
3.16396 0.04577
3.16793 0.0457097
3.17206 0.0458093
3.17793 0.0476437
3.18245 0.0461093
3.18655 0.0461755
3.19001 0.0456026
3.19427 0.0458277
3.19856 0.0460879
3.20209 0.0455807
3.20222 0.0457091
3.20615 0.0456057
3.21025 0.0456777
3.21631 0.0477008
3.22025 0.045596
3.22436 0.0456651
3.22865 0.0459253
3.23234 0.0455776
3.23766 0.0468673
3.24202 0.0419783
3.24227 0.0462686
3.24586 0.0458236
3.24599 0.045952
3.24964 0.0455721
3.2541 0.0459913
3.25775 0.0456114
3.26185 0.0456795
3.2681 0.0478995
3.27214 0.0458851
3.27596 0.0456688
3.2807 0.0463768
3.28461 0.0462519
3.28884 0.0464464
3.29204 0.0456197
3.29627 0.0458142
3.30097 0.0464832
3.30613 0.0476065
3.31019 0.0456188
3.31417 0.0455594
3.3143 0.0456878
3.31865 0.0460092
3.32266 0.045981
3.32682 0.0461157
3.33035 0.0456085
3.33442 0.0456425
3.34063 0.047824
3.34172 0.0416852
3.34371 0.04569
3.34797 0.0459186
3.35208 0.0459906
3.35782 0.0476971
3.36186 0.0456862
3.36583 0.0456298
3.36987 0.0456362
3.37391 0.045638
3.37792 0.0456127
3.3824 0.046064
3.38695 0.0465781
3.39041 0.0460052
3.39605 0.047612
3.40047 0.0459838
3.40454 0.0460173
3.40832 0.0457624
3.41226 0.0456669
3.4163 0.0456733
3.42024 0.0455813
3.42434 0.0456504
3.42876 0.046031
3.43433 0.0475751
3.43757 0.0447617
3.44199 0.0419522
3.44237 0.0463709
3.44776 0.0477238
3.44789 0.0478522
3.45168 0.045588
3.45594 0.0458165
3.45972 0.045569
3.46379 0.045606
3.4678 0.0455807
3.47206 0.0458048
3.47594 0.0456506
3.48068 0.0463587
3.48081 0.046487
3.48594 0.0475803
3.48997 0.0455669
3.49427 0.0458271
3.49901 0.0465352
3.50215 0.0456428
3.50622 0.0456798
3.51058 0.0460051
3.51426 0.0456574
3.51439 0.0457858
3.51907 0.0464261
3.52432 0.0476472
3.52893 0.0462102
3.53233 0.0455746
3.53759 0.0468021
3.54201 0.0419758
3.54214 0.0461377
3.54227 0.0462661
3.54586 0.0458211
3.54599 0.0459495
3.54964 0.0455697
3.55409 0.0459888
3.55781 0.0456751
3.56179 0.0456148
3.56579 0.045589
3.5699 0.0456575
3.57586 0.0475858
3.5806 0.0462771
3.58451 0.0461521
3.58464 0.0462805
3.58893 0.0465377
3.59204 0.0456137
3.59626 0.0458083
3.59639 0.0459367
3.60071 0.046224
3.60497 0.0464486
3.6085 0.0459408
3.61427 0.047675
3.6183 0.0456601
3.62266 0.0459859
3.62644 0.045735
3.63042 0.0456757
3.63442 0.0456474
3.64019 0.0473851
3.64173 0.0416941
3.64359 0.0455706
3.64795 0.0458964
3.65206 0.0459684
3.65603 0.0459086
3.65982 0.0456611
3.66584 0.0476555
3.66991 0.0456762
3.67389 0.0456198
3.6779 0.0455945
3.68242 0.0460769
3.68696 0.046591
3.68998 0.0455702
3.69471 0.0462743
3.69869 0.046215
3.70439 0.0478795
3.70839 0.0458335
3.71227 0.0456798
3.71631 0.0456862
3.72025 0.0455942
3.72439 0.0456944
3.72855 0.0458222
3.73236 0.0456029
3.73249 0.0457313
3.73758 0.0467874
3.74203 0.0419922
3.74241 0.0464109
3.74607 0.0460321
3.74966 0.04559
3.75594 0.0478383
3.75973 0.045574
3.76383 0.045646
3.76794 0.045718
3.76807 0.0458464
3.77204 0.0457866
3.77217 0.0459149
3.77598 0.0456946
3.78069 0.0463676
3.7846 0.0462426
3.78883 0.0464371
3.78895 0.0465655
3.79466 0.0482351
3.79898 0.0465056
3.79911 0.046634
3.80212 0.0456132
3.80225 0.0457416
3.80612 0.0455845
3.8102 0.0456214
3.81426 0.0456554
3.81856 0.0459141
3.82291 0.0462359
3.8274 0.0466902
3.8324 0.047658
3.83509 0.0443009
3.84061 0.0457823
3.8417 0.0416602
3.84587 0.0478453
3.84968 0.0456121
3.85404 0.045938
3.85776 0.0456243
3.86186 0.0456883
3.8659 0.0456936
3.8699 0.0456649
3.87388 0.0456046
3.8783 0.0459961
3.88445 0.0481135
3.88804 0.0456523
3.88849 0.0461002
3.89198 0.0455613
3.89621 0.0457558
3.90063 0.046137
3.90499 0.0464628
3.90857 0.0460133
3.91219 0.0456029
3.9163 0.045672
3.92301 0.0483533
3.92644 0.0457315
3.93041 0.0456721
3.93442 0.0456439
3.94058 0.0477672
3.94179 0.0417568
3.94359 0.0455671
3.94794 0.0458889
3.95205 0.045961
3.95586 0.0457416
3.95981 0.0456536
3.96378 0.0455933
3.96795 0.0457275
3.97391 0.0476597
3.97792 0.0456176
3.98241 0.0460689
3.98254 0.0461973
3.98651 0.0461351
3.98997 0.0455622
3.99471 0.0462703
3.99856 0.0460826
4.00214 0.0456376
4.00627 0.0457344
4.01217 0.0475969
4.0163 0.0456759
4.02025 0.0455878
4.02429 0.0455942
4.02851 0.0457842
4.02864 0.0459126
4.03242 0.0456622
4.03768 0.0468857
4.04203 0.0419933
4.04229 0.0462836
4.04562 0.0455853
4.04966 0.0455901
4.05399 0.0458808
4.05777 0.0456294
4.06395 0.0477833
4.06793 0.0457096
4.07188 0.0456216
4.07599 0.0456965
4.08034 0.0460184
4.08425 0.0458964
4.08867 0.0462849
4.0888 0.0464133
4.09201 0.0455861
4.09608 0.045619
4.10209 0.0476026
4.10616 0.0456217
4.1102 0.045627
4.1143 0.0456961
4.1184 0.0457636
4.12273 0.0460544
4.1269 0.0461891
4.13055 0.0458103
4.13452 0.045747
4.14054 0.0477339
4.14176 0.0417235
4.14365 0.045631
4.14788 0.0458245
4.15407 0.047979
4.15779 0.0456485
4.16176 0.0455921
4.16581 0.0456014
4.16988 0.0456389
4.17398 0.0457069
4.17795 0.0456465
4.18247 0.0461289
4.18702 0.046643
4.19201 0.0476073
4.19611 0.0456567
4.19624 0.0457851
4.20063 0.0461391
4.20454 0.0460171
4.20839 0.0458283
4.21226 0.0456707
4.2163 0.045677
4.22037 0.0457134
4.22435 0.0456541
4.23033 0.047607
4.23443 0.0456593
4.23758 0.0447694
4.24181 0.0417688
4.2436 0.0475998
4.2479 0.0458427
4.25168 0.0455952
4.25594 0.0458237
4.25986 0.0457046
4.26383 0.0456448
4.26793 0.0457128
4.27209 0.0458396
4.27594 0.0456543
4.28248 0.0481564
4.28645 0.0460774
4.29004 0.0456329
4.29484 0.0464037
4.29497 0.0465321
4.29856 0.0460876
4.30212 0.0456115
4.30612 0.0455783
4.31026 0.0456814
4.31439 0.0457816
4.32025 0.0476085
4.32435 0.0456608
4.32865 0.045921
4.33243 0.0456706
4.33756 0.0467657
4.34179 0.0417484
4.34191 0.0459103
4.34599 0.0459477
4.34977 0.0456963
4.35406 0.0459559
4.35784 0.0457045
4.36185 0.0456752
4.36582 0.0456143
4.37217 0.0479288
4.37595 0.0456645
4.3806 0.0462753
4.38073 0.0464037
4.38463 0.0462787
4.38873 0.0463448
4.38886 0.0464732
4.39207 0.0456465
4.39617 0.0457126
4.3963 0.045841
4.40084 0.0463466
4.40097 0.046475
4.40497 0.0464428
4.41019 0.0476352
4.41429 0.0456836
4.41865 0.0460089
4.42266 0.0459807
4.42638 0.0456675
4.42682 0.0461154
4.43035 0.0456082
4.43445 0.0456733
4.44057 0.0477581
4.44178 0.0417476
4.44361 0.045593
4.44797 0.0459188
4.45208 0.0459908
4.45592 0.0458026
4.46176 0.0476059
4.46587 0.0456606
4.46991 0.045667
4.47391 0.0456417
4.47795 0.0456475
4.48244 0.0460988
4.48654 0.046165
4.48699 0.0466128
4.49 0.0455921
4.49474 0.0463002
4.50051 0.0480319
4.50454 0.0460135
4.50838 0.0458248
4.51261 0.0460217
4.51627 0.0456424
4.52024 0.0455855
4.52435 0.0456546
4.52857 0.0458446
4.53254 0.0457848
4.53768 0.0468839
4.54203 0.0419914
4.54241 0.0464102
4.54607 0.0460313
4.5521 0.0480257
4.55597 0.0458518
4.55976 0.0456043
4.56393 0.0457391
4.56781 0.0455854
4.56794 0.0457138
4.57216 0.0459068
4.57595 0.0456593
4.58078 0.0464607
4.58469 0.0463357
4.59043 0.0480363
4.59433 0.0458946
4.59911 0.0466338
4.60212 0.045613
4.60612 0.0455843
4.61016 0.0455901
4.61427 0.0456592
4.61894 0.0462995
4.62368 0.0470076
4.62881 0.0481009
4.63243 0.0456702
4.63506 0.0442637
4.64204 0.0420053
4.64217 0.0473455
4.64599 0.0459478
4.64611 0.0460762
4.64974 0.0456653
4.65397 0.0458627
4.6541 0.0459911
4.65785 0.0457085
4.66182 0.0456482
4.66579 0.0455873
4.66992 0.045683
4.67389 0.0456226
4.68056 0.0482531
4.68447 0.0461114
4.6885 0.0461148
4.69213 0.0457043
4.69623 0.0457705
4.70093 0.0464395
4.70474 0.0462202
4.70849 0.0459341
4.71262 0.0460338
4.71852 0.0478929
4.72281 0.0461363
4.72647 0.045757
4.73044 0.0456977
4.73444 0.0456694
4.74066 0.047855
4.74175 0.0417161
4.74361 0.0455926
4.74794 0.0458834
4.75172 0.0456359
4.75589 0.0457671
4.75983 0.0456791
4.76381 0.0456188
4.76993 0.0477105
4.77391 0.0456373
4.77798 0.0456742
4.78246 0.0461255
4.78644 0.0460633
4.79003 0.0456188
4.79473 0.0462918
4.79858 0.0461041
4.79871 0.0462325
4.80217 0.0456591
4.80837 0.0478327
4.81228 0.0456934
4.81632 0.0456957
4.82036 0.0457016
4.82433 0.0456393
4.82891 0.0461839
4.83244 0.0456767
4.83759 0.046799
4.84204 0.0420038
4.84243 0.0464225
4.84601 0.0459775
4.8497 0.0456288
4.85409 0.0459857
4.85986 0.0477268
4.8641 0.045907
4.86807 0.0458506
4.87211 0.045857
4.87593 0.0456406
4.8808 0.0464731
4.8847 0.0463481
4.8888 0.0464142
4.88893 0.0465426
4.89201 0.0455875
4.89867 0.048215
4.9022 0.0456911
4.90614 0.0456001
4.91021 0.045637
4.91419 0.0455777
4.91845 0.0458053
4.92274 0.0460649
4.92735 0.0466436
4.93056 0.0458169
4.93514 0.0463644
4.94065 0.045825
4.94174 0.041703
4.94363 0.0456105
4.94966 0.0476015
4.95401 0.0459105
4.9578 0.045663
4.96178 0.0456067
4.96591 0.0457098
4.96988 0.045646
4.97386 0.0455856
4.97793 0.0456225
4.98257 0.0462333
4.9884 0.0480283
4.99212 0.0456984
4.99622 0.0457645
5.00064 0.0461497
5.00456 0.0460334
5.00847 0.0459108
5.01222 0.0456248
5.01638 0.0457595
5.02045 0.0457919
5.02647 0.0477794
5.03044 0.0457033
5.03442 0.045644
5.04026 0.0474478
5.04179 0.0417569
5.04362 0.0456022
5.04776 0.0457014
5.0517 0.0456134
5.05593 0.0458069
5.05987 0.0457144
5.06384 0.0456545
5.06397 0.0457829
5.06792 0.0456949
5.07189 0.045634
5.07795 0.047662
5.08199 0.0456515
5.086 0.0456233
5.09013 0.0457235
5.09407 0.0456286
5.09881 0.0463356
5.10211 0.0456017
5.10617 0.0456296
5.11021 0.0456389
5.11627 0.047661
5.12031 0.0456495
5.12434 0.0456529
5.12864 0.0459131
5.13245 0.0456938
5.13771 0.0469173
5.14181 0.0417716
5.14194 0.0459335
5.14601 0.0459709
5.14979 0.0457195
5.15405 0.045948
5.15777 0.0456343
5.16187 0.0457024
5.16803 0.0478252
5.17216 0.0459081
5.17598 0.0456917
5.18062 0.0463025
5.18075 0.0464309
5.18466 0.0463059
5.18889 0.0465004
5.19206 0.0456386
5.19629 0.0458331
5.20099 0.0464982
5.20618 0.0476521
5.21024 0.0456643
5.21456 0.0459556
5.21841 0.0457669
5.2226 0.0459292
5.2269 0.0461924
5.23043 0.0456851
5.23446 0.045688
5.24058 0.0477683
5.2418 0.0417579
5.24362 0.0456032
5.24788 0.0458278
5.2517 0.0456114
5.25785 0.0477308
5.26189 0.0457198
5.26587 0.0456634
5.26984 0.0456036
5.27398 0.0457067
5.27801 0.0457086
5.28237 0.0460315
5.2825 0.0461599
5.28705 0.0466739
5.29006 0.0456531
5.29608 0.0476422
5.29621 0.0477706
5.3005 0.046014
5.30454 0.0460164
5.30832 0.0457614
5.30845 0.0458898
5.31226 0.045666
5.31633 0.0457034
5.32033 0.0456742
5.32437 0.0456776
5.32907 0.0463427
5.33438 0.047626
5.33769 0.0448788
5.34204 0.0420065
5.34243 0.0464252
5.34775 0.047712
5.34788 0.0478404
5.35169 0.0456073
5.35596 0.0458358
5.35987 0.0457167
5.36381 0.0456258
5.36792 0.0456978
5.37215 0.0458907
5.37593 0.0456432
5.3808 0.0464797
5.38641 0.048052
5.39044 0.0460386
5.39429 0.0458509
5.39903 0.046555
5.40217 0.0456626
5.40656 0.0460151
5.41024 0.0456703
5.4147 0.04609
5.41899 0.0463531
5.42435 0.0476715
5.42864 0.045915
5.43242 0.0456645
5.43768 0.0468881
5.44204 0.0419991
5.44216 0.046161
5.44229 0.0462894
5.44588 0.0458444
5.44601 0.0459728
5.44979 0.0457213
5.45409 0.045981
5.45774 0.0456011
5.46184 0.0456691
5.46584 0.0456399
5.46992 0.0456773
5.47594 0.0476717
5.48056 0.0462347
5.48459 0.0462381
5.48882 0.0464326
5.49206 0.045637
5.49629 0.0458315
5.5008 0.04631
5.50468 0.0461528
5.50852 0.0459641
5.51422 0.0476321
5.51867 0.0460339
5.52284 0.0461657
5.5264 0.0456891
5.53037 0.0456298
5.53447 0.0456989
5.54056 0.047756
5.54178 0.0417456
5.54374 0.0457153
5.54797 0.0459128
5.55207 0.0459848
5.55595 0.0458277
5.55983 0.0456735
5.56592 0.0477335
5.56996 0.0457231
5.57394 0.0456667
5.57798 0.0456726
5.58246 0.0461239
5.58701 0.0466379
5.59002 0.0456171
5.59473 0.0462901
5.59858 0.0461024
5.5987 0.0462308
5.60444 0.0479304
5.60841 0.0458493
5.61222 0.0456295
5.61635 0.0457291
5.62033 0.0456688
5.62436 0.0456722
5.62859 0.0458622
5.6325 0.0457402
5.63769 0.0468975
5.64182 0.0417829
5.64208 0.0460732
5.64602 0.0459822
5.64971 0.0456375
5.65599 0.0478857
5.65987 0.0457148
5.66407 0.0458806
5.66792 0.0456958
5.66805 0.0458242
5.67215 0.0458928
5.67593 0.0456453
5.68067 0.0463494
5.6808 0.0464778
5.68471 0.0463528
5.689 0.04661
5.68913 0.0467384
5.6947 0.0482796
5.69903 0.0465541
5.69916 0.0466825
5.70217 0.0456617
5.70621 0.0456676
5.71018 0.0456032
5.71456 0.0459567
5.71879 0.0461537
5.72309 0.0464139
5.72745 0.0467397
5.73248 0.0477386
5.73508 0.0442843
5.74059 0.0457656
5.74181 0.041772
5.74591 0.0478908
5.74973 0.0456577
5.75409 0.0459835
5.75778 0.0456387
5.76188 0.0457107
5.76592 0.0457166
5.76986 0.0456216
5.7739 0.0456275
5.77801 0.0456995
5.78448 0.0481364
5.78838 0.0459947
5.79214 0.0457126
5.79611 0.0456504
5.79624 0.0457788
5.80055 0.0460626
5.80494 0.0464196
5.80847 0.0459118
5.81263 0.0460426
5.81635 0.0457294
5.82269 0.0480364
5.82647 0.0457647
5.83045 0.0457054
5.83445 0.0456772
5.84067 0.0478593
5.84176 0.0417205
5.84375 0.0457253
5.84797 0.0459188
5.85169 0.0456051
5.85592 0.0457986
5.85977 0.0456133
5.86387 0.0456818
5.86797 0.0457499
5.87397 0.0477132
5.87801 0.0457022
5.88249 0.0461535
5.88646 0.0460913
5.88691 0.0465392
5.89005 0.0456468
5.89499 0.046546
5.89857 0.0461015
5.90223 0.0457227
5.90619 0.0456504
5.91263 0.0480581
5.91632 0.0456937
5.92036 0.0457029
5.92433 0.0456407
5.92446 0.0457691
5.92846 0.0457374
5.92859 0.0458658
5.93237 0.0456154
5.93769 0.0469011
5.94182 0.0417865
5.94195 0.0459484
5.94599 0.0459547
5.94968 0.0456099
5.9541 0.045998
5.95776 0.0456221
5.96398 0.0478076
5.96802 0.0457967
5.97222 0.0459625
5.976 0.045715
5.98074 0.0464191
5.98465 0.0462942
5.98888 0.0464887
5.99208 0.045658
5.99631 0.0458525
6.0022 0.0477087
6.00617 0.0456334
6.01028 0.0457015
6.01425 0.0456421
6.01832 0.0456791
6.01845 0.0458075
6.02281 0.0461328
6.02685 0.0461391
6.02698 0.0462675
6.0305 0.0457603
6.0345 0.0457281
6.04059 0.0477813
6.04181 0.0417708
6.04367 0.0456473
6.04771 0.0456531
6.05399 0.0479008
6.05784 0.0456988
6.06191 0.0457392
6.06589 0.0456828
6.06993 0.0456886
6.074 0.0457245
6.07793 0.045628
6.082 0.045662
6.08604 0.0456649
6.09216 0.0477497
6.09613 0.0456726
6.10036 0.0458666
6.10424 0.0457119
6.10827 0.0457132
6.11231 0.045715
6.11628 0.0456587
6.12035 0.0456956
6.12439 0.045699
6.13047 0.0477453
6.13451 0.0457314
6.13762 0.0448103
6.14204 0.0420008
6.14374 0.0477345
6.148 0.0459423
6.15213 0.0460455
6.15585 0.0457288
6.15983 0.0456719
6.16383 0.0456432
6.16793 0.0457112
6.17213 0.0458731
6.17595 0.0456567
6.18238 0.0480615
6.18251 0.0481899
6.18648 0.0461109
6.19039 0.0459859
6.19488 0.0464372
6.19501 0.0465656
6.19859 0.0461211
6.20225 0.0457423
6.2066 0.0460557
6.21025 0.0456798
6.21448 0.0458773
6.22028 0.047642
6.22439 0.0456943
6.22896 0.0462389
6.23249 0.0457317
6.23759 0.0467958
6.24182 0.0417784
6.24194 0.0459403
6.24592 0.0458805
6.24605 0.0460089
6.2498 0.0457263
6.25409 0.045986
6.25778 0.0456412
6.26188 0.0457092
6.26585 0.0456489
6.2722 0.0479593
6.27602 0.0457262
6.28063 0.0463059
6.28454 0.0461809
6.28876 0.0463754
6.28889 0.0465038
6.2921 0.0456771
6.2962 0.0457432
6.29633 0.0458716
6.30084 0.0463461
6.30096 0.0464744
6.30468 0.0461539
6.31064 0.0480781
6.31432 0.0457136
6.31839 0.0457466
6.32297 0.0462946
6.32643 0.0457247
6.32688 0.0461726
6.33041 0.0456654
6.33447 0.0456994
6.34066 0.0478464
6.34174 0.0417075
6.34367 0.0456502
6.3479 0.0458476
6.35214 0.046048
6.35595 0.0458287
6.36192 0.0477604
6.36589 0.0456872
6.36987 0.0456274
6.37397 0.0456994
6.37804 0.0457363
6.38249 0.0461531
6.38691 0.0465387
6.39037 0.0459658
6.39499 0.0465455
6.4004 0.0479267
6.40053 0.048055
6.40456 0.0460407
6.40841 0.0458519
6.40854 0.0459803
6.41264 0.0460488
6.41629 0.04567
6.42036 0.045707
6.4244 0.0457104
6.42869 0.0459626
6.43247 0.0457122
6.4326 0.0458406
6.43772 0.0469317
6.44182 0.041786
6.44208 0.0460763
6.44612 0.0460826
6.45211 0.048042
6.45599 0.0458681
6.45978 0.0456206
6.46394 0.0457553
6.46792 0.0456989
6.47215 0.0458919
6.47593 0.0456444
6.48077 0.0464458
6.48468 0.0463208
6.49038 0.0479903
6.49429 0.0458486
6.49474 0.0462965
6.49915 0.0466811
6.50217 0.0456603
6.50655 0.0460128
6.51021 0.0456369
6.51431 0.045706
6.51893 0.0462841
6.52335 0.0466727
6.52854 0.0478316
6.53245 0.0456928
6.53514 0.0443525
6.54181 0.0417745
6.54194 0.0471148
6.54604 0.046005
6.54976 0.0456913
6.55399 0.0458888
6.55412 0.0460172
6.55787 0.0457346
6.56185 0.0456743
6.56595 0.0457423
6.56998 0.0457407
6.57392 0.0456492
6.58059 0.0482797
6.58449 0.046138
6.58872 0.0463325
6.59209 0.0456653
6.59619 0.0457314
6.60082 0.0463343
6.60095 0.0464626
6.60495 0.0464305
6.60854 0.0459849
6.61264 0.0460535
6.61837 0.0477486
6.62286 0.0461826
6.62648 0.0457722
6.62693 0.0462201
6.63045 0.0457128
6.63449 0.0457157
6.64058 0.0477729
6.6418 0.0417624
6.64376 0.0457362
6.64798 0.0459257
6.65177 0.0456782
6.65593 0.0458095
6.65984 0.0456864
6.66401 0.0458171
6.66987 0.047652
6.67394 0.0456722
6.67801 0.0457091
6.6825 0.0461604
6.68647 0.0460982
6.69038 0.0459732
6.69493 0.0464867
6.69864 0.0461706
6.70217 0.0456634
6.70841 0.0478681
6.71264 0.0460483
6.71629 0.0456695
6.7204 0.0457415
6.72437 0.0456821
6.72882 0.0460944
6.73247 0.0457156
6.7376 0.0468068
6.74183 0.0417894
6.74208 0.0460797
6.74606 0.0460199
6.74971 0.04564
6.754 0.0458997
6.75978 0.0476407
6.76401 0.0458209
6.76805 0.0458267
6.77225 0.0459926
6.77597 0.0456789
6.78077 0.0464452
6.78468 0.0463202
6.7889 0.0465148
6.79211 0.045688
6.79903 0.0485689
6.80217 0.0456598
6.80656 0.0460162
6.81024 0.0456674
6.81434 0.0457365
6.8188 0.0461552
6.82296 0.046287
6.827 0.0462933
6.82745 0.0467412
6.83066 0.0459145
6.83517 0.0463998
6.84062 0.0457987
6.84184 0.0418051
6.84367 0.0456504
6.84979 0.0477386
6.85402 0.0459193
6.85781 0.0456679
6.86191 0.0457399
6.86589 0.0456835
6.86989 0.0456508
6.87389 0.0456215
6.87793 0.0456234
6.88248 0.0461374
6.8826 0.0462658
6.88875 0.0483803
6.89209 0.0456652
6.89619 0.0457314
6.90054 0.0460543
6.90458 0.0460606
6.90843 0.0458758
6.90856 0.0460042
6.91263 0.0460417
6.91642 0.0457912
6.92045 0.0457926
6.92647 0.0477806
6.93048 0.0457356
6.93448 0.0457074
6.94028 0.0474761
6.94182 0.0417852
6.94375 0.0457278
6.94798 0.0459213
6.95214 0.0460555
6.95592 0.0458011
6.9598 0.0456469
6.96397 0.0457777
6.96797 0.0457524
6.97214 0.0458832
6.97804 0.0477526
6.98253 0.0461872
6.9865 0.0461249
6.98695 0.0465728
6.99041 0.0459999
6.99428 0.0458433
6.99473 0.0462912
6.99858 0.0461035
7.00223 0.0457247
7.00652 0.0459824
7.01024 0.0456687
7.01626 0.0476562
7.02033 0.0456758
7.0244 0.0457133
7.02895 0.0462228
7.03247 0.0457156
7.03773 0.0469391
7.04183 0.0417934
7.04196 0.0459553
7.04209 0.0460837
7.04574 0.0457043
7.04982 0.0457442
7.05408 0.0459728
7.05421 0.0461012
7.05783 0.0456902
7.0619 0.0457306
7.06806 0.0478539
7.07197 0.045714
7.07598 0.0456917
7.08034 0.0460136
7.08421 0.0458565
7.08434 0.0459848
7.0887 0.0463072
7.09216 0.0457368
7.09613 0.0456724
7.10054 0.0460531
7.1066 0.0480736
7.11025 0.0456764
7.11435 0.0457455
7.11832 0.0456806
7.11845 0.045809
7.12284 0.0461625
7.12297 0.0462909
7.12688 0.0461689
7.1304 0.0456617
7.1345 0.0457268
7.14065 0.0478426
7.14206 0.0420233
7.14373 0.0457092
7.14799 0.0459377
7.15213 0.0460408
7.15786 0.0477434
7.16194 0.0457636
7.16591 0.0457032
7.16988 0.0456434
7.17001 0.0457718
7.17395 0.0456803
7.17799 0.0456861
7.18248 0.0461374
7.1826 0.0462658
7.18702 0.0466515
7.19036 0.0459502
7.19619 0.0477481
7.20054 0.0460543
7.20474 0.0462161
7.2083 0.0457395
7.20843 0.0458679
7.21223 0.0456441
7.21634 0.0457126
7.22037 0.0457145
7.22441 0.0457179
7.22889 0.0461607
7.23453 0.047767
7.23767 0.0448603
7.24209 0.0420508
7.24247 0.0464695
7.24789 0.0478536
7.24802 0.047982
7.25216 0.0460683
7.256 0.0458801
7.25995 0.0457921
7.26395 0.0457633
7.26796 0.0457341
7.27218 0.0459271
7.27597 0.0456796
7.28077 0.0464499
7.28603 0.0476715
7.29038 0.0459776
7.295 0.0465573
7.29897 0.0464946
7.2991 0.046623
7.30224 0.0457306
7.30653 0.0459863
7.31025 0.0456726
7.31448 0.0458701
7.31909 0.0464482
7.32444 0.0477666
7.32867 0.0459438
7.33245 0.0456934
7.33774 0.0469481
7.34184 0.0418023
7.34197 0.0459642
7.3421 0.0460926
7.34617 0.0461301
7.34982 0.0457502
7.35405 0.0459477
7.35418 0.046076
7.35789 0.0457544
7.3619 0.0457291
7.36587 0.0456688
7.36994 0.0457023
7.376 0.0477238
7.38074 0.0464151
7.38452 0.0461617
7.38878 0.0463874
7.38891 0.0465158
7.39211 0.045689
7.39621 0.0457552
7.39634 0.0458836
7.40085 0.046358
7.40469 0.0461658
7.40853 0.0459771
7.41436 0.0477735
7.4184 0.0457585
7.42285 0.0461782
7.42298 0.0463066
7.42689 0.0461806
7.43041 0.0456734
7.43452 0.0457424
7.44074 0.047928
7.44183 0.0417891
7.44378 0.0457589
7.44801 0.0459563
7.45215 0.0460595
7.45599 0.0458712
7.45984 0.0456859
7.46593 0.0477426
7.47 0.0457632
7.47397 0.0457029
7.47798 0.0456776
7.48247 0.0461289
7.4826 0.0462573
7.48702 0.0466429
7.49035 0.0459417
7.49496 0.0465174
7.49509 0.0466458
7.49867 0.0462013
7.4988 0.0463297
7.50447 0.0479671
7.50831 0.0457576
7.51264 0.0460518
7.51629 0.0456685
7.52036 0.0457054
7.5244 0.0457089
7.5285 0.0457705
7.53254 0.0457768
7.53772 0.0469302
7.54182 0.0417845
7.54208 0.0460748
7.54618 0.0461433
7.54974 0.0456702
7.55602 0.0479184
7.5598 0.0456502
7.55993 0.0457785
7.56403 0.0458431
7.56807 0.045849
7.57227 0.0460148
7.57595 0.045666
7.58076 0.0464363
7.58467 0.0463113
7.5889 0.0465059
7.59431 0.047887
7.59918 0.0467027
7.60219 0.045682
7.60658 0.0460384
7.61029 0.0457208
7.61459 0.0459809
7.61853 0.0458895
7.62308 0.0464065
7.62321 0.0465348
7.62744 0.0467323
7.6325 0.0477623
7.63513 0.0443391
7.64061 0.0457859
7.64183 0.0417922
7.64593 0.0479111
7.64606 0.0480395
7.64978 0.045709
7.65414 0.0460349
7.65783 0.0456901
7.65796 0.0458185
7.66187 0.0456959
7.66594 0.0457328
7.66991 0.045669
7.67394 0.0456709
7.67798 0.0456767
7.68461 0.0482731
7.68871 0.0463225
7.69218 0.0457526
7.69615 0.0456903
7.69628 0.0458187
7.70059 0.0461026
7.70495 0.0464284
7.70851 0.0459518
7.71264 0.0460515
7.71633 0.0457037
7.72273 0.0480729
7.72648 0.0457701
7.73045 0.0457108
7.73449 0.0457137
7.74029 0.0474824
7.74074 0.0479303
7.74183 0.0417915
7.74378 0.0457613
7.74801 0.0459547
7.75173 0.0456411
7.75596 0.0458346
7.75984 0.0456804
7.75996 0.0458088
7.76387 0.0456867
7.764 0.0458151
7.76798 0.0457587
7.77398 0.047722
7.77802 0.0457111
7.78253 0.0461935
7.78695 0.0465791
7.79041 0.0460062
7.79493 0.0464887
7.79865 0.0461726
7.80217 0.0456653
7.80652 0.0459788
7.81264 0.048067
7.81636 0.0457336
7.8204 0.0457394
7.8244 0.0457112
7.8285 0.0457729
7.82863 0.0459013
7.83241 0.0456508
7.83773 0.0469366
7.84183 0.0417908
7.84196 0.0459527
7.84208 0.0460811
7.846 0.0459591
7.84612 0.0460875
7.84972 0.0456454
7.84984 0.0457738
7.85411 0.0460023
7.8578 0.0456576
7.86401 0.0478431
7.86805 0.0458321
7.86818 0.0459605
7.87222 0.0459629
7.87235 0.0460913
7.87604 0.0457465
7.88084 0.0465168
7.88475 0.0463918
7.88885 0.046458
7.89209 0.0456623
7.89631 0.0458569
7.90223 0.0477402
7.90623 0.0456941
7.91027 0.0457
7.91444 0.0458318
7.91457 0.0459602
7.91844 0.0458025
7.92296 0.0462844
7.9269 0.0461935
7.92735 0.0466414
7.93056 0.0458146
7.9345 0.0457202
7.93462 0.0458486
7.94064 0.0478361
7.94205 0.0420168
7.94372 0.0457026
7.94792 0.045865
7.95401 0.0459054
7.95786 0.0457201
7.96187 0.0456948
7.96199 0.0458232
7.96597 0.0457668
7.96988 0.0456408
7.97401 0.0457399
7.97799 0.0456796
7.9826 0.0462593
7.98702 0.0466449
7.99217 0.0477688
7.99615 0.0456898
8.00069 0.0462033
8.00451 0.045986
8.00849 0.0459296
8.01233 0.0457409
8.01637 0.0457472
8.02038 0.045718
8.02438 0.0456898
8.03049 0.0477671
8.03453 0.0457532
8.03767 0.0448593
8.04183 0.041796
8.04379 0.0477864
8.04776 0.0457093
8.05212 0.0460341
8.0559 0.0457837
8.05603 0.0459121
8.05985 0.0456912
8.05997 0.0458196
8.06385 0.0456625
8.06398 0.0457909
8.06795 0.0457305
8.07193 0.0456736
8.07597 0.0456784
8.08244 0.0481167
8.08612 0.0457522
8.09019 0.0457862
8.0942 0.0457575
8.09887 0.0463984
8.10221 0.0456995
8.10652 0.0459808
8.11066 0.0460834
8.11447 0.045864
8.1204 0.0477567
8.1245 0.045806
8.12898 0.0462573
8.13251 0.0457501
8.13773 0.0469426
8.14215 0.0421163
8.14241 0.0464066
8.14607 0.0460278
8.14619 0.0461562
8.14984 0.0457723
8.15423 0.0461253
8.15795 0.0458116
8.16193 0.0457553
8.16593 0.04573
8.17225 0.0459926
8.17616 0.0458735
8.1809 0.0465815
8.18468 0.0463282
8.18878 0.0463943
8.19212 0.045696
8.19622 0.0457621
8.20089 0.0463961
8.20101 0.0465245
8.20473 0.0462039
8.2103 0.0477464
8.2146 0.0459898
8.21841 0.04577
8.22286 0.0461896
8.22694 0.0462271
8.23046 0.0457199
8.23453 0.0457539
8.24074 0.047932
8.24183 0.0417931
8.24379 0.0457669
8.24795 0.0458981
8.24808 0.0460265
8.25218 0.0460946
8.25786 0.0477349
8.26196 0.0457862
8.26606 0.0458542
8.27003 0.0457944
8.27401 0.045734
8.27413 0.0458624
8.27801 0.0457087
8.28263 0.0462884
8.28705 0.0466741
8.29038 0.0459728
8.29499 0.0465525
8.30057 0.0480931
8.30463 0.0461098
8.30845 0.04589
8.31226 0.0456701
8.31633 0.0457076
8.32037 0.0457094
8.3244 0.0457129
8.32891 0.0461868
8.33257 0.045808
8.33766 0.046872
8.33779 0.0470004
8.34208 0.0420458
8.34247 0.0464645
8.34789 0.0478485
8.34801 0.0479769
8.35212 0.0460322
8.35603 0.0459101
8.35616 0.0460385
8.35998 0.0458221
8.36395 0.0457623
8.36408 0.0458907
8.36792 0.0457019
8.36805 0.0458303
8.37217 0.0459181
8.37596 0.0456666
8.37608 0.045795
8.38089 0.0465653
8.38467 0.0463119
8.39037 0.0459647
8.39486 0.046416
8.39886 0.0463878
8.40226 0.0457522
8.40655 0.0460079
8.41027 0.0456942
8.4145 0.0458916
8.41898 0.0463414
8.41911 0.0464698
8.42328 0.0466016
8.42847 0.0477605
8.4286 0.0478889
8.43254 0.0457812
8.43773 0.0469425
8.44215 0.0421162
8.44228 0.0462782
8.44241 0.0464066
8.44619 0.0461522
8.44984 0.0457723
8.45414 0.046032
8.45791 0.0457725
8.46188 0.0457082
8.46588 0.045679
8.46601 0.0458073
8.46995 0.0457164
8.47595 0.0476757
8.47608 0.0478041
8.48069 0.046367
8.48447 0.0461137
8.4846 0.0462421
8.48889 0.0464993
8.4921 0.0456726
8.4962 0.0457387
8.49632 0.0458671
8.50086 0.0463727
8.50467 0.0461494
8.50855 0.0459917
8.51268 0.0460914
8.51842 0.0477945
8.523 0.0463258
8.52649 0.045783
8.52694 0.0462309
8.53047 0.0457236
8.5345 0.0457265
8.54069 0.0478775
8.54081 0.0480059
8.54178 0.0417387
8.5438 0.0457746
8.54803 0.0459721
8.55213 0.0460441
8.55601 0.0458869
8.55614 0.0460153
8.55983 0.0456705
8.56592 0.0477311
8.57002 0.0457829
8.57413 0.0458549
8.57814 0.0458296
8.58262 0.046281
8.58659 0.0462187
8.59037 0.0459653
8.59495 0.0465099
8.59508 0.0466383
8.59867 0.0461938
8.5988 0.0463222
8.60219 0.0456866
8.60834 0.0457813
8.61267 0.0460755
8.61632 0.0456922
8.62039 0.0457291
8.62442 0.0457325
8.62865 0.0459225
8.63256 0.0458005
8.63775 0.0469539
8.64185 0.0418081
8.6421 0.0460984
8.64617 0.0461359
8.64976 0.0456938
8.65602 0.047911
8.65983 0.0456738
8.65996 0.0458022
8.66416 0.045968
8.6681 0.0458766
8.67229 0.0460384
8.67595 0.0456586
8.67608 0.045787
8.68088 0.0465573
8.68466 0.0463039
8.68889 0.0464984
8.68902 0.0466268
8.69433 0.0479107
8.69478 0.0483586
8.6992 0.0467264
8.70221 0.0457056
8.70663 0.0460932
8.71029 0.0457133
8.71458 0.0459735
8.71852 0.045882
8.7231 0.0464301
8.72323 0.0465585
8.72746 0.046756
8.73054 0.0458008
8.73516 0.0463835
8.74067 0.0458446
8.74208 0.0420421
8.74608 0.0480636
8.74993 0.0458616
8.75416 0.046059
8.75795 0.0458115
8.76189 0.0457201
8.76589 0.0456869
8.76602 0.0458152
8.76993 0.0456892
8.77006 0.0458176
8.774 0.0457262
8.77798 0.0456698
8.78464 0.0482978
8.78874 0.0463472
8.79315 0.0467318
8.79617 0.045711
8.80065 0.0461623
8.80472 0.0461998
8.80854 0.0459799
8.81232 0.045729
8.81636 0.0457353
8.82046 0.0458028
8.82648 0.0457746
8.83046 0.0457153
8.83452 0.0457493
8.84081 0.0479975
8.84209 0.0420498
8.84376 0.0457357
8.84388 0.0458641
8.84802 0.0459642
8.85212 0.0460362
8.85597 0.045844
8.85984 0.0456898
8.85997 0.0458182
8.86398 0.0457895
8.86795 0.0457331
8.87401 0.0477586
8.87799 0.0456855
8.87812 0.0458139
8.88254 0.0461995
8.88696 0.0465852
8.89029 0.0458839
8.89042 0.0460123
8.89493 0.0464947
8.89865 0.0461786
8.90218 0.0456714
8.90656 0.0460159
8.91268 0.0481041
8.91636 0.0457396
8.9204 0.0457455
8.92441 0.0457172
8.9285 0.0457789
8.92863 0.0459073
8.93245 0.045688
8.93773 0.0469426
8.94215 0.0421163
8.94241 0.0464067
8.94607 0.0460278
8.94619 0.0461562
8.94985 0.0457764
8.95411 0.0460049
8.95783 0.0456912
8.96405 0.0478768
8.96821 0.0459902
8.97238 0.046121
8.97603 0.0457451
8.97616 0.0458735
8.98084 0.0465154
8.98475 0.0463904
8.98885 0.0464566
8.98897 0.0465849
8.99212 0.045692
8.99634 0.0458866
9.00226 0.0477699
9.00659 0.0460495
9.01031 0.0457318
9.01428 0.0456725
9.01841 0.0457717
9.0228 0.0461247
9.02697 0.0462594
9.03062 0.0458806
9.03453 0.0457551
9.04064 0.0478359
9.04077 0.0479643
9.04186 0.0418254
9.04382 0.0457992
9.04799 0.0459339
9.05414 0.0480532
9.05789 0.0457539
9.05802 0.0458823
9.0619 0.0457281
9.06203 0.0458565
9.06594 0.0457339
9.06607 0.0458623
9.06994 0.0457012
9.07401 0.0457371
9.07801 0.0457028
9.07814 0.0458312
9.08204 0.0457057
9.08615 0.0457748
9.09217 0.0477663
9.09618 0.0457242
9.10035 0.045856
9.10432 0.0457946
9.10829 0.0457337
9.11268 0.0460862
9.1164 0.045773
9.12037 0.0457127
9.12441 0.0457161
9.12872 0.0459994
9.13456 0.0457835
9.13773 0.0449247
9.14209 0.0420525
9.14376 0.0477551
9.14792 0.0458696
9.15216 0.04607
9.15594 0.0458195
9.15995 0.0457937
9.16398 0.0457961
9.16796 0.0457358
9.17222 0.0459598
9.176 0.0457123
9.18254 0.0482149
9.18696 0.0465838
9.19042 0.0460109
9.19055 0.0461393
9.1949 0.0464622
9.19865 0.0461773
9.20221 0.0457011
9.20656 0.046019
9.21031 0.0457365
9.21448 0.0458677
9.22037 0.0477293
9.22441 0.0457159
9.22899 0.0462605
9.23251 0.0457533
9.23777 0.0469769
9.24187 0.0418311
9.24213 0.0461214
9.24623 0.04619
9.24978 0.0457088
9.2542 0.0460969
9.25795 0.0458143
9.26193 0.0457579
9.26594 0.0457327
9.27229 0.0480471
9.27607 0.0457788
9.28087 0.0465491
9.28465 0.0462958
9.28478 0.0464242
9.28888 0.0464903
9.29317 0.0467505
9.29619 0.0457297
9.29631 0.0458581
9.30092 0.0464298
9.3046 0.0460781
9.31031 0.0477491
9.3146 0.0459925
9.31844 0.0458037
9.3229 0.0462234
9.32303 0.0463518
9.32652 0.045813
9.32697 0.0462609
9.33053 0.0457848
9.33453 0.0457526
9.34036 0.0475524
9.34209 0.0420526
9.34376 0.0457384
9.34799 0.0459359
9.35219 0.0461012
9.356 0.0458819
9.35613 0.0460103
9.36187 0.0477163
9.362 0.0478447
9.36594 0.0457364
9.36607 0.0458648
9.37004 0.045805
9.37402 0.0457446
9.37802 0.0457194
9.38257 0.0462334
9.38635 0.04598
9.39042 0.0460145
9.39503 0.0465942
9.40045 0.0479754
9.40465 0.0461244
9.40846 0.0459046
9.41228 0.0456847
9.41635 0.0457222
9.42038 0.045724
9.42442 0.0457275
9.42864 0.0459175
9.42877 0.0460459
9.43258 0.0458265
9.43768 0.0468906
9.4421 0.0420643
9.44249 0.046483
9.44614 0.0461042
9.45214 0.0480675
9.45605 0.0459287
9.45618 0.0460571
9.45996 0.0458056
9.46406 0.0458742
9.46794 0.0457165
9.47223 0.0459717
9.47598 0.0456891
9.47611 0.0458175
9.48088 0.0465567
9.48101 0.0466851
9.48466 0.0463033
9.49036 0.0479729
9.49472 0.046279
9.49917 0.0466987
9.50231 0.0458063
9.50657 0.0460304
9.51032 0.0457478
9.51433 0.0457196
9.519 0.046356
9.52342 0.0467446
9.52848 0.0477751
9.53246 0.0456985
9.53515 0.0443582
9.54188 0.0418424
9.54201 0.0471827
9.54214 0.0473111
9.54621 0.0461702
9.5498 0.0457242
9.54992 0.0458526
9.55415 0.04605
9.55784 0.0457013
9.55797 0.0458296
9.56191 0.0457342
9.56594 0.0457361
9.57001 0.0457735
9.57405 0.0457793
9.58072 0.0484098
9.5845 0.0461397
9.58462 0.0462681
9.58891 0.0465253
9.59212 0.0456986
9.59622 0.0457647
9.60089 0.0463987
9.60102 0.0465271
9.6047 0.0461754
9.60861 0.0460489
9.61268 0.0460863
9.61844 0.0478205
9.6229 0.0462234
9.62694 0.0462297
9.63046 0.0457225
9.63453 0.0457565
9.64033 0.0475252
9.64078 0.0479731
9.64187 0.0418343
9.64373 0.0457068
9.64386 0.0458352
9.64795 0.0459003
9.65222 0.0461318
9.656 0.0458813
9.65995 0.0457933
9.66399 0.0457997
9.67005 0.0478252
9.67402 0.045752
9.67803 0.0457267
9.67816 0.0458551
9.68265 0.0463064
9.68649 0.0461158
9.68662 0.0462442
9.6904 0.0459908
9.69494 0.0465043
9.69866 0.0461882
9.70219 0.045681
9.70836 0.0478195
9.71269 0.046097
9.71634 0.0457182
9.72041 0.0457551
9.72439 0.0456958
9.72851 0.0457885
9.72864 0.0459169
9.73246 0.0456976
9.73767 0.0468821
9.7378 0.0470105
9.74209 0.0420558
9.74248 0.0464745
9.74261 0.0466029
9.74616 0.0461268
9.74985 0.045782
9.75408 0.0459795
9.75989 0.0477477
9.76418 0.0459901
9.76809 0.0458675
9.77229 0.0460333
9.77607 0.0457819
9.78087 0.0465522
9.78478 0.0464272
9.78901 0.0466217
9.79318 0.0467535
9.7991 0.0486448
9.80224 0.0457356
9.8066 0.0460609
9.8107 0.046125
9.81445 0.04584
9.81458 0.0459684
9.81858 0.0459391
9.82297 0.0462926
9.82739 0.0466807
9.8306 0.045854
9.83072 0.0459824
9.83518 0.0464015
9.84034 0.0455121
9.84188 0.0418379
9.8438 0.0457805
9.84983 0.0477715
9.85418 0.0460806
9.85787 0.0457358
9.86198 0.0458078
9.86595 0.0457474
9.87002 0.0457809
9.87399 0.0457205
9.8781 0.0457925
9.88258 0.0462439
9.88867 0.0482956
9.89251 0.0460906
9.89629 0.0458373
9.90058 0.046094
9.90071 0.0462224
9.90449 0.045968
9.90462 0.0460964
9.90847 0.0459116
9.91231 0.0457228
9.91635 0.0457292
9.92039 0.0457305
9.92148 0.0468174
9.92648 0.0477852
9.93045 0.0457092
9.93455 0.0457743
9.94035 0.047543
9.94189 0.0418521
9.94381 0.0457907
9.94804 0.0459842
9.95214 0.0460562
9.95599 0.045864
9.95986 0.0457058
9.95999 0.0458342
9.96396 0.0457744
9.96794 0.045718
9.96807 0.0458464
9.97224 0.0459811
9.97236 0.0461095
9.97804 0.0477533
9.98256 0.0462189
9.98698 0.0466046
9.99044 0.0460317
9.99492 0.046479
9.99864 0.0461629

