% time_sec delay_sec
1.14933 0.0491593
1.14933 0.0491593
1.24933 0.0491629
1.34932 0.0491497
1.44724 0.351086
1.44934 0.049169
1.54933 0.0491656
1.64932 0.0491523
1.74931 0.0491451
1.74991 0.351078
1.84933 0.0491638
1.9486 0.247764
1.9507 0.0505171
1.95279 0.0546235
1.95669 0.0544837
2.04862 0.14238
2.05071 0.0505197
2.05284 0.0546731
2.05678 0.054577
2.0607 0.0544606
2.06485 0.054579
2.06877 0.0544671
2.07282 0.0544797
2.07688 0.0545036
2.0809 0.0544981
2.08702 0.0545661
2.09096 0.0544712
2.09499 0.0544651
2.09902 0.0544674
2.10306 0.0544688
2.10709 0.0544661
2.11123 0.0545692
2.1152 0.0545089
2.11921 0.0544831
2.12542 0.0566651
2.12555 0.0567935
2.12933 0.0545229
2.13356 0.0547169
2.13737 0.0545
2.14211 0.0552006
2.14669 0.0557516
2.15079 0.0506038
2.15092 0.0547657
2.15105 0.0548941
2.1547 0.0545153
2.15874 0.0545206
2.16278 0.0545264
2.16682 0.0545357
2.17281 0.0564921
2.17704 0.0546717
2.18098 0.0545779
2.18521 0.0547724
2.18905 0.0545812
2.19334 0.0548374
2.19712 0.0545791
2.20109 0.0545168
2.20516 0.0545503
2.20916 0.054521
2.21519 0.056512
2.21922 0.054501
2.22333 0.0545701
2.22746 0.0546703
2.22759 0.0547987
2.23159 0.0547705
2.23544 0.0545777
2.23944 0.054548
2.24348 0.0545509
2.24866 0.0557053
2.25078 0.0505936
2.25283 0.0546617
2.25674 0.0545391
2.26281 0.0565681
2.26685 0.0545606
2.27079 0.0544656
2.27486 0.0545031
2.27903 0.0546378
2.28319 0.0547696
2.28729 0.0548358
2.29107 0.0545824
2.29505 0.0545231
2.29921 0.0546549
2.30517 0.0545674
2.30914 0.054503
2.31318 0.0545094
2.31719 0.0544801
2.32142 0.0546771
2.32554 0.0547688
2.32939 0.0545811
2.33355 0.0547129
2.33734 0.0544649
2.34346 0.0565536
2.34663 0.0536756
2.35074 0.0505524
2.35292 0.0567657
2.35667 0.0544668
2.36071 0.0544721
2.36474 0.054474
2.36878 0.0544758
2.37291 0.0545715
2.37701 0.0546435
2.38089 0.0544869
2.38557 0.0551294
2.3914 0.0569273
2.39525 0.0547228
2.39909 0.0545351
2.40309 0.0545024
2.40716 0.0545399
2.41142 0.0547639
2.41155 0.0548923
2.41517 0.0544779
2.41921 0.0544837
2.42356 0.0548061
2.42811 0.0553231
2.43363 0.056801
2.43738 0.0545051
2.44142 0.0545085
2.44186 0.0549564
2.44661 0.0556669
2.45071 0.0505191
2.45096 0.0548094
2.45475 0.0545589
2.45869 0.054467
2.46272 0.0544688
2.46682 0.0545363
2.47086 0.0545427
2.4749 0.054549
2.48122 0.0568289
2.48545 0.0550067
2.48923 0.0547533
2.48935 0.0548817
2.49339 0.0548851
2.49352 0.0550135
2.49704 0.0544983
2.50114 0.0545644
2.50517 0.0545668
2.50914 0.0545025
2.51318 0.0545049
2.51725 0.0545418
2.52327 0.0545165
2.5275 0.0547139
2.5316 0.054779
2.53173 0.0549074
2.53535 0.054497
2.53946 0.054565
2.54343 0.0545057
2.54862 0.0556641
2.55077 0.0505835
2.55295 0.05478
2.5567 0.0544979
2.56078 0.0545383
2.56482 0.0545446
2.57081 0.0565079
2.57485 0.0544975
2.57908 0.0546945
2.58325 0.0548263
2.58722 0.054764
2.59113 0.054639
2.5951 0.0545797
2.59904 0.0544853
2.60307 0.0544837
2.60913 0.0565097
2.61323 0.0545615
2.61721 0.0545012
2.62202 0.0552749
2.6256 0.0548294
2.62938 0.0545755
2.63355 0.0547073
2.63739 0.0545175
2.64223 0.0553194
2.64665 0.0557109
2.65076 0.050571
2.65089 0.054733
2.6547 0.0545136
2.66073 0.0565115
2.66474 0.0544655
2.66878 0.0544713
2.67281 0.0544737
2.67704 0.0546701
2.68108 0.0546735
2.68531 0.054868
2.68922 0.054743
2.69351 0.0550032
2.69963 0.0570891
2.7004 0.0578565
2.70315 0.0545651
2.70719 0.054568
2.71142 0.0547649
2.7152 0.05451
2.7193 0.0545785
2.72391 0.0551543
2.72798 0.0551888
2.72811 0.0553172
2.73167 0.054841
2.73542 0.054559
2.74215 0.0552389
2.74426 0.0533223
2.75071 0.0505216
2.75097 0.0559903
2.75475 0.0545615
2.75869 0.0544695
2.76273 0.0544714
2.76676 0.0544727
2.77089 0.0545723
2.77484 0.0544814
2.77939 0.0549979
2.78317 0.0547445
2.78913 0.0566708
2.79358 0.0550737
2.79704 0.0544964
2.80114 0.0545625
2.80508 0.0544715
2.80921 0.0545707
2.81325 0.0545731
2.81722 0.0545087
2.82138 0.0546435
2.82744 0.0566666
2.83167 0.0548472
2.8318 0.0549756
2.83539 0.0545341
2.83937 0.0544772
2.84344 0.0545112
2.84862 0.0556656
2.85074 0.0505539
2.85292 0.0547504
2.85667 0.0544643
2.86071 0.0544736
2.86482 0.0545456
2.86914 0.0548398
2.87286 0.0545267
2.87924 0.0568717
2.88392 0.0554974
2.88712 0.0546677
2.88725 0.0547961
2.89116 0.0546711
2.89526 0.0547367
2.89917 0.0546117
2.90316 0.0545751
2.90713 0.0545112
2.91124 0.0545798
2.91729 0.0566013
2.92139 0.0546536
2.92559 0.0548155
2.92931 0.0544994
2.9336 0.0547596
2.93744 0.0545698
2.94231 0.0553989
2.9466 0.055662
2.95074 0.0505492
2.95099 0.0548395
2.95471 0.0545229
2.95875 0.0545322
2.96276 0.0545069
2.96917 0.056887
2.97283 0.0544909
2.97705 0.0546833
2.98109 0.0546868
2.98564 0.0552008
2.98577 0.0553292
2.98942 0.0549474
2.99346 0.0549508
2.99704 0.0545018
3.00108 0.0545053
3.00721 0.0565995
3.01147 0.0548108
3.01518 0.0544937
3.01922 0.0544995
3.02329 0.054537
3.02826 0.0554667
3.03166 0.0548311
3.03537 0.054514
3.03944 0.0545504
3.04342 0.0544911
3.04868 0.0537018
3.05073 0.0505407
3.05291 0.0547372
3.05881 0.0566067
3.06285 0.0545952
3.06676 0.0544721
3.06721 0.05492
3.0708 0.054474
3.07483 0.0544788
3.07496 0.0546071
3.07906 0.0546752
3.083 0.0545797
3.08714 0.0546799
3.09101 0.0545228
3.09704 0.0565167
3.10108 0.0545028
3.10512 0.0545116
3.10915 0.0545129
3.11316 0.0544842
3.11729 0.0545793
3.12165 0.0549052
3.12536 0.0545886
3.12549 0.054717
3.12937 0.0545603
3.13533 0.0564896
3.13944 0.0545443
3.14344 0.0545161
3.1487 0.0557407
3.15082 0.050629
3.153 0.0548255
3.15668 0.0544772
3.16082 0.0545798
3.16485 0.0545822
3.16921 0.0549075
3.17287 0.0545282
3.177 0.0546313
3.18091 0.0545058
3.18847 0.0580296
3.19116 0.0546726
3.1951 0.0545782
3.19907 0.0545189
3.20317 0.0545795
3.20711 0.0544846
3.21115 0.0544909
3.21522 0.0545284
3.21923 0.0545031
3.22557 0.0568175
3.22929 0.0544846
3.23362 0.0547759
3.2374 0.0545279
3.24214 0.055236
3.24663 0.0556897
3.25083 0.0506392
3.25095 0.0548011
3.25474 0.0545507
3.25881 0.0545871
3.26278 0.0545267
3.26682 0.054536
3.27086 0.0545384
3.27705 0.0566928
3.28108 0.0546794
3.28531 0.0548739
3.28544 0.0550023
3.28922 0.054749
3.28935 0.0548774
3.29339 0.0548808
3.29351 0.0550092
3.29713 0.0545913
3.3011 0.054529
3.30523 0.0546252
3.30917 0.0545258
3.31519 0.0565168
3.31919 0.0544713
3.3233 0.0545403
3.32753 0.0547378
3.32798 0.0551857
3.3316 0.0547718
3.33544 0.054583
3.33939 0.054495
3.34345 0.054529
3.34861 0.0556563
3.34874 0.0557847
3.35073 0.0505446
3.35291 0.0547411
3.35676 0.0545563
3.36077 0.0545305
3.3675 0.0572301
3.3708 0.0544794
3.3749 0.054548
3.37907 0.0546827
3.38324 0.0548145
3.38734 0.0548806
3.39112 0.0546273
3.39509 0.054568
3.39906 0.0545086
3.40518 0.0565934
3.40915 0.0545123
3.41322 0.0545458
3.41722 0.0545165
3.42139 0.0546513
3.42555 0.0547781
3.4294 0.0545904
3.43356 0.0547222
3.43744 0.0545674
3.4434 0.0564938
3.44667 0.053713
3.45078 0.0505899
3.45091 0.0547518
3.45671 0.0565211
3.46072 0.0544785
3.46485 0.0545816
3.46921 0.054903
3.47292 0.0545858
3.47703 0.0546578
3.48107 0.0546612
3.48529 0.0548558
3.48907 0.0546024
3.49523 0.0567228
3.49939 0.0548378
3.49952 0.0549662
3.50311 0.0545212
3.50718 0.0545586
3.51144 0.0547867
3.51528 0.054594
3.51932 0.0546003
3.52355 0.0547943
3.52368 0.0549227
3.52842 0.0556308
3.53361 0.0567897
3.53747 0.0545911
3.54214 0.0552335
3.54663 0.0556873
3.55082 0.0506367
3.55095 0.0547986
3.55474 0.0545482
3.55881 0.0545846
3.56284 0.0545904
3.56752 0.0552347
3.57086 0.0545359
3.57493 0.0545733
3.57932 0.0549303
3.58579 0.0573672
3.58944 0.0549687
3.59351 0.0550032
3.59706 0.0545231
3.6011 0.0545266
3.60523 0.0546228
3.60923 0.0545935
3.61318 0.0545026
3.61721 0.0545044
3.6233 0.0565621
3.62747 0.0546766
3.6316 0.0547767
3.63173 0.0549051
3.63538 0.0545258
3.63943 0.0545351
3.64346 0.054538
3.64872 0.0557625
3.65071 0.0505225
3.65302 0.0548473
3.6568 0.0545964
3.66078 0.0545394
3.66482 0.0545458
3.66882 0.0545205
3.67498 0.0566438
3.67905 0.0546645
3.68325 0.0548274
3.68735 0.0548935
3.69113 0.0546402
3.6951 0.0545769
3.69914 0.0545798
3.70311 0.054516
3.70717 0.0545494
3.71323 0.0565755
3.71721 0.0544983
3.7214 0.0546642
3.7256 0.054826
3.72935 0.0545411
3.73358 0.0547351
3.73745 0.0545764
3.74229 0.0553783
3.74671 0.0557698
3.75075 0.0505637
3.75088 0.0547257
3.75472 0.0545374
3.75877 0.0545467
3.76486 0.0566073
3.76922 0.0549159
3.77281 0.0544703
3.77294 0.0545987
3.77704 0.0546668
3.78108 0.0546702
3.7853 0.0548647
3.78921 0.0547397
3.79351 0.0549999
3.79706 0.0545198
3.80308 0.0565083
3.80721 0.0545918
3.81151 0.0548509
3.81522 0.0545298
3.81535 0.0546582
3.8192 0.0544734
3.8233 0.0545385
3.82797 0.0551839
3.83163 0.054805
3.83535 0.0544919
3.84138 0.0564868
3.84433 0.0533865
3.84866 0.0536808
3.85077 0.0505858
3.85468 0.0565141
3.85882 0.0545959
3.86285 0.0545978
3.86676 0.0544747
3.8708 0.0544771
3.87093 0.0546055
3.87484 0.0544834
3.87901 0.0546182
3.88394 0.0555174
3.88708 0.054625
3.89371 0.0572244
3.89704 0.0545018
3.90114 0.054568
3.90524 0.054637
3.90921 0.0545727
3.91316 0.0544818
3.91718 0.0544762
3.92263 0.0558855
3.92535 0.0545758
3.92548 0.0547042
3.9316 0.05679
3.93545 0.0545885
3.93949 0.0545977
3.94346 0.0545345
3.94871 0.0557551
3.9507 0.050515
3.95301 0.0548398
3.95679 0.0545889
3.96083 0.0545942
3.96474 0.0544716
3.96487 0.0546
3.96885 0.0545436
3.97289 0.05455
3.97702 0.0546531
3.98401 0.0576036
3.98734 0.0548855
3.99112 0.0546322
3.99125 0.0547606
3.9951 0.0545729
3.99913 0.0545757
4.00307 0.0544769
4.0071 0.0544809
4.01127 0.0546156
4.01521 0.0545202
4.02134 0.0566119
4.02556 0.0547881
4.02941 0.0546004
4.03357 0.0547322
4.03742 0.0545464
4.04216 0.055251
4.04671 0.0557704
4.05081 0.050626
4.05107 0.0549163
4.05479 0.0545997
4.05879 0.0545739
4.0628 0.0545481
4.06684 0.0545539
4.0729 0.0565829
4.07698 0.054606
4.08098 0.0545778
4.08534 0.0549036
4.08906 0.0545875
4.08919 0.0547159
4.09319 0.0546872
4.09713 0.0545867
4.10116 0.0545901
4.10513 0.0545287
4.11148 0.0568421
4.11523 0.0545393
4.11927 0.0545446
4.12324 0.0544853
4.12337 0.0546137
4.1276 0.0548112
4.13164 0.0548141
4.13545 0.0545902
4.13946 0.0545644
4.14352 0.0545984
4.14868 0.0557218
4.1508 0.0506101
4.15285 0.0546781
4.15298 0.0548065
4.15676 0.0545556
4.16279 0.0565534
4.1675 0.0552161
4.1709 0.0545794
4.17494 0.0545818
4.1791 0.0547165
4.18394 0.0555184
4.18727 0.0548172
4.19108 0.0545949
4.19515 0.0546294
4.19528 0.0547578
4.20114 0.0565868
4.20518 0.0545764
4.20918 0.0545432
4.21322 0.0545495
4.21723 0.0545203
4.2214 0.054655
4.22537 0.0545912
4.22934 0.0545319
4.23366 0.0548232
4.2395 0.0566265
4.24348 0.0545504
4.24668 0.0537202
4.25078 0.0505971
4.25309 0.0569387
4.25672 0.0545115
4.26082 0.054583
4.26486 0.0545853
4.26879 0.0544899
4.26924 0.0549378
4.27293 0.0545896
4.27703 0.0546616
4.28094 0.0545361
4.28562 0.0551785
4.29132 0.056848
4.29536 0.0548347
4.29911 0.0545497
4.30314 0.0545481
4.30721 0.0545855
4.31144 0.0547825
4.3156 0.0549093
4.31932 0.0545961
4.32332 0.0545679
4.32942 0.0566255
4.33358 0.0547406
4.33743 0.0545548
4.34147 0.0545582
4.34663 0.0556855
4.35079 0.0506038
4.35105 0.0548941
4.35473 0.0545464
4.35883 0.0546139
4.36274 0.0544874
4.36287 0.0546158
4.36685 0.0545589
4.37089 0.0545652
4.37493 0.0545715
4.38124 0.0568514
4.38547 0.0550292
4.38925 0.0547758
4.39341 0.0549076
4.39354 0.055036
4.39712 0.054583
4.40109 0.0545208
4.40122 0.0546492
4.40522 0.054617
4.40917 0.0545255
4.4132 0.0545279
4.41932 0.0566161
4.4233 0.05454
4.42753 0.0547375
4.43163 0.0548026
4.43176 0.054931
4.43541 0.0545517
4.43948 0.0545886
4.44349 0.0545604
4.44874 0.0557849
4.45073 0.0505449
4.45304 0.0548697
4.45676 0.0545526
4.4608 0.0545619
4.46484 0.0545677
4.4708 0.0564999
4.47093 0.0566283
4.47494 0.0545828
4.47911 0.0547175
4.48327 0.0548493
4.48724 0.054787
4.49102 0.0545337
4.49115 0.0546621
4.49513 0.0546027
4.4991 0.05454
4.50313 0.0545384
4.50915 0.0565293
4.51325 0.0545811
4.51723 0.0545207
4.5214 0.0546555
4.52562 0.0548484
4.5294 0.0545946
4.53357 0.0547264
4.53742 0.0545445
4.54229 0.0553775
4.54671 0.0557691
4.55075 0.050563
4.55088 0.0547249
4.55475 0.0545678
4.56079 0.0565656
4.56486 0.0545863
4.56921 0.0549077
4.57293 0.0545945
4.577 0.0546314
4.58104 0.0546349
4.58117 0.0547632
4.58527 0.0548294
4.58918 0.0547044
4.59337 0.0548673
4.5935 0.0549957
4.59962 0.0570815
4.60311 0.0545224
4.60721 0.0545915
4.61144 0.0547885
4.61561 0.0549153
4.61933 0.0546021
4.62394 0.0551818
4.62842 0.0556331
4.63166 0.054834
4.63737 0.0565089
4.64217 0.055263
4.64429 0.0533464
4.64442 0.0534748
4.65083 0.050639
4.65095 0.0559793
4.65108 0.0561077
4.65474 0.0545505
4.65881 0.0545869
4.66284 0.0545887
4.66678 0.0544928
4.66755 0.0552602
4.67091 0.0545925
4.67486 0.0545015
4.67941 0.055018
4.68319 0.0547646
4.68902 0.0565625
4.68915 0.0566909
4.6936 0.0550938
4.69709 0.0545476
4.70119 0.0546137
4.70513 0.0545228
4.70923 0.0545868
4.71317 0.0544919
4.71724 0.0545293
4.72166 0.0549179
4.72211 0.0553658
4.72749 0.0567153
4.73162 0.0547988
4.73175 0.0549271
4.73541 0.0545478
4.73945 0.0545571
4.74348 0.05456
4.74871 0.0557495
4.75082 0.0506378
4.753 0.0548342
4.75682 0.0546144
4.76073 0.0544913
4.76086 0.0546197
4.76483 0.0545633
4.76884 0.054538
4.77288 0.0545444
4.77926 0.0568894
4.78394 0.055515
4.78714 0.0546854
4.79118 0.0546888
4.79512 0.0545944
4.79915 0.0545973
4.80319 0.0545957
4.80715 0.0545319
4.81126 0.0546004
4.81728 0.0565909
4.82266 0.0559212
4.82279 0.0560496
4.82564 0.0548683
4.82929 0.0544865
4.82942 0.0546149
4.83359 0.0547467
4.83746 0.054588
4.8423 0.0553899
4.84666 0.0557153
4.85082 0.0506336
4.85108 0.0549239
4.85473 0.0545451
4.85877 0.0545544
4.86281 0.0545602
4.86884 0.0565551
4.87288 0.0545447
4.87702 0.0546438
4.88105 0.0546472
4.88118 0.0547756
4.88541 0.0549702
4.88932 0.0548452
4.89335 0.0548486
4.89707 0.054532
4.90111 0.0545354
4.90723 0.0566241
4.91149 0.0548354
4.91556 0.0548689
4.91569 0.0549973
4.91925 0.0545241
4.92325 0.0544959
4.92761 0.0548178
4.92806 0.0552657
4.93161 0.0547896
4.9354 0.0545386
4.93944 0.0545439
4.94434 0.055411
4.94869 0.0537195
4.95075 0.0505584
4.95293 0.0547549
4.95883 0.0566243
4.96284 0.0545823
4.96751 0.0552232
4.97091 0.0545865
4.97491 0.0545578
4.97908 0.0546925
4.98328 0.0548554
4.98725 0.0547932
4.99109 0.0546055
4.99705 0.0565313
5.00115 0.0545806
5.0052 0.0545927
5.00917 0.0545324
5.01318 0.0545036
5.01731 0.0545988
5.02134 0.0546046
5.02551 0.0547354
5.02936 0.0545477
5.03545 0.0566053
5.03949 0.0545978
5.04349 0.0545696
5.04865 0.0556959
5.0508 0.0506153
5.05298 0.0548117
5.05676 0.0545568
5.06083 0.0545927
5.0649 0.0546302
5.06891 0.0546044
5.07292 0.0545786
5.07692 0.0545522
5.08096 0.0545586
5.08709 0.0566473
5.09112 0.0546335
5.09509 0.0545691
5.09907 0.0545098
5.10319 0.0546005
5.10713 0.0545085
5.11124 0.0545805
5.11524 0.0545513
5.11928 0.0545566
5.12556 0.0568053
5.12941 0.0546009
5.1336 0.0547638
5.13745 0.054578
5.14149 0.0545814
5.14665 0.0557087
5.15078 0.0505959
5.15104 0.0548862
5.15469 0.0545074
5.15482 0.0546358
5.15883 0.05461
5.16277 0.0545185
5.16752 0.055229
5.17088 0.0545613
5.17707 0.0567157
5.18114 0.0547334
5.18537 0.054928
5.18928 0.054803
5.19341 0.0548997
5.19353 0.0550281
5.19842 0.0558843
5.20112 0.054544
5.20515 0.0545424
5.20921 0.0545714
5.21556 0.0568823
5.21927 0.0545479
5.22337 0.054617
5.22761 0.0548145
5.23164 0.0548173
5.23535 0.0544962
5.23949 0.0545988
5.2435 0.0545706
5.24865 0.0556939
5.2508 0.0506133
5.25285 0.0546814
5.25679 0.0545899
5.2608 0.0545641
5.26747 0.0571976
5.2709 0.0545792
5.27497 0.0546127
5.27917 0.0547785
5.28397 0.0555494
5.2873 0.0548481
5.28839 0.055935
5.29108 0.0545947
5.29525 0.0547265
5.29909 0.0545388
5.30518 0.0565925
5.30918 0.0545425
5.31325 0.054576
5.31725 0.0545467
5.32168 0.0549353
5.32212 0.0553832
5.32554 0.0547702
5.32932 0.0545168
5.33365 0.0548081
5.33743 0.0545561
5.34346 0.0565481
5.34673 0.0537674
5.3508 0.0506092
5.35092 0.0547711
5.35673 0.0565403
5.3608 0.054564
5.36484 0.0545703
5.36888 0.0545722
5.37292 0.0545785
5.37702 0.0546505
5.38106 0.0546539
5.38532 0.0548795
5.3891 0.0546262
5.39525 0.0567465
5.39941 0.0548576
5.40316 0.0545681
5.4072 0.0545745
5.41143 0.0547714
5.41553 0.0548405
5.41925 0.0545273
5.42358 0.0548186
5.42813 0.0553356
5.4337 0.0568797
5.43742 0.0545487
5.44216 0.0552568
5.44665 0.0557105
5.45082 0.0506288
5.45107 0.0549192
5.45476 0.0545714
5.4588 0.0545768
5.46286 0.0546097
5.46754 0.0552545
5.47085 0.0545246
5.47492 0.054562
5.47928 0.0548879
5.4794 0.0550163
5.48543 0.0570053
5.48556 0.0571337
5.48934 0.0548636
5.49353 0.0550265
5.49836 0.0558244
5.50119 0.0546125
5.50519 0.0545838
5.50926 0.0546168
5.51323 0.0545569
5.51727 0.0545588
5.52335 0.0566135
5.52755 0.0547591
5.53165 0.0548282
5.53178 0.0549566
5.53543 0.0545772
5.53948 0.0545865
5.54348 0.0545543
5.54874 0.0557789
5.55073 0.0505388
5.55303 0.0548637
5.55681 0.0546087
5.56076 0.0545207
5.56486 0.0545927
5.56887 0.0545675
5.57503 0.0566908
5.57913 0.0547425
5.58394 0.0555134
5.5874 0.0549405
5.59105 0.0545587
5.59118 0.0546871
5.59512 0.0545927
5.59905 0.0544983
5.60316 0.0545669
5.60719 0.0545653
5.61321 0.0565562
5.61725 0.0545413
5.62212 0.0553778
5.62564 0.0548661
5.62936 0.05455
5.63358 0.054744
5.63743 0.0545582
5.64195 0.0550406
5.64666 0.05572
5.6508 0.0506112
5.65093 0.0547731
5.65477 0.0545849
5.65878 0.0545591
5.66484 0.0565851
5.66888 0.0545742
5.67292 0.0545805
5.67702 0.0546486
5.68106 0.054652
5.68573 0.0552944
5.68938 0.0549126
5.69355 0.0550444
5.69711 0.0545683
5.70313 0.0565568
5.70717 0.0545464
5.71155 0.0548949
5.71559 0.0548978
5.71931 0.0545846
5.72347 0.0547164
5.72802 0.0552334
5.73168 0.0548546
5.73546 0.0546036
5.74149 0.0565985
5.74437 0.0534321
5.7487 0.0537263
5.75082 0.0506314
5.75473 0.0565596
5.7588 0.0545833
5.76284 0.0545891
5.76749 0.0551989
5.77095 0.0546284
5.77486 0.0545063
5.77903 0.0546411
5.78396 0.0555403
5.7871 0.0546479
5.79361 0.0571189
5.79837 0.0558339
5.80119 0.054622
5.8052 0.0545938
5.8092 0.0545645
5.81328 0.054602
5.81731 0.0546038
5.82167 0.0549297
5.82538 0.0546091
5.83176 0.0569517
5.83541 0.0545556
5.83939 0.0544992
5.84349 0.0545643
5.84874 0.0557849
5.85079 0.050607
5.85297 0.0548035
5.85675 0.0545485
5.86086 0.05462
5.86489 0.0546224
5.86887 0.054566
5.87291 0.0545724
5.87698 0.0546093
5.88409 0.0576882
5.8873 0.0548418
5.89108 0.0545884
5.89537 0.0548486
5.89909 0.0545325
5.90318 0.0545931
5.90725 0.0546226
5.91129 0.0546289
5.91141 0.0547573
5.91523 0.054538
5.92266 0.0579393
5.92564 0.0548696
5.92936 0.0545535
5.93359 0.0547476
5.93744 0.0545617
5.9415 0.0545963
5.94663 0.0556924
5.95083 0.0506459
5.95109 0.0549362
5.95474 0.0545574
5.95879 0.0545666
5.96283 0.0545725
5.9675 0.0552173
5.97286 0.0565387
5.977 0.054625
5.981 0.0545933
5.98113 0.0547217
5.98535 0.0549162
5.98926 0.0547913
5.99342 0.0549191
5.99355 0.0550475
5.99842 0.0558765
6.00111 0.0545362
6.00515 0.0545405
6.01156 0.0569166
6.01556 0.0548711
6.01928 0.0545574
6.02332 0.0545638
6.02755 0.0547612
6.02768 0.0548896
6.03165 0.0548263
6.03543 0.0545714
6.0395 0.0546118
6.04354 0.0546147
6.04873 0.055776
6.05085 0.0506603
6.0529 0.0547284
6.05681 0.0546058
6.06281 0.0565721
6.06717 0.0548806
6.07092 0.0545941
6.07492 0.0545678
6.07928 0.0548891
6.07941 0.0550175
6.08302 0.0546031
6.08696 0.0545087
6.09107 0.0545778
6.0951 0.0545796
6.10113 0.0565711
6.1052 0.0545902
6.10923 0.0545876
6.11327 0.0545939
6.11727 0.0545681
6.1217 0.0549567
6.12537 0.054601
6.12935 0.0545417
6.13361 0.0547668
6.13374 0.0548952
6.13941 0.056539
6.14345 0.0545256
6.14672 0.0537577
6.15079 0.0505995
6.15309 0.0569411
6.15678 0.0545761
6.16082 0.0545814
6.16485 0.0545838
6.16893 0.0546207
6.17293 0.054592
6.17697 0.0545978
6.18097 0.0545696
6.18565 0.055212
6.19123 0.0567531
6.19135 0.0568815
6.19539 0.0548682
6.19911 0.0545521
6.20317 0.0545816
6.20724 0.0546151
6.21153 0.0548782
6.21563 0.0549428
6.21935 0.0546296
6.22336 0.0546014
6.22935 0.0565583
6.23364 0.0548017
6.23746 0.0545848
6.2415 0.0545882
6.24669 0.0557466
6.25082 0.0506338
6.25108 0.0549242
6.25476 0.0545764
6.25887 0.0546479
6.26287 0.0546187
6.26681 0.0545272
6.27092 0.0545958
6.27499 0.0546332
6.28127 0.056882
6.28537 0.0549313
6.28915 0.054678
6.28928 0.0548064
6.29344 0.0549382
6.2984 0.0558605
6.30109 0.0545202
6.30122 0.0546486
6.30522 0.0546159
6.30923 0.0545867
6.31323 0.0545579
6.31932 0.0566106
6.32335 0.0545972
6.32759 0.0547947
6.33165 0.0548287
6.33178 0.0549571
6.33537 0.0545115
6.33941 0.0545174
6.34354 0.0546175
6.34867 0.0557137
6.35079 0.050602
6.35297 0.0547985
6.35672 0.0545164
6.36083 0.0545879
6.36487 0.0545943
6.37089 0.0565887
6.375 0.0546405
6.37942 0.0550285
6.38396 0.0555425
6.3873 0.0548413
6.39108 0.0545879
6.39524 0.0547197
6.39912 0.0545631
6.40315 0.0545655
6.40918 0.0565564
6.41328 0.0546082
6.41729 0.0545795
6.42171 0.0549681
6.42216 0.055416
6.42555 0.0547759
6.42933 0.054522
6.43362 0.0547782
6.43747 0.0545924
6.44195 0.0550437
6.44663 0.055692
6.45074 0.0505481
6.45086 0.05471
6.45477 0.054584
6.4608 0.0565819
6.46484 0.0545714
6.46888 0.0545733
6.47292 0.0545796
6.47699 0.0546166
6.48115 0.0547484
6.48538 0.0549429
6.48916 0.0546895
6.49333 0.0548213
6.49346 0.0549497
6.50031 0.0577679
6.50316 0.0545698
6.5072 0.0545721
6.51149 0.0548353
6.51559 0.0548999
6.51931 0.0545867
6.5236 0.0548469
6.52803 0.0552355
6.52815 0.0553638
6.53168 0.0548566
6.53746 0.0565977
6.54149 0.0545844
6.54438 0.0534347
6.55085 0.0506651
6.55098 0.0560054
6.55476 0.0545766
6.5588 0.0545819
6.56284 0.0545837
6.56713 0.0548389
6.56757 0.0552868
6.57094 0.054619
6.57494 0.0545903
6.57943 0.0550446
6.58321 0.0547912
6.58936 0.0569086
6.59343 0.0549264
6.59356 0.0550548
6.59839 0.0558487
6.60121 0.0546368
6.60521 0.0546046
6.60925 0.0546065
6.61318 0.0545116
6.61728 0.0545762
6.6217 0.0549642
6.6275 0.0567305
6.63167 0.054845
6.6318 0.0549734
6.63545 0.0545941
6.63949 0.0546034
6.6435 0.0545752
6.64875 0.0557918
6.65074 0.0505517
6.65305 0.0548765
6.65683 0.0546216
6.66086 0.0546269
6.6649 0.0546333
6.66891 0.054608
6.67292 0.0545793
6.67917 0.0567959
6.6793 0.0569243
6.68397 0.0555499
6.68718 0.0547203
6.69108 0.0545953
6.69518 0.0546609
6.69531 0.0547893
6.69916 0.0546016
6.70322 0.0546311
6.70719 0.0545673
6.71129 0.0546358
6.71732 0.0566308
6.72142 0.0546831
6.72155 0.0548114
6.72555 0.0547787
6.72933 0.0545254
6.72946 0.0546538
6.73363 0.0547856
6.73747 0.0545958
6.74196 0.0550471
6.74663 0.0556914
6.75086 0.0506759
6.75099 0.0548378
6.75112 0.0549662
6.75477 0.0545874
6.75882 0.0545967
6.76286 0.0546025
6.76885 0.0565624
6.77289 0.0545519
6.77699 0.054616
6.78115 0.0547478
6.78538 0.0549423
6.78929 0.0548173
6.79333 0.0548208
6.79838 0.0558444
6.80121 0.0546325
6.8072 0.0565923
6.81152 0.0548658
6.81559 0.0548993
6.81931 0.0545861
6.82335 0.0545895
6.82803 0.0552349
6.83168 0.0548561
6.83543 0.054574
6.83954 0.054646
6.84438 0.0554509
6.84873 0.0537594
6.85075 0.0505672
6.85293 0.0547637
6.85883 0.0566292
6.86281 0.054556
6.86752 0.055228
6.87091 0.0545913
6.87498 0.0546248
6.8794 0.0550129
6.88395 0.0555269
6.88728 0.0548256
6.89106 0.0545723
6.89836 0.0578423
6.90119 0.0546136
6.90523 0.05462
6.9092 0.0545636
6.91327 0.054601
6.91731 0.0545994
6.92135 0.0546058
6.92538 0.0546082
6.92939 0.0545799
6.93547 0.0566336
6.93952 0.0546261
6.94349 0.0545668
6.94875 0.0557874
6.9508 0.0506095
6.95298 0.054806
6.95679 0.0545822
6.96082 0.0545875
6.9649 0.0546249
6.96894 0.0546308
6.97291 0.0545709
6.97701 0.0546429
6.98099 0.0545836
6.98842 0.0579791
6.99111 0.054622
6.99124 0.0547504
6.99512 0.0545938
6.99909 0.0545345
7.00318 0.0545951
7.00723 0.0546039
7.01127 0.0546103
7.01559 0.0549005
7.01931 0.0545829
7.02555 0.0567955
7.02946 0.0546538
7.03363 0.0547856
7.03747 0.0545998
7.04151 0.0546032
7.04677 0.0558272
7.05081 0.0506206
7.05106 0.054911
7.05472 0.0545321
7.05485 0.0546605
7.05886 0.0546347
7.0628 0.0545467
7.06723 0.0549382
7.07094 0.0546211
7.07694 0.0565868
7.08098 0.0545729
7.08536 0.0549259
7.08908 0.0546098
7.09328 0.0547717
7.09843 0.0558871
7.10122 0.0546435
7.10522 0.0546133
7.10922 0.0545835
7.11525 0.0565744
7.11931 0.0545901
7.12335 0.0545935
7.12758 0.054791
7.12803 0.0552389
7.13168 0.0548561
7.13546 0.0546011
7.13944 0.0545448
7.14347 0.0545482
7.14876 0.0558039
7.15078 0.0505949
7.15296 0.0547913
7.15681 0.0546026
7.16085 0.0546079
7.16716 0.0568867
7.17087 0.0545528
7.17498 0.0546214
7.1751 0.0547498
7.17914 0.0547561
7.18395 0.0555269
7.18728 0.0548256
7.19106 0.0545723
7.19523 0.0547041
7.19535 0.0548325
7.19913 0.0545791
7.20525 0.0566639
7.20925 0.0546139
7.21326 0.0545851
7.21729 0.054587
7.22172 0.0549756
7.22216 0.0554235
7.22555 0.0547794
7.2294 0.0545917
7.23369 0.0548519
7.23741 0.0545377
7.24353 0.0566235
7.24667 0.0537143
7.25081 0.0506223
7.25094 0.0547842
7.25677 0.0565846
7.26081 0.0545731
7.26488 0.0546066
7.26891 0.0546085
7.27295 0.0546148
7.27699 0.0546206
7.28103 0.054624
7.28116 0.0547524
7.28539 0.054947
7.28904 0.0545652
7.29583 0.0573246
7.29935 0.0547972
7.29948 0.0549255
7.30319 0.054605
7.30723 0.0546078
7.31153 0.054871
7.31559 0.0549044
7.31935 0.0546224
7.32364 0.0548826
7.32816 0.0553645
7.33364 0.0568113
7.33748 0.0546087
7.34152 0.0546121
7.34681 0.0558678
7.35078 0.0505955
7.35104 0.0548858
7.35479 0.0546003
7.35882 0.0546017
7.36289 0.0546386
7.36712 0.0548316
7.36757 0.0552795
7.37087 0.0545495
7.37494 0.054583
7.37946 0.0550683
7.38535 0.056929
7.38548 0.0570574
7.38929 0.0548183
7.39346 0.0549501
7.39841 0.0558725
7.4011 0.0545322
7.4052 0.0545968
7.40927 0.0546297
7.41327 0.054601
7.41731 0.0546029
7.42337 0.056626
7.42759 0.0548027
7.4317 0.0548717
7.43182 0.0550001
7.43545 0.0545897
7.43952 0.0546301
7.44352 0.0545979
7.44878 0.0558225
7.4508 0.0506135
7.45298 0.0548099
7.45682 0.0546212
7.46087 0.0546305
7.46487 0.0546017
7.46891 0.0546076
7.47506 0.0567269
7.47914 0.0547476
7.48394 0.0555184
7.48727 0.0548171
7.4874 0.0549455
7.49105 0.0545638
7.49534 0.05482
7.49919 0.0546323
7.50319 0.0546035
7.50722 0.0546019
7.51325 0.0565929
7.51728 0.054578
7.52171 0.0549665
7.52215 0.0554144
7.52555 0.0547743
7.52939 0.0545866
7.53362 0.0547806
7.53747 0.0545909
7.54195 0.0550422
7.54669 0.0557527
7.55083 0.0506439
7.55096 0.0548058
7.5548 0.0546176
7.55884 0.0546229
7.56483 0.0565787
7.56887 0.0545678
7.57294 0.0546013
7.57698 0.0546071
7.58102 0.0546105
7.58114 0.0547389
7.58537 0.0549334
7.58915 0.0546801
7.59348 0.0549714
7.59713 0.0545886
7.60315 0.0565771
7.60722 0.0545978
7.61145 0.0547907
7.61561 0.054922
7.6193 0.0545772
7.62347 0.054709
7.6277 0.0549065
7.63167 0.0548472
7.63539 0.05453
7.64151 0.0566188
7.64439 0.0534523
7.64875 0.0537777
7.65087 0.0506827
7.65478 0.056611
7.65879 0.0545684
7.66286 0.0546054
7.66721 0.0549267
7.67096 0.0546407
7.67497 0.054612
7.67901 0.0546183
7.67913 0.0547467
7.68397 0.0555486
7.68711 0.0546562
7.69365 0.0571588
7.69841 0.0558738
7.70111 0.0545335
7.70521 0.0546026
7.70924 0.0546045
7.71328 0.0546108
7.71735 0.0546403
7.72171 0.0549662
7.72539 0.0546145
7.7318 0.0569882
7.73545 0.0545921
7.73952 0.0546324
7.74353 0.0546003
7.74878 0.0558209
7.7508 0.0506119
7.75301 0.0548394
7.75682 0.0546156
7.76086 0.0546249
7.7649 0.0546312
7.76888 0.0545749
7.77295 0.0546123
7.77699 0.0546181
7.784 0.0575997
7.78734 0.0548817
7.79112 0.0546283
7.79531 0.0547912
7.79916 0.0546035
7.80319 0.0546019
7.80725 0.0546314
7.81142 0.0547662
7.81559 0.0548974
7.82142 0.0566978
7.82555 0.0547767
7.8294 0.054589
7.83362 0.054783
7.83747 0.0545972
7.84151 0.0546006
7.84677 0.0558252
7.85084 0.0506502
7.85109 0.0549405
7.85475 0.0545617
7.85882 0.0546021
7.86286 0.0546079
7.86722 0.0549333
7.87286 0.056539
7.87299 0.0566674
7.877 0.0546254
7.8811 0.054691
7.88122 0.0548194
7.88545 0.0550139
7.88923 0.0547605
7.89343 0.0549234
7.89845 0.055908
7.90114 0.0545677
7.90521 0.0546012
7.91155 0.0569151
7.91562 0.0549323
7.91931 0.0545836
7.92334 0.054587
7.92761 0.0548156
7.92805 0.0552634
7.93167 0.0548495
7.93545 0.0545946
7.93956 0.0546666
7.94347 0.0545416
7.94359 0.05467
7.94869 0.0557311
7.95084 0.0506505
7.95289 0.0547186
7.95683 0.0546272
7.96289 0.0546394
7.96715 0.0548674
7.97093 0.0546125
7.97497 0.0546148
7.9751 0.0547432
7.97914 0.0547496
7.98394 0.0555204
7.98727 0.0548191
7.99109 0.0545969
7.99518 0.0546625
8.00121 0.056651
8.00515 0.0545454
8.00925 0.0546134
8.01329 0.0546197
8.0173 0.0545905
8.0214 0.0546596
8.0254 0.0546229
8.02937 0.0545636
8.0295 0.054692
8.03376 0.0549171
8.03953 0.0566537
8.04353 0.0546087
8.04674 0.053782
8.05087 0.0506854
8.05308 0.0569298
8.05677 0.0545648
8.06084 0.0546007
8.06487 0.054603
8.06891 0.0546088
8.07292 0.0545831
8.07693 0.0545567
8.08106 0.0546564
8.08535 0.0549161
8.09115 0.0566819
8.09516 0.0546358
8.09913 0.0545725
8.10322 0.0546321
8.10726 0.0546334
8.11149 0.0548338
8.11533 0.0546411
8.11934 0.0546158
8.12386 0.0550983
8.12398 0.0552266
8.12937 0.0565767
8.13366 0.0548201
8.13748 0.0546032
8.14151 0.0546066
8.14671 0.0557655
8.15083 0.0506448
8.15109 0.0549351
8.15481 0.0546185
8.15885 0.0546278
8.16286 0.0546025
8.16683 0.0545461
8.17097 0.0546458
8.17501 0.0546521
8.18142 0.0550125
8.18539 0.0549503
8.18917 0.0546969
8.19346 0.0549571
8.19845 0.0559105
8.20114 0.0545703
8.20159 0.0550182
8.20524 0.0546348
8.20925 0.0546056
8.21332 0.054643
8.21934 0.056634
8.22338 0.0546206
8.22764 0.0548492
8.23171 0.0548832
8.23552 0.0546594
8.23953 0.0546341
8.24353 0.0546059
8.24875 0.0557954
8.25084 0.0506486
8.25289 0.0547167
8.25677 0.054563
8.26087 0.0546305
8.26715 0.0568782
8.2709 0.0545754
8.27497 0.0546129
8.2751 0.0547413
8.27917 0.0547787
8.28397 0.0555495
8.2873 0.0548483
8.29108 0.0545949
8.29525 0.0547267
8.29916 0.0546012
8.30322 0.0546347
8.30925 0.0566256
8.31322 0.054549
8.31335 0.0546774
8.31729 0.054582
8.32171 0.0549705
8.32216 0.0554184
8.32558 0.0548055
8.32943 0.0546178
8.33365 0.0548118
8.33741 0.0545327
8.34234 0.0554319
8.34676 0.0558234
8.35077 0.0505862
8.3509 0.0547481
8.3568 0.0566146
8.36078 0.054541
8.36485 0.0545745
8.36891 0.0546074
8.37294 0.0546018
8.37698 0.0546077
8.38127 0.0548678
8.38537 0.054934
8.38915 0.0546806
8.39357 0.0550692
8.39937 0.0548187
8.40322 0.0546265
8.40725 0.0546294
8.41155 0.0548925
8.41562 0.054926
8.41937 0.054644
8.42353 0.0547758
8.42366 0.0549042
8.42808 0.0552927
8.43177 0.054945
8.43748 0.0566199
8.44151 0.0546065
8.4467 0.0557615
8.45087 0.0506798
8.451 0.0548418
8.45112 0.0549701
8.45481 0.0546184
8.45884 0.0546158
8.46287 0.0546177
8.46713 0.0548457
8.46758 0.0552936
8.47085 0.0545325
8.47492 0.054566
8.47941 0.0550203
8.48575 0.0573288
8.4894 0.0549303
8.49344 0.0549337
8.49357 0.0550621
8.49843 0.0558872
8.50112 0.0545469
8.50157 0.0549948
8.50519 0.0545804
8.50928 0.0546444
8.51332 0.0546508
8.51733 0.054622
8.52172 0.054979
8.52752 0.0567413
8.52764 0.0568697
8.53168 0.0548558
8.53181 0.0549842
8.53546 0.0546049
8.53947 0.0545796
8.54354 0.0546136
8.5488 0.0558382
8.55079 0.0505981
8.55309 0.0549229
8.55681 0.0546058
8.56085 0.0546151
8.56489 0.0546214
8.56893 0.0546272
8.57509 0.0567506
8.57929 0.0548996
8.58396 0.0555421
8.58717 0.0547124
8.59108 0.0545874
8.59533 0.0548125
8.59918 0.0546248
8.60322 0.0546272
8.60725 0.0546256
8.61132 0.054663
8.61731 0.0546016
8.62173 0.0549902
8.62218 0.0554381
8.62557 0.054798
8.62942 0.0546103
8.63365 0.0548043
8.63749 0.0546145
8.64197 0.0550658
8.64669 0.0557452
8.65085 0.0506675
8.65098 0.0548295
8.65477 0.054579
8.65887 0.0546465
8.66486 0.0566064
8.6689 0.0545915
8.67293 0.0545938
8.67697 0.0545997
8.68114 0.0547315
8.68536 0.054926
8.68914 0.0546726
8.68927 0.054801
8.6935 0.054995
8.69715 0.0546122
8.70317 0.0566007
8.70728 0.0546525
8.71144 0.0547833
8.71564 0.0549457
8.71932 0.0546009
8.72349 0.0547327
8.72772 0.0549301
8.7317 0.0548708
8.73545 0.0545888
8.73958 0.0546919
8.74445 0.0555284
8.74878 0.0538018
8.75077 0.0505785
8.75481 0.0566352
8.75888 0.0546588
8.76288 0.0546256
8.7672 0.0549158
8.77092 0.0545987
8.77496 0.054605
8.77932 0.0549309
8.77945 0.0550593
8.784 0.0555733
8.78714 0.0546809
8.79367 0.0571796
8.79802 0.0554857
8.80117 0.0545933
8.80524 0.0546308
8.80924 0.0546015
8.81328 0.0546079
8.81732 0.0546097
8.82136 0.0546161
8.82539 0.0546189
8.82937 0.0545596
8.8295 0.054688
8.83549 0.0546276
8.83946 0.0545713
8.8435 0.0545747
8.84879 0.0558303
8.85078 0.0505903
8.85309 0.0549151
8.85683 0.0546251
8.86084 0.0545993
8.86488 0.0546056
8.86892 0.0546115
8.87299 0.0546489
8.87696 0.0545925
8.88401 0.0576058
8.88734 0.0548877
8.89112 0.0546344
8.89532 0.0547973
8.89917 0.0546096
8.9032 0.054608
8.90726 0.0546375
8.91133 0.0546749
8.91547 0.0547751
8.92143 0.0567038
8.92556 0.0547827
8.92943 0.0546261
8.93366 0.0548201
8.93748 0.0546032
8.94151 0.0546066
8.94674 0.0557967
8.95084 0.0506528
8.9511 0.0549431
8.95475 0.0545643
8.95886 0.0546358
8.9629 0.0546416
8.96725 0.054963
8.97289 0.0565687
8.97302 0.0566971
8.977 0.054624
8.98109 0.0546896
8.98122 0.054818
8.98545 0.0550125
8.98923 0.0547591
8.99346 0.0549531
8.99803 0.0554898
9.00117 0.0545974
9.00524 0.0546371
9.01159 0.056947
9.01565 0.0549637
9.01934 0.0546149
9.02344 0.054684
9.02767 0.0548815
9.03171 0.0548844
9.03552 0.0546605
9.03956 0.0546664
9.04356 0.0546382
9.04879 0.0558311
9.05087 0.0506843
9.05292 0.0547524
9.05686 0.0546609
9.06357 0.0573284
9.06722 0.0549278
9.07093 0.0546067
9.07496 0.0546075
9.07948 0.0550923
9.08301 0.0545846
9.08704 0.0545875
9.09115 0.0546565
9.09515 0.0546313
9.10124 0.0566889
9.10525 0.0546419
9.10928 0.0546392
9.11332 0.0546456
9.11729 0.0545852
9.12171 0.0549738
9.12539 0.0546181
9.12937 0.0545588
9.13366 0.054819
9.13748 0.0546021
9.1435 0.0545773
9.14677 0.0538133
9.15081 0.050624
9.15299 0.0568372
9.15312 0.0569656
9.15687 0.0546668
9.16084 0.0546059
9.16488 0.0546083
9.16888 0.054579
9.17299 0.0546476
9.17696 0.0545912
9.18113 0.054723
9.18126 0.0548514
9.18568 0.055237
9.19125 0.0567782
9.19138 0.0569066
9.19529 0.0547648
9.1992 0.0546393
9.20323 0.0546377
9.20726 0.0546406
9.21149 0.0548376
9.21556 0.0548671
9.21934 0.0546196
9.22351 0.0547514
9.22364 0.0548797
9.22937 0.0565799
9.23366 0.0548233
9.23751 0.0546375
9.24155 0.0546409
9.24674 0.0557993
9.2508 0.0506164
9.25106 0.0549067
9.25478 0.0545901
9.25885 0.0546305
9.26286 0.0546052
9.26684 0.0545488
9.27088 0.0545551
9.27491 0.0545575
9.27504 0.0546859
9.28139 0.0569969
9.28548 0.0550462
9.28926 0.0547929
9.29343 0.0549247
9.29804 0.0554964
9.30118 0.054604
9.30527 0.0546686
9.30928 0.0546394
9.31332 0.0546457
9.31937 0.0566678
9.32341 0.0546544
9.32755 0.0547546
9.32767 0.054883
9.33171 0.0548819
9.33183 0.0550103
9.33549 0.0546309
9.33947 0.054574
9.3435 0.0545774
9.34876 0.055802
9.35084 0.0506552
9.35302 0.0548517
9.35677 0.0545696
9.36091 0.0546722
9.36491 0.0546435
9.37091 0.0566028
9.37498 0.0546235
9.37511 0.0547519
9.3795 0.0551089
9.38392 0.0554945
9.38709 0.0546332
9.39113 0.0546366
9.39516 0.05464
9.39529 0.0547684
9.39917 0.0546118
9.40324 0.0546493
9.40923 0.0566091
9.41324 0.0545636
9.41337 0.054692
9.4173 0.0545966
9.42217 0.055433
9.42557 0.0547929
9.42944 0.0546363
9.43367 0.0548303
9.43743 0.0545512
9.44236 0.0554504
9.44678 0.0558419
9.45079 0.0506048
9.45092 0.0547667
9.45483 0.0546446
9.46079 0.0565723
9.46486 0.0545891
9.4689 0.0545909
9.47293 0.0545933
9.47697 0.0545991
9.48126 0.0548593
9.48536 0.0549254
9.48914 0.0546721
9.49344 0.0549322
9.50032 0.0577855
9.50324 0.0546496
9.50727 0.054652
9.51151 0.0548489
9.51567 0.0549757
9.51938 0.0546586
9.52355 0.0547904
9.52368 0.0549188
9.5281 0.0553073
9.53169 0.0548623
9.53752 0.0566656
9.54156 0.0546522
9.54451 0.0535687
9.55088 0.0506979
9.55101 0.0560382
9.55114 0.0561666
9.5548 0.0546094
9.5588 0.0545796
9.56286 0.0546086
9.56719 0.0549028
9.57097 0.0546519
9.57495 0.054592
9.57943 0.0550463
9.58353 0.0551124
9.58943 0.0569731
9.59347 0.0549597
9.59359 0.0550881
9.59813 0.0555937
9.60159 0.0550208
9.60521 0.0546064
9.60928 0.0546393
9.61332 0.0546457
9.61735 0.054648
9.62175 0.055005
9.62751 0.0567402
9.62764 0.0568686
9.63171 0.0548858
9.63184 0.0550142
9.63549 0.0546349
9.63944 0.0545469
9.64347 0.0545458
9.64872 0.0557664
9.65084 0.0506547
9.65305 0.0548822
9.6568 0.0546002
9.66085 0.0546095
9.66492 0.0546469
9.66896 0.0546527
9.673 0.0546591
9.67931 0.0569419
9.68399 0.0555675
9.68719 0.0547379
9.6911 0.0546129
9.6952 0.0546785
9.69533 0.0548069
9.69918 0.0546192
9.70324 0.0546487
9.70727 0.0546471
9.71134 0.0546845
9.71733 0.0566444
9.72157 0.0548251
9.72557 0.0547924
9.72944 0.0546358
9.73367 0.0548298
9.73755 0.0546711
9.74235 0.0554419
9.74668 0.0557361
9.74681 0.0558645
9.75081 0.0506274
9.75107 0.0549177
9.75485 0.0546672
9.75889 0.0546725
9.7629 0.0546433
9.76889 0.0566031
9.77293 0.0545927
9.77697 0.0545946
9.78126 0.0548547
9.78536 0.0549209
9.78927 0.0547959
9.7933 0.0547993
9.79343 0.0549277
9.79846 0.0559202
9.80115 0.0545799
9.80724 0.0566371
9.81153 0.0548755
9.81566 0.0549717
9.81932 0.0545918
9.82335 0.0545952
9.82765 0.0548549
9.83171 0.0548889
9.83543 0.0545757
9.83957 0.0546788
9.84438 0.0554526
9.84451 0.055581
9.8488 0.0538234
9.85079 0.0506
9.85297 0.0547965
9.85877 0.0565687
9.86284 0.0545888
9.8672 0.0549102
9.87091 0.0545931
9.87495 0.0545994
9.87925 0.0548625
9.88393 0.055505
9.88707 0.0546126
9.8913 0.0548066
9.89808 0.0575625
9.90155 0.0549729
9.90526 0.0546557
9.90924 0.0545954
9.91327 0.0546017
9.91734 0.0546347
9.9216 0.0548632
9.92173 0.0549916
9.92539 0.0546128
9.92936 0.0545535
9.93551 0.0566694
9.93946 0.0545646
9.94355 0.0546297
9.94881 0.0558503
9.9508 0.0506102
9.95311 0.0549351
9.95681 0.05461
9.96082 0.0545842
9.96486 0.0545905
9.96897 0.0546625
9.97301 0.0546689
9.97698 0.0546125
9.98102 0.0546154
9.98845 0.0580109
9.99114 0.0546538
9.99518 0.0546532
9.9953 0.0547816
9.99915 0.0545939

