% time_sec delay_sec
1.1821 0.0819767
1.1821 0.0819767
1.28209 0.0819719
1.38208 0.0819586
1.48009 0.383988
1.48209 0.0819761
1.58209 0.0819745
1.68208 0.0819613
1.78209 0.0819668
1.78276 0.383974
1.88209 0.0819727
1.98144 0.280652
1.98351 0.0833726
1.98559 0.0874644
1.98953 0.0873738
2.08154 0.175356
2.0835 0.0833603
2.08555 0.0874244
2.08952 0.0873646
2.09362 0.0874292
2.09838 0.0881589
2.10165 0.0873978
2.10565 0.0873596
2.10969 0.0873649
2.11379 0.0874339
2.11985 0.0874416
2.12382 0.0873823
2.12824 0.0877669
2.13196 0.0874503
2.136 0.0874561
2.1407 0.0881246
2.14423 0.0876174
2.14804 0.0873981
2.15227 0.0875905
2.1581 0.0893904
2.1622 0.0874456
2.16618 0.0873887
2.17025 0.0874262
2.17422 0.0873618
2.18047 0.089576
2.18354 0.0834061
2.18425 0.0881443
2.18854 0.088401
2.19161 0.087442
2.19555 0.0873481
2.20032 0.0880798
2.20567 0.0893972
2.20967 0.0873512
2.21394 0.0875798
2.21406 0.0877081
2.21817 0.0877762
2.22198 0.0875569
2.22618 0.0877227
2.23003 0.087535
2.2339 0.0873744
2.23403 0.0875028
2.23796 0.0874063
2.242 0.0874097
2.24822 0.0895913
2.25226 0.0875803
2.25617 0.0874583
2.2563 0.0875867
2.26014 0.0874014
2.26415 0.0873761
2.26826 0.0874481
2.2722 0.0873532
2.27627 0.0873936
2.28146 0.0885525
2.28351 0.0833722
2.28601 0.0878882
2.28966 0.0875064
2.29556 0.08937
2.2996 0.0873566
2.30364 0.087363
2.30777 0.0874587
2.31171 0.0873677
2.31588 0.0875025
2.31975 0.0873443
2.32388 0.0874445
2.3281 0.0876305
2.33189 0.0873801
2.33798 0.0874234
2.34231 0.0877147
2.34622 0.0875927
2.35003 0.0873763
2.35427 0.0875737
2.35808 0.0873573
2.36218 0.0874254
2.36616 0.0873645
2.37026 0.0874291
2.37631 0.0894506
2.38009 0.0871805
2.38022 0.0873089
2.38358 0.0834436
2.38595 0.0898479
2.3896 0.0874494
2.39371 0.0875184
2.39845 0.0882265
2.40172 0.0874625
2.40569 0.0873982
2.40969 0.087369
2.41373 0.0873718
2.41386 0.0875002
2.41815 0.0877589
2.42382 0.0893963
2.42395 0.0895247
2.42837 0.0878965
2.43196 0.0874515
2.43594 0.0873951
2.44077 0.0881999
2.4409 0.0883283
2.44427 0.0876611
2.44808 0.0874418
2.45218 0.0875058
2.45609 0.0873838
2.46016 0.0874202
2.46618 0.0894061
2.47022 0.0873957
2.47465 0.0877872
2.48032 0.0894251
2.48352 0.0833836
2.48436 0.0882502
2.48858 0.0884447
2.49153 0.0873612
2.49166 0.0874896
2.49557 0.0873646
2.5005 0.0882559
2.50364 0.0873624
2.50767 0.0873648
2.51401 0.0896713
2.51808 0.0876915
2.52206 0.0876316
2.52622 0.0877664
2.53007 0.0875786
2.53391 0.087387
2.53792 0.0873606
2.54215 0.0875552
2.54619 0.0875615
2.55007 0.0874073
2.55629 0.0875766
2.56013 0.0873913
2.56417 0.0873977
2.56815 0.0873413
2.57222 0.0873787
2.57633 0.0874502
2.58152 0.0886091
2.58357 0.0834288
2.58594 0.0878164
2.58607 0.0879448
2.58972 0.087563
2.59369 0.0875037
2.59824 0.0880172
2.60372 0.089459
2.60766 0.0873513
2.61176 0.0874199
2.6158 0.0874262
2.61984 0.0874315
2.62388 0.0874349
2.62804 0.0875627
2.63188 0.0873745
2.63595 0.0874075
2.64261 0.090038
2.64627 0.0876424
2.65005 0.0873949
2.65416 0.0874639
2.65428 0.0875923
2.6581 0.0873759
2.66221 0.0874479
2.66615 0.087356
2.67025 0.0874245
2.67425 0.0873953
2.68044 0.0895433
2.68351 0.0833733
2.68435 0.0882399
2.68857 0.0884345
2.6887 0.0885629
2.69389 0.0897218
2.69886 0.0886353
2.70187 0.0876145
2.702 0.0877429
2.70572 0.0874263
2.70976 0.0874321
2.71373 0.0873728
2.71386 0.0875012
2.7184 0.0880132
2.72301 0.0885889
2.72314 0.0887173
2.7258 0.0873454
2.73205 0.0895596
2.73593 0.0873891
2.74099 0.0884197
2.74426 0.0876557
2.74808 0.0874363
2.75218 0.0875084
2.7561 0.0873863
2.76017 0.0874227
2.7642 0.0874246
2.76817 0.0873602
2.7683 0.0874886
2.77426 0.0874001
2.77721 0.0863166
2.78349 0.0833471
2.78419 0.0892636
2.78791 0.0877692
2.79159 0.0874215
2.79563 0.0874249
2.80049 0.0882539
2.80367 0.0873956
2.80767 0.0873668
2.81178 0.0874354
2.81574 0.0873716
2.82209 0.0896815
2.82584 0.0873827
2.83013 0.0876429
2.83398 0.0874552
2.83802 0.0874639
2.84222 0.0876268
2.84606 0.0874386
2.85004 0.0873777
2.85414 0.0874468
2.8602 0.0894718
2.86417 0.0873986
2.86815 0.0873423
2.87222 0.0873797
2.87623 0.0873539
2.88155 0.0886412
2.88347 0.0833325
2.88597 0.0878485
2.88962 0.0874667
2.8943 0.0881086
2.89853 0.0883032
2.90167 0.0874108
2.90576 0.0874669
2.91175 0.0894267
2.91591 0.0875407
2.91986 0.0874493
2.92383 0.0873899
2.92815 0.0876773
2.93193 0.0874268
2.93591 0.0873665
2.9409 0.0883229
2.9443 0.0876873
2.95003 0.0893898
2.95426 0.0875705
2.95811 0.0873852
2.96212 0.0873599
2.96616 0.0873692
2.9702 0.0873756
2.97462 0.0877631
2.98045 0.0895565
2.98058 0.0896849
2.98353 0.0833866
2.98449 0.0883816
2.98878 0.0886388
2.9916 0.0874269
2.99173 0.0875553
2.99564 0.0874304
3.00191 0.0896717
3.00573 0.0874411
3.00967 0.0873497
3.0139 0.0875471
3.01816 0.0877746
3.02208 0.0876521
3.02621 0.0877517
3.02999 0.0874984
3.03012 0.0876268
3.0339 0.0873729
3.04079 0.0902275
3.04425 0.0876408
3.04803 0.0873933
3.0522 0.0875275
3.05611 0.0874054
3.06022 0.0874804
3.0642 0.08742
3.06823 0.0874253
3.07221 0.0873645
3.07625 0.0873692
3.08143 0.0865064
3.08358 0.0834391
3.0855 0.0873788
3.09153 0.0893697
3.09566 0.0874561
3.09967 0.0874273
3.10371 0.0874326
3.10765 0.0873446
3.11181 0.0874709
3.11572 0.0873489
3.11979 0.0873813
3.12383 0.0873847
3.13007 0.0895984
3.13392 0.0873939
3.13796 0.0874027
3.14213 0.0875345
3.14225 0.0876629
3.14607 0.0874435
3.1462 0.0875719
3.15011 0.0874528
3.15409 0.0873935
3.15809 0.0873677
3.16216 0.0874046
3.16819 0.0893956
3.17219 0.0873501
3.1763 0.0874216
3.18155 0.0886427
3.1836 0.0834624
3.18597 0.08785
3.18975 0.0875966
3.19369 0.0875022
3.1983 0.0880819
3.2017 0.0874463
3.20563 0.0873429
3.20974 0.0874149
3.21403 0.0876751
3.21416 0.0878035
3.21987 0.0894784
3.22384 0.0874023
3.22839 0.0879193
3.23195 0.0874432
3.23593 0.0873868
3.24029 0.0877121
3.24073 0.08816
3.24429 0.0876839
3.24811 0.0874646
3.25217 0.0874975
3.25813 0.0894258
3.26211 0.0873486
3.26618 0.087389
3.27025 0.0874265
3.27423 0.0873661
3.28044 0.0895492
3.28352 0.0833793
3.28448 0.0883742
3.28871 0.0885688
3.29166 0.0874853
3.29557 0.0873603
3.30046 0.0882204
3.30459 0.0883166
3.30968 0.0893727
3.31391 0.0875534
3.31404 0.0876818
3.31839 0.0880032
3.32208 0.0876555
3.3258 0.0873423
3.32996 0.0874741
3.3339 0.0873797
3.33791 0.0873534
3.34198 0.0873879
3.34211 0.0875163
3.3481 0.0894761
3.34823 0.0896045
3.35234 0.0876598
3.35612 0.0874093
3.36019 0.0874497
3.36417 0.0873899
3.36827 0.0874619
3.37221 0.087367
3.37631 0.0874385
3.38151 0.0885974
3.38356 0.0834171
3.38593 0.0878047
3.38605 0.087933
3.38971 0.0875513
3.39368 0.087492
3.39958 0.0893556
3.40428 0.0880113
3.40774 0.0874369
3.41174 0.0874041
3.41578 0.0874105
3.41985 0.0874469
3.42383 0.0873876
3.42811 0.0876398
3.42824 0.0877682
3.4319 0.0873894
3.43796 0.0894144
3.44263 0.08804
3.44629 0.0876612
3.45007 0.0874137
3.45417 0.0874828
3.45812 0.0873948
3.46219 0.0874317
3.46614 0.0873437
3.47023 0.0874083
3.47632 0.0894649
3.48042 0.0875143
3.4835 0.0833611
3.4842 0.0880993
3.48433 0.0882277
3.48959 0.0894493
3.49369 0.0875016
3.49875 0.0885292
3.49888 0.0886576
3.50176 0.0875084
3.50571 0.087417
3.50975 0.0874228
3.51375 0.0873946
3.51843 0.0880349
3.52265 0.088229
3.52278 0.0883573
3.52868 0.0902209
3.53195 0.0874402
3.53592 0.0873838
3.54086 0.0882859
3.54429 0.0876814
3.5481 0.0874621
3.55217 0.0874951
3.55608 0.087373
3.56015 0.0874094
3.56618 0.0894033
3.57028 0.0874551
3.57422 0.0873636
3.58034 0.0894494
3.58355 0.0834079
3.58425 0.0881461
3.58438 0.0882745
3.58867 0.0885317
3.59165 0.0874793
3.59556 0.0873544
3.60033 0.0880896
3.60459 0.0883142
3.60766 0.0873585
3.6118 0.0874582
3.61772 0.0893513
3.62208 0.0876604
3.62587 0.0874095
3.63003 0.0875413
3.63016 0.0876697
3.63391 0.0873847
3.63795 0.0873934
3.64199 0.0873968
3.64622 0.0875938
3.65 0.0873463
3.65616 0.0894661
3.65629 0.0895945
3.6602 0.0874586
3.66417 0.0873988
3.66818 0.0873735
3.67222 0.0873799
3.6763 0.0874203
3.68152 0.0886103
3.68357 0.08343
3.68607 0.087946
3.68972 0.0875642
3.69369 0.0875009
3.6983 0.0880806
3.70163 0.0873788
3.70769 0.0893964
3.71176 0.087417
3.71593 0.0875518
3.71987 0.0874598
3.72387 0.0874316
3.72816 0.0876878
3.73185 0.0873401
3.73588 0.0873419
3.74075 0.0881739
3.7462 0.0895896
3.74633 0.089718
3.75005 0.0873876
3.75428 0.087585
3.75813 0.0873997
3.7621 0.0873433
3.76615 0.0873526
3.77025 0.0874212
3.77425 0.0873919
3.78043 0.08954
3.78056 0.0896683
3.78351 0.08337
3.78434 0.0882366
3.78857 0.0884311
3.79165 0.087476
3.79885 0.0906448
3.80186 0.0876072
3.80574 0.0874501
3.80968 0.0873586
3.81375 0.0873926
3.81388 0.087521
3.81817 0.0877797
3.82208 0.0876536
3.8258 0.0873405
3.82996 0.0874723
3.83009 0.0876007
3.83599 0.0894672
3.84086 0.0882898
3.84433 0.0877199
3.84798 0.0873411
3.85212 0.0874442
3.85225 0.0875726
3.85616 0.0874505
3.86016 0.0874208
3.8642 0.0874226
3.86817 0.0873623
3.87426 0.0894189
3.87721 0.0863186
3.88144 0.0865161
3.88349 0.0833525
3.88791 0.0897914
3.8916 0.0874269
3.89564 0.0874303
3.90037 0.088131
3.9046 0.0883285
3.90774 0.0874311
3.91181 0.0874685
3.91578 0.0874092
3.91981 0.0874031
3.92586 0.0894227
3.93016 0.0876661
3.93391 0.0873812
3.93403 0.0875095
3.93801 0.0874561
3.94218 0.0875879
3.94609 0.0874619
3.95 0.0873388
3.9541 0.0874079
3.95808 0.087351
3.96417 0.0894076
3.96821 0.0873966
3.97225 0.087403
3.97632 0.0874434
3.98151 0.0886023
3.98356 0.083422
3.98593 0.0878096
3.98958 0.0874278
3.99369 0.0874969
3.9983 0.0880766
4.00163 0.0873748
4.00563 0.0873432
4.00973 0.0874112
4.01591 0.0895582
4.01604 0.0896866
4.01986 0.0874535
4.0239 0.0874598
4.02838 0.0879066
4.03191 0.0873994
4.03592 0.0873741
4.04075 0.088175
4.04428 0.0876678
4.0444 0.0877962
4.048 0.0873541
4.05424 0.0895668
4.05815 0.0874269
4.0622 0.0874362
4.06617 0.0873758
4.07021 0.0873817
4.07432 0.0874566
4.08021 0.0893192
4.08355 0.0834089
4.084 0.0878904
4.08855 0.0884073
4.09162 0.0874517
4.09556 0.0873563
4.09963 0.0873858
4.10565 0.0893757
4.10969 0.0873642
4.11392 0.0875617
4.11815 0.0877576
4.12202 0.0876005
4.12587 0.0874157
4.13004 0.0875475
4.13388 0.0873558
4.13798 0.0874228
4.14423 0.0896365
4.14814 0.0874937
4.1524 0.0877252
4.15606 0.0873464
4.16016 0.0874179
4.16414 0.0873615
4.16815 0.0873362
4.17231 0.087467
4.17244 0.0875954
4.17622 0.0873439
4.18144 0.0885339
4.18349 0.0833536
4.18599 0.0878696
4.18644 0.0883175
4.18977 0.0876162
4.19598 0.0897958
4.1996 0.0873657
4.20428 0.0880111
4.20768 0.0873744
4.21175 0.0874079
4.21579 0.0874142
4.21986 0.0874506
4.22383 0.0873913
4.22818 0.0877097
4.23392 0.0894133
4.23796 0.0874053
4.24232 0.0877282
4.24623 0.0876062
4.25008 0.0874209
4.25418 0.08749
4.25813 0.087402
4.26217 0.0874078
4.26614 0.0873474
4.27222 0.0893971
4.27633 0.0874519
4.27947 0.0865595
4.28024 0.0873269
4.2835 0.0833643
4.28587 0.0897686
4.28965 0.0874985
4.29427 0.0880782
4.29472 0.0885261
4.2983 0.0880816
4.30173 0.0874771
4.30186 0.0876055
4.30573 0.0874439
4.30974 0.0874186
4.31375 0.0873904
4.31842 0.0880307
4.32384 0.0894148
4.32839 0.087915
4.33192 0.0874078
4.33589 0.0873514
4.3407 0.0881212
4.34082 0.0882496
4.34429 0.0876796
4.34797 0.0873319
4.35227 0.0875905
4.35608 0.0873712
4.36213 0.0893922
4.3662 0.0874119
4.37024 0.0874182
4.37422 0.0873618
4.38047 0.089576
4.38354 0.0834061
4.38438 0.0882727
4.38861 0.0884672
4.39168 0.0875121
4.39591 0.0877066
4.40045 0.0882122
4.40458 0.0883084
4.40766 0.0873528
4.41391 0.0895659
4.41839 0.0880029
4.42208 0.0876552
4.4258 0.087342
4.42996 0.0874738
4.43393 0.0874105
4.43794 0.0873842
4.44217 0.0875787
4.44611 0.0874878
4.45234 0.0896768
4.45618 0.0874718
4.46016 0.0874149
4.4642 0.0874207
4.46817 0.0873643
4.47221 0.0873707
4.47622 0.0873449
4.48154 0.0886322
4.48359 0.0834519
4.48596 0.0878394
4.48974 0.0875861
4.49372 0.0875268
4.49858 0.0883598
4.50428 0.0900243
4.50768 0.0873709
4.51178 0.0874395
4.51575 0.0873796
4.51986 0.0874511
4.52383 0.0873918
4.52806 0.0875818
4.5319 0.0873936
4.53588 0.0873372
4.54267 0.0900961
4.54633 0.0877005
4.55001 0.0873557
4.55415 0.0874559
4.55428 0.0875843
4.55816 0.0874301
4.56213 0.0873737
4.56614 0.0873484
4.57024 0.087413
4.57422 0.0873566
4.58053 0.089633
4.5836 0.0834631
4.58431 0.0882013
4.58853 0.0883958
4.58866 0.0885242
4.59376 0.0895858
4.59872 0.0884994
4.60186 0.087607
4.60574 0.0874499
4.60978 0.0874557
4.61375 0.0873964
4.61843 0.0880367
4.62304 0.0886164
4.6258 0.0873418
4.63191 0.0894242
4.63595 0.0874132
4.64089 0.0883154
4.64429 0.0876798
4.64797 0.087332
4.65217 0.0874974
4.65608 0.0873753
4.66015 0.0874117
4.66419 0.0874136
4.67021 0.0894
4.67428 0.0874202
4.67723 0.0863367
4.68351 0.0833672
4.68421 0.0892837
4.68748 0.0873414
4.69161 0.0874416
4.69565 0.087445
4.70054 0.0883051
4.70436 0.0880858
4.70766 0.0873519
4.71179 0.0874515
4.71579 0.0874193
4.72268 0.0902755
4.72589 0.0874315
4.73005 0.0875633
4.73018 0.0876917
4.73393 0.0874067
4.73797 0.0874154
4.74227 0.0876756
4.74611 0.0874874
4.74999 0.0873332
4.75422 0.0875307
4.76009 0.0893651
4.76419 0.0874163
4.76817 0.0873599
4.77224 0.0873974
4.77625 0.0873716
4.78144 0.0885305
4.78349 0.0833502
4.78586 0.0877378
4.78599 0.0878662
4.78964 0.0874844
4.79371 0.0875184
4.79832 0.0880981
4.80165 0.0873963
4.80565 0.0873591
4.81177 0.0894474
4.81593 0.0875613
4.81985 0.0874388
4.82407 0.0876333
4.82852 0.0880495
4.83192 0.0874139
4.83593 0.0873847
4.84089 0.0883139
4.84435 0.0877406
4.85008 0.0894431
4.85435 0.0876549
4.85813 0.0874074
4.86214 0.0873821
4.86615 0.0873568
4.87019 0.0873632
4.8742 0.0873379
4.88054 0.0896454
4.88349 0.0833471
4.88445 0.0883421
4.88855 0.0884082
4.88868 0.0885366
4.89163 0.0874531
4.89553 0.0873281
4.90181 0.0895734
4.90563 0.0873373
4.9097 0.0873743
4.91393 0.0875717
4.91774 0.0873514
4.92203 0.087611
4.92588 0.0874223
4.93004 0.0875541
4.93386 0.0873313
4.94078 0.090221
4.94091 0.0903494
4.94434 0.0877276
4.94812 0.0874771
4.95222 0.0875452
4.95613 0.0874231
4.96017 0.0874324
4.96412 0.0873415
4.96828 0.0874717
4.96841 0.0876001
4.97232 0.0874741
4.97729 0.0884097
4.98142 0.0864931
4.9836 0.083458
4.98597 0.0878456
4.99161 0.0894524
4.99596 0.0877585
5.00038 0.0881437
5.0043 0.0880274
5.00776 0.0874569
5.0117 0.087362
5.01574 0.0873683
5.01981 0.0874008
5.02381 0.087372
5.03019 0.0897141
5.03391 0.0873812
5.03801 0.0874562
5.04218 0.087588
5.04606 0.0874343
5.04997 0.0873107
5.05407 0.0873798
5.0542 0.0875082
5.05817 0.0874473
5.06218 0.0874175
5.06817 0.0893808
5.07227 0.0874316
5.07622 0.0873431
5.08148 0.0885671
5.08353 0.0833898
5.08561 0.0874889
5.08949 0.0873323
5.09368 0.0874942
5.09842 0.0882012
5.09855 0.0883296
5.10159 0.0873389
5.10566 0.0873669
5.1097 0.0873761
5.1138 0.0874452
5.11979 0.0894035
5.12383 0.0873901
5.12838 0.0879071
5.13194 0.087431
5.13598 0.0874368
5.14072 0.0881444
5.14434 0.0877339
5.148 0.0873551
5.15226 0.0875826
5.15816 0.0894487
5.16213 0.0873715
5.16624 0.087443
5.17028 0.0874494
5.17425 0.087389
5.1805 0.0896032
5.18344 0.0833049
5.18441 0.0882999
5.18863 0.0884944
5.19168 0.0875042
5.1959 0.0876987
5.20047 0.0882354
5.20428 0.0880121
5.20972 0.0894183
5.21418 0.0878212
5.21431 0.0879496
5.21815 0.0877609
5.22203 0.0876037
5.22588 0.087419
5.23004 0.0875508
5.23395 0.0874253
5.23789 0.0873288
5.24205 0.0874606
5.24814 0.0895137
5.25228 0.0876001
5.25609 0.0873808
5.25622 0.0875091
5.26013 0.0873861
5.2642 0.0874235
5.26824 0.0874293
5.27231 0.0874668
5.27628 0.0874059
5.28147 0.0885648
5.28352 0.0833845
5.28602 0.0879005
5.2898 0.0876471
5.29429 0.0880984
5.30025 0.0900248
5.30428 0.0880104
5.30774 0.0874359
5.31174 0.0874032
5.31581 0.0874407
5.31982 0.0874114
5.32386 0.0874148
5.32843 0.0879515
5.32855 0.0880799
5.33198 0.0874754
5.33794 0.0894031
5.34269 0.0880944
5.34621 0.0875872
5.34634 0.0877156
5.35009 0.087433
5.35419 0.0875021
5.35814 0.0874141
5.36215 0.0873888
5.36613 0.0873324
5.37022 0.087397
5.37632 0.0894576
5.38042 0.0875069
5.38055 0.0876353
5.38352 0.0833849
5.38423 0.0881231
5.38436 0.0882515
5.38948 0.0893447
5.39371 0.0875254
5.39877 0.088549
5.40178 0.0875283
5.40572 0.0874328
5.40973 0.0874075
5.41406 0.0876988
5.41771 0.0873229
5.42268 0.0882533
5.42838 0.0899257
5.43191 0.0874017
5.43589 0.0873454
5.44076 0.0881808
5.44431 0.0877047
5.448 0.087357
5.45216 0.0874872
5.45229 0.0876156
5.45611 0.0873963
5.46014 0.0874016
5.46623 0.0894542
5.47017 0.0873465
5.47421 0.0873523
5.4803 0.089407
5.4835 0.0833655
5.48421 0.0881037
5.48857 0.0884266
5.49167 0.0875026
5.4959 0.0876971
5.50041 0.0881756
5.50429 0.0880184
5.50769 0.0873818
5.51169 0.0873531
5.51842 0.0900447
5.52258 0.0881597
5.52582 0.0873636
5.52999 0.0874954
5.53011 0.0876238
5.53396 0.0874361
5.538 0.0874449
5.54204 0.0874483
5.54624 0.0876101
5.55002 0.0873626
5.55621 0.0895136
5.56008 0.0873426
5.56422 0.0874457
5.56823 0.0874205
5.57227 0.0874268
5.57625 0.0873699
5.58144 0.0885288
5.58349 0.0833485
5.58599 0.0878645
5.58643 0.0883124
5.58977 0.0876111
5.59371 0.0875167
5.59755 0.087329
5.60168 0.0874257
5.6077 0.0894122
5.61171 0.0873667
5.61584 0.0874664
5.61597 0.0875947
5.61981 0.087406
5.62385 0.0874094
5.6282 0.0877278
5.63186 0.087349
5.63593 0.0873859
5.64073 0.0881557
5.64615 0.0895398
5.64628 0.0896682
5.65009 0.087435
5.6542 0.0875041
5.65432 0.0876325
5.65811 0.087381
5.66215 0.0873868
5.66612 0.0873304
5.67023 0.087399
5.6742 0.0873426
5.68054 0.0896501
5.68349 0.0833518
5.68445 0.0883468
5.68874 0.088604
5.69169 0.0875205
5.69877 0.0905649
5.70178 0.0875273
5.70191 0.0876557
5.70569 0.0874048
5.70966 0.0873404
5.71405 0.0876939
5.71841 0.0880193
5.72257 0.0881511
5.72585 0.08739
5.73001 0.0875218
5.73597 0.0894506
5.74085 0.0882732
5.74437 0.0877655
5.74803 0.0873866
5.75216 0.0874898
5.75229 0.0876181
5.75608 0.0873677
5.76015 0.0874081
5.76425 0.0874766
5.76826 0.0874474
5.77428 0.0894418
5.77723 0.0863415
5.78147 0.086539
5.78351 0.0833755
5.78749 0.0893664
5.79162 0.0874498
5.79553 0.0873249
5.8003 0.0880566
5.80456 0.0882852
5.80764 0.0873296
5.8118 0.0874603
5.81584 0.0874667
5.81981 0.0874058
5.8259 0.089456
5.83006 0.087571
5.83394 0.0874144
5.83798 0.0874232
5.84227 0.0876799
5.84612 0.0874917
5.85009 0.0874308
5.85419 0.0874999
5.85816 0.087439
5.86413 0.0893678
5.86823 0.087419
5.87227 0.0874254
5.87628 0.0873996
5.88147 0.0885585
5.88352 0.0833782
5.88589 0.0877658
5.88602 0.0878942
5.88954 0.087384
5.88967 0.0875124
5.89473 0.08854
5.89755 0.0873281
5.90172 0.0874599
5.90568 0.0873876
5.90975 0.0874246
5.9158 0.0894476
5.91593 0.089576
5.91985 0.0874402
5.92408 0.0876347
5.9242 0.0877631
5.92821 0.0877314
5.92833 0.0878598
5.93186 0.0873526
5.93593 0.0873895
5.94073 0.0881593
5.94433 0.0877177
5.94801 0.08737
5.95436 0.0896839
5.95815 0.0874197
5.96212 0.0873633
5.96622 0.0874313
5.97017 0.0873404
5.97427 0.0874124
5.98048 0.0895915
5.98343 0.0832932
5.98439 0.0882882
5.98862 0.0884827
5.9917 0.0875236
5.99592 0.0877181
6.00047 0.0882277
6.00566 0.0893874
6.00976 0.0874387
6.01399 0.0876361
6.01774 0.0873536
6.0221 0.0876789
6.02582 0.0873657
6.02999 0.0874975
6.03399 0.0874653
6.0379 0.0873417
6.04437 0.0897811
6.04796 0.0873223
6.05232 0.0876471
6.05611 0.0873966
6.06018 0.0874365
6.06422 0.0874429
6.0682 0.087386
6.0722 0.0873562
6.07621 0.0873299
6.08149 0.0885776
6.08347 0.0833341
6.08552 0.0874021
6.08959 0.0874361
6.09562 0.0894266
6.09965 0.0874127
6.10359 0.0873207
6.10763 0.087322
6.11179 0.0874523
6.11577 0.0873959
6.11984 0.0874328
6.12388 0.0874362
6.12819 0.0877196
6.13386 0.089357
6.13399 0.0894854
6.13788 0.0873179
6.14268 0.0880887
6.14624 0.0876126
6.15008 0.0874233
6.15418 0.0874924
6.15806 0.0873382
6.16217 0.0874062
6.16614 0.0873459
6.17226 0.0894306
6.1762 0.0873259
6.18017 0.0872631
6.18354 0.0833978
6.18591 0.0898021
6.18969 0.087532
6.1943 0.0881117
6.19834 0.0881151
6.20161 0.0873511
6.20174 0.0874795
6.20563 0.087345
6.20974 0.087417
6.21384 0.0874861
6.21845 0.0880642
6.22387 0.0894483
6.22871 0.0882329
6.23198 0.0874689
6.23598 0.0874437
6.24073 0.0881512
6.24435 0.0877408
6.24803 0.0873931
6.2523 0.0876206
6.25611 0.0874013
6.26214 0.0893951
6.26611 0.087318
6.27021 0.0873866
6.27428 0.0874235
6.28037 0.0894782
6.28345 0.0833083
6.28428 0.0881749
6.28864 0.0884978
6.29171 0.0875427
6.29594 0.0877372
6.30045 0.0882117
6.30429 0.0880195
6.30769 0.0873828
6.31394 0.089596
6.31813 0.0877406
6.32258 0.0881602
6.32271 0.0882886
6.32586 0.0873992
6.33002 0.087531
6.33396 0.0874366
6.338 0.0874414
6.34213 0.0875386
6.34226 0.087667
6.34604 0.0874166
6.35226 0.0896056
6.35239 0.0897339
6.35621 0.0874978
6.36015 0.0874098
6.36409 0.0873189
6.36823 0.087422
6.3723 0.0874595
6.37631 0.0874337
6.3816 0.0886864
6.38352 0.0833777
6.38602 0.0878937
6.38967 0.0875119
6.3898 0.0876403
6.39428 0.0880916
6.39755 0.0873276
6.40431 0.0900514
6.4077 0.087398
6.41168 0.0873382
6.41578 0.0874072
6.41985 0.0874442
6.42389 0.0874476
6.42817 0.0876998
6.43196 0.0874494
6.43599 0.0874512
6.44221 0.0896338
6.44234 0.0897622
6.44638 0.0877518
6.45 0.0873408
6.45416 0.0874721
6.45804 0.0873179
6.46215 0.0873899
6.46613 0.0873335
6.47022 0.0873981
6.4742 0.0873417
6.48051 0.0896182
6.48346 0.0833198
6.48429 0.0881864
6.48865 0.0885093
6.49371 0.0895399
6.49877 0.0885467
6.50191 0.0876543
6.50572 0.0874305
6.5097 0.0873741
6.5138 0.0874432
6.51841 0.0880213
6.52271 0.0882815
6.52585 0.0873921
6.53194 0.0894468
6.53591 0.0873736
6.54085 0.0882758
6.54098 0.0884042
6.54438 0.087768
6.54803 0.0873892
6.5522 0.0875234
6.55611 0.0874014
6.56015 0.0874067
6.56412 0.0873429
6.56425 0.0874713
6.57024 0.0894266
6.57418 0.0873184
6.57719 0.0862971
6.57732 0.0864255
6.58353 0.0833938
6.58411 0.0891819
6.58847 0.0883265
6.59157 0.0874025
6.59593 0.0877254
6.60044 0.0881999
6.60457 0.0882961
6.60771 0.0874026
6.61181 0.0874712
6.61581 0.087439
6.6226 0.0901934
6.62578 0.0873183
6.6259 0.0874467
6.63007 0.0875785
6.63398 0.087453
6.63789 0.0873333
6.64218 0.0875935
6.64606 0.0874364
6.65003 0.0873755
6.65414 0.0874446
6.6601 0.0893723
6.66413 0.0873579
6.66824 0.0874299
6.67218 0.087339
6.67628 0.0874065
6.68148 0.0885654
6.68352 0.0833851
6.68589 0.0877727
6.68967 0.0875193
6.69422 0.0880328
6.69435 0.0881612
6.69762 0.0873972
6.70166 0.0874006
6.70568 0.0873945
6.71168 0.0893544
6.71578 0.0874067
6.71591 0.0875351
6.71976 0.0873503
6.72386 0.0874194
6.72843 0.08796
6.72856 0.0880884
6.73183 0.0873244
6.73587 0.0873302
6.74087 0.0882906
6.74394 0.087335
6.7501 0.0894543
6.75426 0.0875688
6.75805 0.0873213
6.76215 0.0873933
6.76622 0.0874303
6.7702 0.0873704
6.77424 0.0873763
6.78051 0.0896176
6.78346 0.0833192
6.78442 0.0883142
6.78865 0.0885088
6.7916 0.0874253
6.79595 0.0877482
6.80178 0.0895421
6.80572 0.0874339
6.80973 0.0874047
6.81383 0.0874737
6.81396 0.0876021
6.81841 0.0880208
6.82258 0.0881526
6.82585 0.0873915
6.83001 0.0875233
6.83386 0.0873356
6.84088 0.0903231
6.84393 0.0873196
6.84803 0.0873886
6.84816 0.087517
6.85223 0.087554
6.85607 0.0873657
6.86018 0.0874372
6.86422 0.0874436
6.86829 0.0874765
6.87232 0.0874789
6.87726 0.0883795
6.88158 0.086654
6.8835 0.0833621
6.886 0.0878781
6.89157 0.0894192
6.89593 0.0877254
6.90029 0.0880483
6.90433 0.0880546
6.90773 0.0874219
6.91167 0.087331
6.91577 0.0874001
6.91981 0.0874014
6.92378 0.0873421
6.93009 0.089618
6.93397 0.0874446
6.93791 0.0873561
6.94221 0.0876163
6.94612 0.0874942
6.95009 0.0874334
6.95419 0.0875024
6.95807 0.0873443
6.96217 0.0874123
6.96823 0.0894383
6.97227 0.0874239
6.97631 0.0874332
6.9815 0.0885921
6.98355 0.0834118
6.98592 0.0877994
6.9897 0.087546
6.99371 0.0875178
6.99755 0.0873301
6.99832 0.0880975
7.00159 0.0873335
7.00569 0.0874001
7.00973 0.0874059
7.01383 0.087475
7.01982 0.0894298
7.02389 0.0874505
7.02869 0.0882168
7.03196 0.0874528
7.03597 0.0874275
7.04074 0.0881662
7.04436 0.0877558
7.04805 0.087411
7.05215 0.087479
7.05228 0.0876074
7.05808 0.0893761
7.06216 0.0873997
7.06614 0.0873434
7.07024 0.0874119
7.07418 0.0873234
7.07976 0.0888664
7.08351 0.083369
7.08396 0.0878505
7.08844 0.0883012
7.09152 0.0873456
7.09562 0.0874097
7.09984 0.0875992
7.10368 0.0874099
7.10974 0.0894304
7.11397 0.0876111
7.11775 0.0873551
7.12258 0.0881565
7.12585 0.0873955
7.13002 0.0875273
7.13386 0.0873356
7.1379 0.0873404
7.14232 0.087726
7.14812 0.0894953
7.15226 0.0875816
7.15239 0.08771
7.15613 0.0874245
7.16011 0.0873676
7.16418 0.0874011
7.16825 0.087438
7.17228 0.0874404
7.17626 0.0873835
7.18145 0.0885424
7.1835 0.0833621
7.186 0.0878781
7.18978 0.0876247
7.19471 0.0885239
7.20029 0.090065
7.20435 0.0880817
7.20772 0.087414
7.21172 0.0873813
7.21569 0.0873215
7.21973 0.0873233
7.22377 0.0873267
7.22824 0.0877696
7.2319 0.0873907
7.23203 0.0875191
7.23793 0.0893846
7.2426 0.0880103
7.24629 0.0876625
7.24998 0.0873178
7.25421 0.0875152
7.25809 0.087361
7.26216 0.087398
7.26616 0.0873687
7.27026 0.0874333
7.27623 0.0893655
7.28052 0.0876055
7.28346 0.0833239
7.2843 0.0881905
7.28442 0.0883189
7.28955 0.0894121
7.29429 0.0881034
7.29871 0.0884886
7.30172 0.0874678
7.30569 0.087404
7.30973 0.0874098
7.31384 0.0874789
7.31845 0.088057
7.32261 0.0881888
7.32274 0.0883172
7.32841 0.0899546
7.33194 0.0874306
7.33595 0.0874054
7.34088 0.0883035
7.34392 0.0873168
7.34803 0.0873859
7.35213 0.0874539
7.35226 0.0875823
7.35613 0.0874252
7.36017 0.0874265
7.36613 0.0893547
7.3702 0.0873714
7.37423 0.0873733
7.38035 0.0894591
7.38343 0.0832891
7.38413 0.0880273
7.38852 0.0883814
7.3916 0.0874263
7.39595 0.0877492
7.40046 0.0882236
7.4043 0.0880314
7.4077 0.0873948
7.41183 0.0874944
7.41814 0.0897693
7.4226 0.0881722
7.42586 0.0874072
7.43003 0.087539
7.43388 0.0873513
7.43792 0.08736
7.44208 0.0874918
7.44615 0.0875253
7.44628 0.0876537
7.4501 0.0874373
7.45612 0.0894288
7.45625 0.0895572
7.4601 0.0873551
7.46414 0.0873614
7.46824 0.0874295
7.47218 0.0873346
7.47625 0.087375
7.48144 0.0885339
7.48349 0.0833536
7.48599 0.0878695
7.48977 0.0876162
7.4947 0.0885114
7.49765 0.0874279
7.50169 0.0874313
7.50774 0.0894489
7.51168 0.0873412
7.51578 0.0874057
7.51972 0.0873143
7.52376 0.0873177
7.52811 0.0876361
7.53189 0.0873857
7.53596 0.0874226
7.54028 0.0877094
7.54073 0.0881573
7.54631 0.0897009
7.55 0.0873393
7.55423 0.0875368
7.55808 0.0873515
7.56217 0.0874155
7.56615 0.0873552
7.57022 0.0873926
7.57422 0.0873634
7.5805 0.0896087
7.58345 0.0833104
7.58441 0.0883053
7.58864 0.0884999
7.59159 0.0874164
7.59879 0.0905851
7.6018 0.0875476
7.60562 0.0873277
7.60965 0.0873296
7.61407 0.0877182
7.61815 0.0877551
7.62257 0.0881437
7.62584 0.0873826
7.63001 0.0875144
7.6359 0.089377
7.64074 0.0881651
7.64087 0.0882934
7.64395 0.0873378
7.64805 0.0874069
7.65222 0.0875411
7.65613 0.0874191
7.66014 0.0873933
7.66427 0.0874929
7.66818 0.0873664
7.6683 0.0874948
7.6742 0.0893568
7.67721 0.0863187
7.68144 0.0865162
7.68352 0.0833838
7.68846 0.0903333
7.69153 0.0873614
7.69166 0.0874898
7.69589 0.0876843
7.70034 0.0880966
7.70457 0.088294
7.70768 0.0873695
7.71181 0.0874692
7.71581 0.087441
7.71972 0.0873139
7.72577 0.089333
7.73007 0.0875764
7.73398 0.0874509
7.73792 0.0873624
7.74221 0.0876226
7.74615 0.0875277
7.75009 0.0874357
7.75423 0.0875359
7.7581 0.0873777
7.76413 0.0893726
7.76824 0.0874279
7.77231 0.0874653
7.77628 0.0874084
7.78151 0.0885984
7.78356 0.0834181
7.78593 0.0878057
7.78958 0.087424
7.79435 0.0881632
7.79762 0.0873992
7.80166 0.0874026
7.80569 0.0873965
7.80976 0.0874334
7.81584 0.0894876
7.81976 0.0873483
7.82376 0.08732
7.82824 0.0877669
7.8319 0.087388
7.83597 0.087425
7.84074 0.0881636
7.84433 0.0877221
7.84802 0.0873744
7.85424 0.0895599
7.85436 0.0896883
7.85805 0.0873267
7.86216 0.0873987
7.86623 0.0874357
7.87023 0.0874069
7.87418 0.0873155
7.88058 0.0896892
7.88353 0.0833908
7.88436 0.0882574
7.88449 0.0883858
7.88859 0.088452
7.89157 0.0873996
7.8917 0.0875279
7.89593 0.0877225
7.9005 0.0882591
7.90572 0.0894481
7.90976 0.0874372
7.91418 0.0878258
7.91774 0.0873486
7.92257 0.08815
7.92588 0.0874201
7.93004 0.0875519
7.93398 0.0874575
7.93789 0.0873339
7.9443 0.0897081
7.94818 0.0875342
7.95231 0.0876373
7.95613 0.087418
7.9601 0.0873611
7.96417 0.0873985
7.96824 0.0874354
7.97234 0.0875
7.97625 0.0873769
7.98145 0.0885359
7.98349 0.0833556
7.98599 0.0878715
7.98977 0.0876182
7.99589 0.0876838
8.00031 0.0880689
8.00425 0.087974
8.00765 0.0873473
8.01169 0.0873497
8.01573 0.0873561
8.01973 0.0873268
8.02387 0.087427
8.02809 0.087613
8.03401 0.0895072
8.03792 0.0873668
8.04235 0.0877554
8.04597 0.087345
8.05004 0.0873809
8.05417 0.087481
8.05805 0.0873269
8.06218 0.0874255
8.06616 0.0873651
8.07219 0.0893595
8.07622 0.0873475
8.07962 0.0867114
8.0834 0.0832619
8.08561 0.0895062
8.08955 0.087395
8.09368 0.0874947
8.09861 0.0883924
8.10156 0.0873083
8.10569 0.0873985
8.1097 0.0873727
8.11383 0.0874729
8.11844 0.0880505
8.12424 0.0898168
8.12873 0.0882513
8.13199 0.0874873
8.13597 0.087431
8.14074 0.0881696
8.14395 0.0873429
8.14808 0.0874431
8.15218 0.0875032
8.15231 0.0876316
8.15602 0.0873149
8.16218 0.0894412
8.16619 0.0873991
8.17023 0.0874055
8.17417 0.087314
8.18052 0.0896255
8.18347 0.0833272
8.1843 0.0881938
8.18853 0.0883883
8.19161 0.0874332
8.19583 0.0876277
8.19596 0.0877561
8.2005 0.0882617
8.20434 0.0880695
8.20774 0.0874328
8.21421 0.0878554
8.21771 0.0873161
8.22261 0.0881836
8.22578 0.0873253
8.23008 0.0875855
8.23389 0.0873627
8.23799 0.0874297
8.24209 0.0874958
8.24609 0.0874671
8.25231 0.0896521
8.25612 0.087416
8.25625 0.0875444
8.2601 0.0873591
8.26414 0.0873615
8.26824 0.0874295
8.27231 0.087463
8.27628 0.0874061
8.28148 0.088565
8.28352 0.0833847
8.28634 0.0882202
8.2898 0.0876473
8.29429 0.0880986
8.30031 0.0900871
8.30425 0.0879755
8.30761 0.0873077
8.31175 0.0874074
8.31569 0.0873164
8.31973 0.0873183
8.32376 0.0873217
8.32827 0.0877956
8.33192 0.0874168
8.33587 0.0873253
8.3426 0.090022
8.34273 0.0901504
8.34625 0.0876264
8.35007 0.08741
8.35417 0.0874791
8.35812 0.0873911
8.36216 0.0873969
8.36613 0.0873366
8.37026 0.0874322
8.37422 0.0873639
8.38063 0.0897376
8.38345 0.0833109
8.38428 0.0881775
8.38954 0.0893991
8.39383 0.0876426
8.39848 0.0882534
8.40175 0.0874894
8.40572 0.0874256
8.40975 0.0874314
8.41386 0.0875005
8.4177 0.0873112
8.42263 0.0882104
8.42578 0.087321
8.43203 0.0875184
8.43591 0.0873647
8.44087 0.088298
8.44395 0.0873429
8.44808 0.0874391
8.45221 0.0875382
8.45615 0.0874433
8.46005 0.0873122
8.46415 0.0873768
8.47021 0.0894023
8.47422 0.0873563
8.48043 0.0895394
8.48351 0.0833695
8.48408 0.0879793
8.4885 0.0883649
8.49158 0.0874098
8.49594 0.0877327
8.50048 0.0882383
8.50429 0.088015
8.50772 0.0874095
8.51172 0.0873807
8.51771 0.0893406
8.52262 0.0881914
8.52579 0.0873291
8.52591 0.0874575
8.53008 0.0875892
8.53386 0.0873354
8.53399 0.0874637
8.53793 0.0873752
8.54216 0.0875698
8.54617 0.087541
8.54629 0.0876694
8.55008 0.0874219
8.55421 0.0875221
8.56008 0.0893565
8.56412 0.0873461
8.56823 0.0874181
8.5722 0.0873582
8.57628 0.0873986
8.58147 0.0885575
8.58352 0.0833772
8.58589 0.0877648
8.58967 0.0875114
8.59437 0.0881844
8.59764 0.0874204
8.60168 0.0874239
8.60763 0.0893441
8.6117 0.0873648
8.6158 0.0874294
8.61974 0.0873379
8.62378 0.0873413
8.62826 0.0877881
8.63192 0.0874093
8.63586 0.0873179
8.64076 0.0881809
8.64393 0.0873226
8.65002 0.087363
8.65425 0.0875604
8.6581 0.0873751
8.66207 0.0873148
8.66618 0.0873828
8.67024 0.0874163
8.67422 0.0873559
8.68049 0.0896012
8.68062 0.0897296
8.68344 0.0833029
8.6844 0.0882979
8.68863 0.0884924
8.69158 0.0874089
8.69881 0.0906088
8.70183 0.0875712
8.70567 0.0873825
8.70965 0.0873221
8.71407 0.0877107
8.71814 0.0877476
8.72259 0.0881673
8.72586 0.0874063
8.73003 0.0875381
8.73596 0.0894357
8.7408 0.0882238
8.74093 0.0883522
8.74432 0.0877166
8.74807 0.0874311
8.75224 0.0875653
8.75237 0.0876937
8.75615 0.0874432
8.7601 0.0873552
8.76429 0.0875131
8.76829 0.0874839
8.77233 0.0874862
8.77721 0.0883286
8.7815 0.086572
8.78355 0.0834085
8.78848 0.090358
8.79155 0.0873821
8.79591 0.087705
8.80027 0.088028
8.80434 0.0880654
8.8077 0.0873977
8.81168 0.0873378
8.81181 0.0874662
8.81572 0.0873442
8.81585 0.0874726
8.81982 0.0874117
8.82578 0.0893375
8.83007 0.0875809
8.8302 0.0877093
8.83401 0.0874865
8.83792 0.0873669
8.8426 0.0880093
8.84613 0.0875021
8.84626 0.0876305
8.85007 0.0874141
8.85418 0.0874832
8.85811 0.0873872
8.86218 0.0874241
8.86821 0.0874023
8.87231 0.0874708
8.87626 0.0873828
8.88151 0.0886045
8.88356 0.0834242
8.88593 0.0878118
8.88959 0.08743
8.89436 0.0881692
8.89763 0.0874052
8.90166 0.0874086
8.90572 0.0874336
8.90963 0.087311
8.91572 0.0893652
8.91976 0.0873543
8.92377 0.0873261
8.92825 0.0877729
8.93193 0.0874252
8.93597 0.087431
8.94074 0.0881697
8.94395 0.0873429
8.94802 0.0873769
8.95424 0.0895625
8.95437 0.0896909
8.95809 0.0873604
8.96219 0.0874324
8.96623 0.0874343
8.97013 0.0873082
8.97417 0.0873141
8.98058 0.0896878
8.9834 0.083261
8.98436 0.088256
8.98449 0.0883844
8.98859 0.0884506
8.9916 0.0874293
8.99173 0.0875577
8.99596 0.0877522
9.0004 0.0881605
9.00563 0.0893556
9.00966 0.0873407
9.01402 0.0876665
9.01771 0.0873178
9.02209 0.0876708
9.02581 0.0873576
9.03011 0.0876178
9.03389 0.0873639
9.03402 0.0874923
9.03789 0.0873336
9.0444 0.0898046
9.04812 0.0874747
9.04824 0.087603
9.05235 0.0876711
9.05613 0.0874206
9.06014 0.0873943
9.06421 0.0874318
9.06818 0.0873674
9.07221 0.0873688
9.07625 0.0873696
9.0814 0.0884929
9.08345 0.0833156
9.08551 0.0873836
9.08954 0.0873865
9.08967 0.0875149
9.09554 0.0893498
9.09964 0.0874021
9.10368 0.0874034
9.10765 0.0873426
9.11172 0.0873755
9.11576 0.0873819
9.11973 0.0873215
9.12377 0.0873249
9.12808 0.0876083
9.13392 0.0894091
9.13799 0.0874322
9.1426 0.0880119
9.14613 0.0875047
9.14626 0.0876331
9.14998 0.0873194
9.15421 0.0875169
9.15815 0.0874289
9.16206 0.0873023
9.16616 0.0873704
9.17023 0.0874039
9.17626 0.0873815
9.18049 0.087576
9.18061 0.0877044
9.18343 0.0832944
9.18593 0.0898272
9.18958 0.0874287
9.1942 0.0880083
9.19763 0.0874038
9.20157 0.08731
9.20169 0.0874384
9.2056 0.0873084
9.20964 0.0873142
9.21383 0.0874766
9.21774 0.0873495
9.22377 0.0893415
9.22389 0.0894699
9.2286 0.0881261
9.22873 0.0882545
9.232 0.0874905
9.23585 0.0873058
9.24078 0.0882039
9.24392 0.0873145
9.24799 0.0873485
9.24812 0.0874769
9.25215 0.0874747
9.25228 0.0876031
9.25612 0.0874149
9.26219 0.0894439
9.26619 0.0874018
9.27023 0.0874082
9.27421 0.0873478
9.28049 0.0895931
9.28343 0.0832948
9.28427 0.0881614
9.28439 0.0882898
9.28862 0.0884843
9.29157 0.0874008
9.2917 0.0875292
9.29593 0.0877237
9.30041 0.0881671
9.30053 0.0882955
9.3039 0.0876243
9.30761 0.0873071
9.31421 0.0898749
9.31774 0.0873499
9.32264 0.0882174
9.32582 0.0873591
9.33001 0.087522
9.33389 0.0873614
9.33799 0.0874324
9.34248 0.0878837
9.34613 0.0875049
9.35232 0.0896588
9.35613 0.0874227
9.35626 0.087551
9.36005 0.0873035
9.36418 0.0874032
9.36812 0.0873117
9.37232 0.0874736
9.37244 0.087602
9.37629 0.0874167
9.38155 0.0886384
9.38168 0.0887667
9.38347 0.0833297
9.38565 0.0875261
9.38959 0.0874322
9.39433 0.0881403
9.3976 0.0873763
9.40426 0.0900068
9.40763 0.0873223
9.41173 0.0873909
9.4157 0.087331
9.41974 0.0873329
9.42378 0.0873363
9.42813 0.0876547
9.43194 0.0874354
9.43207 0.0875638
9.43589 0.0873439
9.44262 0.0900406
9.44627 0.087645
9.45009 0.0874286
9.45419 0.0874977
9.45814 0.0874097
9.46214 0.0873804
9.46614 0.0873512
9.47024 0.0874157
9.47422 0.0873554
9.48062 0.0897291
9.48344 0.0833023
9.48427 0.0881689
9.4885 0.0883635
9.49369 0.0895224
9.49879 0.0885643
9.5018 0.0875435
9.50561 0.0873197
9.50968 0.0873567
9.51381 0.0874568
9.51772 0.0873258
9.52278 0.0883534
9.52579 0.0873356
9.53194 0.0894525
9.53592 0.0873793
9.54092 0.0883437
9.54393 0.0873258
9.548 0.0873598
9.55223 0.0875562
9.55617 0.0874653
9.56015 0.0874044
9.56414 0.0873678
9.57014 0.089331
9.57418 0.0873201
9.57719 0.0862988
9.58341 0.0832671
9.58411 0.0891837
9.58744 0.087304
9.58853 0.0883909
9.59161 0.0874358
9.59584 0.0876303
9.6005 0.0882643
9.60431 0.088041
9.60761 0.0873071
9.61172 0.0873756
9.61184 0.087504
9.61572 0.0873474
9.61585 0.0874758
9.62264 0.0902341
9.62579 0.0873279
9.63008 0.0875881
9.63389 0.0873653
9.63796 0.0874052
9.64226 0.0876654
9.64623 0.0876016
9.65001 0.0873501
9.65414 0.0874503
9.65427 0.0875787
9.66008 0.0893509
9.66412 0.0873404
9.66812 0.0873152
9.67223 0.0873837
9.6763 0.0874241
9.68149 0.088583
9.68354 0.0834027
9.68591 0.0877903
9.68956 0.0874085
9.68969 0.0875369
9.69424 0.0880504
9.69437 0.0881788
9.69764 0.0874148
9.70167 0.0874182
9.7056 0.0873149
9.71173 0.0894031
9.7157 0.087327
9.71977 0.0873639
9.72375 0.0873046
9.72813 0.0876541
9.72826 0.0877825
9.73194 0.0874348
9.73588 0.0873433
9.74094 0.0883659
9.74392 0.0873135
9.74998 0.0893396
9.75421 0.0875202
9.75813 0.0874011
9.76213 0.0873719
9.7661 0.0873115
9.77024 0.0874112
9.77421 0.0873508
9.78062 0.0897245
9.78344 0.0832978
9.7844 0.0882928
9.78863 0.0884873
9.79158 0.0874038
9.79593 0.0877267
9.80186 0.089618
9.80564 0.0873503
9.80974 0.0874143
9.81406 0.0877056
9.81775 0.0873569
9.82258 0.0881583
9.82579 0.087331
9.83008 0.0875912
9.83389 0.0873684
9.84079 0.0902275
9.84393 0.0873213
9.84813 0.0874837
9.85226 0.0875868
9.85605 0.0873363
9.85617 0.0874647
9.86012 0.0873767
9.86412 0.087348
9.86829 0.0874782
9.87245 0.087609
9.8772 0.088323
9.88143 0.0865037
9.88348 0.0833401
9.88566 0.0875366
9.89155 0.0893967
9.89591 0.0877029
9.9002 0.0879596
9.90033 0.088088
9.90423 0.087962
9.90764 0.0873293
9.91167 0.0873317
9.91571 0.087338
9.91975 0.0873394
9.92378 0.0873428
9.93007 0.0895915
9.93404 0.0875115
9.93798 0.0874229
9.94227 0.0876831
9.94618 0.0875571
9.94996 0.0873056
9.9542 0.0875031
9.9581 0.0873721
9.96217 0.087409
9.9682 0.0894039
9.97236 0.0875219
9.97628 0.0874028
9.98141 0.0884955
9.98358 0.0834436
9.98595 0.0878312
9.98973 0.0875778
9.99421 0.0880251
9.99434 0.0881535
9.99761 0.0873895

