% time_sec delay_sec
1.11658 0.0164521
1.11658 0.0164521
1.21657 0.016436
1.31656 0.0164312
1.41453 0.318417
1.41656 0.0164338
1.51656 0.0164313
1.61688 0.0167449
1.71688 0.0167481
1.7172 0.318405
1.81656 0.0164294
1.91589 0.21509
1.91824 0.0180924
1.91992 0.0217855
1.92401 0.0218475
2.01588 0.109683
2.01795 0.0177983
2.01981 0.0216741
2.02408 0.0219137
2.0281 0.0218955
2.03193 0.0216986
2.03599 0.021723
2.04042 0.0221148
2.04442 0.0220849
2.0481 0.0217354
2.05422 0.0217983
2.05819 0.0217367
2.05832 0.0218651
2.06224 0.0217493
2.06626 0.0217387
2.06639 0.0218671
2.07028 0.0217246
2.07041 0.021853
2.07436 0.0217718
2.07848 0.0218585
2.07893 0.0223064
2.08251 0.0218529
2.08263 0.0219813
2.08645 0.021758
2.09323 0.0245123
2.09662 0.0218505
2.10063 0.0218223
2.10469 0.0218542
2.10863 0.0217582
2.11392 0.0230139
2.11405 0.0231423
2.11802 0.0178695
2.11828 0.0221598
2.12254 0.0223884
2.12626 0.0220713
2.12638 0.0221997
2.13016 0.0219458
2.13394 0.0216919
2.14083 0.024543
2.14435 0.022019
2.14448 0.0221474
2.14817 0.0217997
2.15239 0.0219922
2.15618 0.0217417
2.16022 0.021747
2.16426 0.0217529
2.16823 0.0216965
2.16836 0.0218249
2.1723 0.0217299
2.17634 0.0217353
2.18278 0.0241406
2.18707 0.0223805
2.1911 0.02238
2.19501 0.022255
2.19929 0.0225072
2.19942 0.0226356
2.20256 0.0217432
2.20269 0.0218716
2.20689 0.0220335
2.21089 0.0220042
2.21602 0.0230965
2.21804 0.0178875
2.21999 0.0218612
2.22397 0.0218019
2.23015 0.0239534
2.23416 0.0219044
2.23809 0.0218079
2.24213 0.0218113
2.24226 0.0219397
2.2461 0.0217515
2.24623 0.0218799
2.2502 0.021819
2.25431 0.0218881
2.25816 0.0217028
2.26216 0.0216775
2.26621 0.0216868
2.27232 0.0217548
2.2764 0.0217952
2.28056 0.021927
2.28069 0.0220554
2.28486 0.0221872
2.28915 0.0224444
2.29312 0.0223851
2.29325 0.0225135
2.29652 0.0217495
2.30088 0.0220724
2.30492 0.0220788
2.31087 0.024003
2.31402 0.0210939
2.31805 0.0179006
2.32001 0.0238911
2.32401 0.0218461
2.32823 0.0220322
2.33202 0.0217817
2.33606 0.0217875
2.34083 0.0225297
2.34442 0.0220881
2.34811 0.0217404
2.34824 0.0218688
2.35234 0.0219408
2.35821 0.0237757
2.36231 0.021827
2.36629 0.0217661
2.37038 0.0218307
2.37464 0.0220547
2.37477 0.0221831
2.37894 0.0223179
2.38269 0.0220329
2.38711 0.0224185
2.39101 0.0222935
2.39486 0.0221058
2.39499 0.0222342
2.40089 0.0240978
2.40489 0.0220483
2.40886 0.021988
2.41399 0.0230802
2.41802 0.0178702
2.41828 0.0221605
2.42266 0.022514
2.42279 0.0226424
2.42626 0.0220724
2.42638 0.0222008
2.43016 0.0219469
2.43401 0.0217592
2.43414 0.0218876
2.43802 0.0217369
2.43815 0.0218653
2.44225 0.0219314
2.44821 0.0238601
2.45231 0.0219074
2.45622 0.0217854
2.46029 0.0218218
2.46433 0.0218236
2.46836 0.0218255
2.47227 0.0217034
2.4724 0.0218318
2.47632 0.0217127
2.48083 0.0221951
2.48096 0.0223235
2.48487 0.0221986
2.49102 0.0222992
2.49506 0.0223026
2.49519 0.022431
2.49947 0.0226833
2.50261 0.0217909
2.5069 0.02205
2.50703 0.0221784
2.51087 0.0219857
2.516 0.0230779
2.51795 0.0178027
2.51994 0.0218076
2.52392 0.0217483
2.52404 0.0218766
2.52821 0.0220084
2.53199 0.021754
2.53805 0.023779
2.53818 0.0239074
2.54227 0.0219568
2.54631 0.0219631
2.55019 0.0218089
2.5543 0.021878
2.55815 0.0216927
2.55827 0.0218211
2.56225 0.0217647
2.56623 0.0217083
2.5703 0.0217458
2.57646 0.0238686
2.58062 0.0219836
2.58479 0.0221154
2.58908 0.0223727
2.59318 0.0224417
2.59658 0.0218061
2.60084 0.0220312
2.605 0.022158
2.60875 0.021876
2.61394 0.0230344
2.61804 0.0178905
2.61817 0.0220524
2.6183 0.0221808
2.62272 0.0225694
2.62817 0.0239811
2.63201 0.0217761
2.63214 0.0219045
2.63608 0.0218091
2.64082 0.0225167
2.64434 0.0220094
2.64813 0.021759
2.64826 0.0218874
2.65236 0.0219594
2.65618 0.0217401
2.66022 0.0217494
2.66628 0.0237743
2.67038 0.0218261
2.6747 0.0221164
2.67928 0.0226639
2.68274 0.0220911
2.6871 0.022414
2.69101 0.022289
2.69505 0.0222924
2.69937 0.0225837
2.6995 0.0227121
2.70251 0.0216913
2.70264 0.0218197
2.70886 0.021985
2.71168 0.0207731
2.71827 0.0181245
2.71853 0.0235931
2.72327 0.0231189
2.72625 0.0220665
2.72638 0.0221949
2.73013 0.0219099
2.73397 0.0217222
2.7341 0.0218506
2.73798 0.0216998
2.73811 0.0218282
2.7424 0.0220855
2.74253 0.0222139
2.74622 0.0218661
2.75013 0.021747
2.75622 0.0238047
2.76029 0.0218243
2.76433 0.0218262
2.76843 0.0218902
2.77243 0.0218615
2.77638 0.0217735
2.7808 0.0221586
2.78092 0.022287
2.78483 0.022162
2.78874 0.0220371
2.79499 0.0242513
2.79934 0.0225529
2.79947 0.0226813
2.80261 0.0217889
2.80697 0.0221143
2.81126 0.0223734
2.81139 0.0225018
2.81587 0.0229515
2.816 0.0230799
2.81805 0.0178981
2.81997 0.0218407
2.82395 0.0217814
2.82815 0.0219443
2.83206 0.0218222
2.83603 0.0217658
2.84087 0.0225702
2.84619 0.023857
2.84632 0.0239854
2.85016 0.0217793
2.85427 0.0218484
2.8544 0.0219768
2.85821 0.0217564
2.86231 0.0218284
2.86623 0.0217093
2.86636 0.0218377
2.8703 0.0217468
2.8746 0.0220099
2.87854 0.0219184
2.88469 0.0240359
2.88898 0.0222764
2.88911 0.0224048
2.89346 0.0227271
2.89661 0.0218348
2.90083 0.0220293
2.90096 0.0221577
2.90483 0.0219926
2.90874 0.0218661
2.91399 0.0230867
2.918 0.0178455
2.91857 0.0224553
2.92255 0.022396
2.92629 0.02211
2.93027 0.0220507
2.93604 0.0237848
2.94103 0.0227245
2.94442 0.0220889
2.94824 0.0218695
2.95234 0.0219376
2.95618 0.0217493
2.96023 0.0217586
2.96424 0.0217334
2.96834 0.0218054
2.97475 0.0241815
2.9793 0.0226772
2.98321 0.0225522
2.98718 0.02249
2.99109 0.022365
2.99499 0.02224
2.99903 0.0222389
3.00255 0.0217317
3.00268 0.0218601
3.00682 0.0219658
3.01089 0.0220027
3.01602 0.0210782
3.01615 0.0212066
3.01804 0.0178859
3.01987 0.0217313
3.02634 0.0241701
3.03025 0.0220284
3.03403 0.0217745
3.0381 0.0218104
3.04213 0.0218138
3.04226 0.0219422
3.04611 0.0217574
3.04624 0.0218858
3.05015 0.0217662
3.05028 0.0218945
3.05438 0.0219636
3.05817 0.0217161
3.06432 0.0238384
3.06836 0.0218269
3.07234 0.0217661
3.07637 0.0217708
3.08054 0.0219016
3.08454 0.0218689
3.08867 0.0219691
3.09306 0.0223255
3.09656 0.0217896
3.10268 0.0238739
3.10701 0.0221543
3.1113 0.0224089
3.11598 0.0230572
3.11799 0.0178403
3.11992 0.0217829
3.12395 0.0217863
3.12821 0.0220114
3.132 0.021761
3.13212 0.0218894
3.13603 0.0217668
3.13616 0.0218952
3.14078 0.0224778
3.1444 0.0220674
3.14819 0.021817
3.15421 0.0238119
3.15822 0.0217693
3.16229 0.0218062
3.16639 0.0218743
3.17037 0.0218144
3.17428 0.0216919
3.17473 0.0221398
3.17896 0.0223367
3.18283 0.0221801
3.18712 0.0224374
3.19318 0.024457
3.19658 0.0218046
3.20087 0.0220648
3.201 0.0221932
3.20496 0.0221254
3.20884 0.0219678
3.21429 0.0233835
3.21804 0.0178895
3.2183 0.0221798
3.22256 0.0224084
3.22628 0.0220952
3.23016 0.0219386
3.234 0.0217509
3.23804 0.0217597
3.24442 0.0241023
3.24823 0.0218662
3.2523 0.0218991
3.25621 0.0217771
3.26028 0.0218135
3.26426 0.0217531
3.26836 0.0218252
3.27253 0.0219559
3.27634 0.0217395
3.2832 0.0245616
3.28711 0.0224199
3.29114 0.0224233
3.29505 0.0222983
3.29944 0.0226478
3.30258 0.0217555
3.30683 0.0219801
3.30696 0.0221084
3.3109 0.022009
3.31602 0.0231013
3.31826 0.0181145
3.31997 0.0218314
3.32394 0.0217721
3.32823 0.0220323
3.32836 0.0221607
3.33403 0.0237981
3.33817 0.0218834
3.34224 0.0219179
3.34621 0.0218581
3.35016 0.0217701
3.35426 0.0218391
3.3582 0.0217511
3.36224 0.021757
3.36622 0.0217006
3.37234 0.0237854
3.37644 0.0218401
3.38061 0.0219719
3.38477 0.0221037
3.38919 0.0224893
3.39317 0.02243
3.39657 0.0217944
3.40086 0.0220546
3.40493 0.0220881
3.41091 0.0240394
3.41405 0.0211303
3.41806 0.0179059
3.41818 0.0220678
3.42396 0.023806
3.42837 0.0221698
3.43203 0.021791
3.4361 0.0218279
3.44084 0.0225355
3.44436 0.0220283
3.44815 0.0217778
3.45238 0.0219782
3.45619 0.0217589
3.46232 0.0238501
3.46639 0.0218737
3.47036 0.0218099
3.47466 0.022069
3.47478 0.0221974
3.47927 0.0226517
3.48273 0.0220788
3.48696 0.0222733
3.491 0.0222767
3.49113 0.0224051
3.49497 0.0222174
3.50093 0.0241437
3.50491 0.0220671
3.50885 0.0219757
3.51388 0.0229746
3.51401 0.023103
3.5183 0.0181462
3.51855 0.0224366
3.52291 0.0227589
3.52624 0.0220606
3.52637 0.022189
3.53015 0.0219356
3.534 0.0217479
3.53413 0.0218763
3.53798 0.0216945
3.53811 0.0218229
3.54253 0.0222085
3.54624 0.0218919
3.5523 0.0239134
3.55621 0.0217746
3.55634 0.021903
3.56028 0.021811
3.56432 0.0218169
3.56829 0.0217565
3.56842 0.0218849
3.57239 0.0218251
3.57637 0.0217681
3.58098 0.0223478
3.58553 0.0228619
3.59101 0.0243057
3.59505 0.0222924
3.59905 0.0222602
3.60257 0.021753
3.6027 0.0218814
3.60696 0.022106
3.61084 0.0219483
3.61097 0.0220767
3.6159 0.0229783
3.61804 0.0178938
3.61997 0.0218364
3.62394 0.0217771
3.62817 0.0219711
3.63199 0.0217517
3.63603 0.0217576
3.64225 0.0239436
3.64635 0.0219954
3.65026 0.0218763
3.65424 0.021817
3.65821 0.0217601
3.66225 0.0217659
3.66623 0.0217095
3.6703 0.021747
3.67428 0.0216906
3.68062 0.0240015
3.68479 0.0221166
3.68555 0.022884
3.68908 0.0223738
3.68921 0.0225022
3.69318 0.0224389
3.69657 0.0218033
3.7008 0.0219973
3.70477 0.0219335
3.70878 0.0219043
3.71394 0.0230316
3.71804 0.0178877
3.71829 0.022178
3.72256 0.0224066
3.7263 0.0221205
3.7321 0.0238868
3.73614 0.0218719
3.74088 0.0225755
3.7444 0.0220683
3.74819 0.0218179
3.75235 0.0219521
3.7562 0.0217639
3.76024 0.0217731
3.76422 0.0217168
3.77038 0.0238396
3.7747 0.022113
3.77928 0.0226606
3.78274 0.0220877
3.78319 0.0225356
3.7871 0.0224106
3.79101 0.0222857
3.79504 0.0222891
3.79936 0.0225764
3.80251 0.021684
3.80263 0.0218124
3.80891 0.0240567
3.81176 0.0208591
3.81605 0.0211143
3.81804 0.017891
3.82253 0.0243915
3.82637 0.02219
3.83022 0.0220023
3.83407 0.0218146
3.83805 0.0217611
3.83817 0.0218895
3.84208 0.0217645
3.84221 0.0218929
3.84612 0.0217709
3.85007 0.0216829
3.8543 0.0218803
3.85443 0.0220087
3.86029 0.0238391
3.86433 0.0218242
3.8683 0.0217639
3.86843 0.0218923
3.87246 0.0218946
3.87638 0.0217755
3.88054 0.0219073
3.88484 0.0221675
3.88875 0.0220425
3.88887 0.0221709
3.89346 0.022719
3.89922 0.0244468
3.90262 0.0217944
3.90697 0.0221163
3.91129 0.0224065
3.91591 0.0229892
3.91795 0.0177994
3.91994 0.0218047
3.92391 0.0217424
3.92404 0.0218708
3.92817 0.0219676
3.93198 0.0217482
3.93211 0.0218766
3.93596 0.0216918
3.93609 0.0218202
3.94096 0.0226596
3.94442 0.0220857
3.95025 0.0238856
3.95436 0.0219379
3.9582 0.0217526
3.95833 0.021881
3.96231 0.0218206
3.96628 0.0217637
3.97032 0.02177
3.9743 0.0217137
3.97895 0.0223274
3.98279 0.0221397
3.98894 0.0242542
3.99317 0.0224349
3.99657 0.0217993
4.0008 0.0219933
4.00093 0.0221217
4.00499 0.0221568
4.00871 0.0218357
4.0139 0.0229941
4.01803 0.0178813
4.01816 0.0220433
4.01829 0.0221717
4.02249 0.0223375
4.02627 0.0220826
4.0264 0.022211
4.03024 0.0220233
4.03396 0.0217072
4.04088 0.0245934
4.0444 0.0220694
4.04453 0.0221978
4.04825 0.0218841
4.05232 0.0219171
4.05626 0.0218261
4.06021 0.0217376
4.06034 0.021866
4.06421 0.0217089
4.06832 0.0217804
4.07226 0.0216923
4.07239 0.0218207
4.07925 0.0246477
4.08259 0.0219326
4.08271 0.022061
4.0865 0.0218105
4.09085 0.0221329
4.09461 0.0218509
4.09911 0.0223238
4.10261 0.0217849
4.10687 0.022012
4.107 0.0221403
4.11091 0.0220173
4.1159 0.0229806
4.11802 0.0178689
4.11991 0.0217764
4.12388 0.0217171
4.13017 0.0239659
4.13414 0.0218858
4.13811 0.0218244
4.14215 0.0218278
4.14615 0.0217991
4.14628 0.0219275
4.15022 0.0218355
4.15432 0.0219046
4.15817 0.0217193
4.16228 0.0217913
4.1684 0.023883
4.17257 0.021997
4.17648 0.0218739
4.18064 0.0220057
4.18484 0.0221686
4.18561 0.022936
4.18913 0.0224258
4.19349 0.0227482
4.1965 0.0217275
4.19663 0.0218558
4.20089 0.0220815
4.20691 0.0240724
4.21091 0.0220264
4.21136 0.0224743
4.21406 0.021134
4.21806 0.0179096
4.21999 0.023869
4.22396 0.0217929
4.22831 0.0221114
4.232 0.0217636
4.23213 0.021892
4.23604 0.0217695
4.23617 0.0218978
4.24084 0.0225432
4.24444 0.0221017
4.24815 0.021785
4.25239 0.0219854
4.25826 0.0238203
4.2623 0.0218094
4.2664 0.0218774
4.2704 0.0218447
4.27479 0.0222012
4.27896 0.0223359
4.28274 0.022082
4.28715 0.0224677
4.29106 0.0223427
4.29658 0.0238211
4.30103 0.022224
4.30493 0.022094
4.30884 0.0219715
4.314 0.0230988
4.31829 0.018142
4.31855 0.0224323
4.32255 0.0224041
4.32628 0.022091
4.3264 0.0222194
4.33012 0.0219033
4.33397 0.0217155
4.3341 0.0218439
4.33807 0.0217865
4.3423 0.021981
4.34823 0.0238787
4.35239 0.0219922
4.35621 0.0217728
4.36031 0.0218403
4.36434 0.0218422
4.36826 0.0217196
4.36838 0.021848
4.37242 0.0218544
4.37634 0.0217353
4.38098 0.0223461
4.38701 0.0243351
4.39117 0.0224501
4.39508 0.0223252
4.39943 0.0226396
4.4027 0.0218756
4.40695 0.0221002
4.4109 0.0220087
4.41593 0.0230037
4.41826 0.0181142
4.41996 0.0218311
4.42394 0.0217718
4.42407 0.0219002
4.42823 0.022032
4.43201 0.0217776
4.43807 0.0238026
4.4423 0.0219803
4.44637 0.0220178
4.45016 0.0217703
4.45028 0.0218987
4.45439 0.0219677
4.45817 0.0217163
4.4583 0.0218447
4.46227 0.0217883
4.46625 0.0217314
4.47029 0.0217377
4.47648 0.0238916
4.48064 0.0220067
4.48481 0.0221385
4.4891 0.0223957
4.4932 0.0224648
4.4966 0.0218292
4.50089 0.0220859
4.50492 0.0220843
4.50877 0.0218956
4.51396 0.023054
4.51806 0.0179101
4.51819 0.022072
4.51832 0.0222004
4.52255 0.0223979
4.52818 0.0240002
4.53216 0.0219236
4.53614 0.0218672
4.54088 0.0225748
4.5444 0.0220676
4.54822 0.0218482
4.55235 0.0219513
4.55623 0.0217942
4.56027 0.0218035
4.5664 0.0238952
4.57037 0.0218146
4.57434 0.0217582
4.57479 0.0222061
4.57925 0.0226253
4.58315 0.0225003
4.58706 0.0223753
4.591 0.0222814
4.59113 0.0224098
4.59504 0.0222849
4.59936 0.0225761
4.60523 0.0244047
4.60885 0.0219774
4.61157 0.0206683
4.6183 0.018148
4.61856 0.0236167
4.62317 0.023018
4.6233 0.0231464
4.62638 0.0221913
4.63012 0.0219029
4.63397 0.0217152
4.63409 0.0218435
4.63801 0.0217239
4.63814 0.0218523
4.64243 0.0221096
4.64637 0.0220186
4.65012 0.021736
4.65621 0.0237937
4.66028 0.0218133
4.66432 0.0218152
4.66832 0.021782
4.67245 0.0218816
4.67258 0.02201
4.6764 0.0217936
4.68082 0.0221787
4.68094 0.0223071
4.68485 0.0221821
4.68876 0.0220572
4.69501 0.0242714
4.69952 0.0227325
4.70266 0.0218401
4.70695 0.0220993
4.70708 0.0222277
4.71128 0.0223895
4.71141 0.0225179
4.71592 0.0229993
4.71826 0.0181098
4.71993 0.0217957
4.72397 0.0217991
4.72819 0.0219931
4.73201 0.0217737
4.73605 0.0217796
4.74092 0.022619
4.74637 0.0240342
4.75025 0.0218632
4.75435 0.0219323
4.75823 0.0217781
4.76233 0.0218461
4.76625 0.021727
4.76637 0.0218554
4.77032 0.0217645
4.77429 0.0217081
4.77856 0.0219361
4.78471 0.0240536
4.789 0.022294
4.78913 0.0224224
4.79319 0.0224564
4.79659 0.0218208
4.80095 0.0221432
4.80485 0.0220132
4.80498 0.0221416
4.80876 0.0218867
4.81395 0.0230451
4.81831 0.0181545
4.81856 0.0224449
4.82305 0.0228962
4.82635 0.0221628
4.83026 0.0220378
4.83605 0.0238031
4.84102 0.0227156
4.84448 0.0221422
4.84826 0.0218917
4.85242 0.022022
4.85621 0.0217715
4.86025 0.0217808
4.86435 0.0218494
4.86448 0.0219778
4.86833 0.021793
4.87477 0.0242042
4.87926 0.0226377
4.88317 0.0225127
4.88707 0.0223877
4.89111 0.0223911
4.89502 0.0222661
4.89906 0.022269
4.90258 0.0217618
4.90271 0.0218902
4.90685 0.0219904
4.91162 0.022732
4.91607 0.0211339
4.91806 0.0179105
4.91992 0.021787
4.92633 0.0241602
4.93017 0.0219557
4.93411 0.0218613
4.93806 0.0217728
4.94213 0.0218073
4.94225 0.0219357
4.94613 0.0217785
4.94626 0.0219069
4.95017 0.0217839
4.9544 0.0219813
4.95819 0.0217338
4.96437 0.0238882
4.96854 0.0220017
4.97245 0.0218757
4.97257 0.0220041
4.97645 0.0218499
4.98062 0.0219817
4.98075 0.0221101
4.98481 0.0221446
4.98879 0.0220823
4.99347 0.0227277
4.99648 0.0217069
5.00263 0.0238238
5.00696 0.022107
5.00709 0.0222354
5.01132 0.0224284
5.016 0.0230767
5.01801 0.0178598
5.01994 0.0218024
5.02006 0.0219308
5.02407 0.021902
5.0282 0.0219988
5.03211 0.0218767
5.03609 0.0218203
5.04083 0.0225313
5.04446 0.0221209
5.04814 0.0217721
5.05433 0.0239266
5.0583 0.0218489
5.06231 0.0218191
5.06631 0.0217939
5.07038 0.0218308
5.07433 0.0217423
5.07446 0.0218707
5.07853 0.0219071
5.07897 0.022355
5.0827 0.0220418
5.08651 0.0218225
5.09317 0.024449
5.09663 0.0218612
5.10063 0.0218296
5.10076 0.021958
5.10479 0.0219548
5.1088 0.021929
5.11406 0.0231536
5.11803 0.0178808
5.11829 0.0221711
5.1228 0.022653
5.12627 0.0220831
5.1264 0.0222115
5.13011 0.0218954
5.13024 0.0220237
5.13399 0.0217388
5.13809 0.0218097
5.14447 0.0241523
5.14825 0.0218851
5.15239 0.0219843
5.1563 0.0218622
5.16031 0.0218364
5.16425 0.021745
5.16438 0.0218733
5.16829 0.0217508
5.17255 0.0219788
5.17637 0.0217624
5.18389 0.0252547
5.18716 0.0224739
5.19116 0.0224422
5.19507 0.0223173
5.19945 0.0226628
5.20272 0.0218988
5.20701 0.022154
5.21094 0.0220546
5.21594 0.0230189
5.21802 0.0178721
5.21991 0.0217797
5.22004 0.0219081
5.22389 0.0217204
5.22831 0.0221089
5.23408 0.0238436
5.23814 0.0218588
5.24218 0.0218622
5.24619 0.0218335
5.25022 0.0218388
5.25433 0.0219078
5.25824 0.0217848
5.26228 0.0217906
5.26625 0.0217342
5.27244 0.0238852
5.27641 0.0218075
5.2807 0.0220677
5.28487 0.0221995
5.28929 0.0225851
5.29345 0.0227169
5.2966 0.0218246
5.30089 0.0220847
5.30493 0.0220871
5.31091 0.0240385
5.31136 0.0244864
5.31408 0.0211604
5.31828 0.0181272
5.31853 0.0224175
5.32398 0.0238332
5.32868 0.0224815
5.33211 0.021877
5.33612 0.0218477
5.34089 0.0225899
5.34442 0.0220826
5.34813 0.021766
5.34826 0.0218944
5.3524 0.0219975
5.35621 0.0217782
5.36228 0.0238072
5.36638 0.0218624
5.37035 0.0217986
5.37478 0.0221901
5.37926 0.0226443
5.38276 0.0221026
5.38698 0.0222971
5.39115 0.0224289
5.395 0.0222412
5.40095 0.0241635
5.40495 0.0221141
5.40883 0.0219604
5.41418 0.0232788
5.41431 0.0234072
5.41803 0.0178821
5.41861 0.022492
5.42281 0.0226549
5.42293 0.0227832
5.42627 0.0220849
5.4264 0.0222133
5.43011 0.0218972
5.43024 0.0220256
5.43409 0.0218379
5.43807 0.0217805
5.44255 0.0222318
5.44627 0.0219152
5.45242 0.024034
5.45623 0.0217979
5.45636 0.0219263
5.46027 0.0218032
5.46427 0.0217705
5.4644 0.0218989
5.46844 0.0219047
5.47238 0.0218138
5.47633 0.0217257
5.48094 0.0223054
5.48485 0.0221805
5.49103 0.024329
5.49116 0.0244574
5.49507 0.0223156
5.4952 0.022444
5.49939 0.022603
5.50266 0.021839
5.50705 0.0221954
5.51131 0.0224195
5.51592 0.0229976
5.51797 0.0178197
5.51996 0.0218251
5.524 0.0218285
5.52813 0.0219252
5.53204 0.0218032
5.53608 0.021809
5.5423 0.023995
5.54636 0.0220117
5.55028 0.0218926
5.55425 0.0218333
5.55822 0.0217724
5.55835 0.0219008
5.56223 0.0217472
5.56236 0.0218755
5.56631 0.0217875
5.57035 0.0217939
5.57432 0.0217375
5.58067 0.0240485
5.58483 0.0221635
5.58912 0.0224208
5.58925 0.0225492
5.59319 0.0224548
5.59332 0.0225831
5.59659 0.0218191
5.59672 0.0219475
5.60085 0.0220443
5.60482 0.0219844
5.60495 0.0221128
5.60879 0.0219201
5.61392 0.0230123
5.61405 0.0231407
5.61827 0.0181218
5.61853 0.0224121
5.62269 0.0225439
5.62282 0.0226723
5.62634 0.0221606
5.63211 0.0238958
5.63606 0.0217875
5.63618 0.0219159
5.64086 0.0225573
5.64448 0.0221469
5.64826 0.0218964
5.6524 0.0219995
5.65625 0.0218113
5.66025 0.0217855
5.66433 0.021823
5.67035 0.0238174
5.67478 0.0221921
5.67926 0.0226424
5.68317 0.0225174
5.68727 0.0225835
5.69105 0.0223302
5.69118 0.0224586
5.69509 0.0223336
5.69941 0.0226249
5.69954 0.0227533
5.70255 0.0217325
5.70889 0.0240385
5.71181 0.0209031
5.71597 0.0210344
5.71828 0.0181306
5.7227 0.0245694
5.7263 0.0221111
5.72642 0.0222395
5.73014 0.0219234
5.73402 0.0217668
5.73415 0.0218952
5.73816 0.0218729
5.74219 0.0218763
5.74617 0.0218164
5.75011 0.0217284
5.75434 0.0219259
5.75447 0.0220543
5.76028 0.0238265
5.76438 0.0218782
5.76451 0.0220066
5.76839 0.021849
5.77249 0.0219176
5.7764 0.0217984
5.78057 0.0219302
5.78486 0.0221904
5.78877 0.0220654
5.79335 0.0226135
5.79914 0.0243724
5.79927 0.0245008
5.80267 0.0218484
5.80693 0.022077
5.80706 0.0222054
5.81129 0.0223983
5.81142 0.0225267
5.81597 0.0230466
5.81802 0.0178648
5.81994 0.0218074
5.82401 0.0218379
5.8282 0.0220008
5.83202 0.0217815
5.83214 0.0219099
5.83606 0.0217873
5.84092 0.0226233
5.84445 0.0221156
5.85022 0.0238492
5.85432 0.0219015
5.85829 0.0218406
5.86233 0.0218465
5.86631 0.0217861
5.87035 0.0217924
5.87435 0.0217672
5.87903 0.022412
5.88275 0.0220959
5.88903 0.0243388
5.89358 0.022839
5.89659 0.0218182
5.89672 0.0219466
5.90088 0.0220784
5.90101 0.0222068
5.90498 0.022139
5.90872 0.021849
5.91417 0.0232647
5.91805 0.0178991
5.91831 0.0221895
5.92305 0.0228975
5.9259 0.0217162
5.92635 0.0221641
5.93019 0.0219764
5.93397 0.0217225
5.94086 0.0245777
5.94445 0.0221193
5.94827 0.0219
5.95244 0.0220342
5.95622 0.0217838
5.96026 0.0217931
5.96424 0.0217332
5.9684 0.0218675
5.97247 0.0219049
5.97856 0.0239615
5.98388 0.0232262
5.98715 0.0224622
5.99118 0.0224616
5.99509 0.0223366
5.99522 0.022465
5.99944 0.0226551
6.00258 0.0217627
6.00271 0.0218911
6.00688 0.0220237
6.00701 0.0221521
6.01085 0.0219633
6.01595 0.0230245
6.01806 0.0179127
6.01992 0.0217892
6.02396 0.0217955
6.03012 0.0239159
6.03412 0.0218669
6.03816 0.0218717
6.04219 0.0218751
6.04623 0.021881
6.05027 0.0218858
6.05425 0.0218264
6.05822 0.0217695
6.0623 0.0218099
6.06832 0.0238043
6.06845 0.0239327
6.07246 0.0218862
6.07646 0.0218599
6.08062 0.0219872
6.08456 0.0218923
6.08895 0.0222458
6.09318 0.0224427
6.09651 0.0217433
6.10061 0.0218089
6.10699 0.0241484
6.11128 0.0223903
6.1141 0.0211784
6.1183 0.0181486
6.11997 0.0238512
6.12401 0.0218378
6.12832 0.0221212
6.13207 0.0218357
6.13608 0.0218104
6.14089 0.0225841
6.14444 0.022108
6.14825 0.0218847
6.15239 0.0219878
6.15832 0.0238849
6.16229 0.0218078
6.1664 0.0218759
6.1704 0.0218471
6.17479 0.0222036
6.17857 0.0219526
6.17902 0.0224005
6.18277 0.0221155
6.18719 0.0225012
6.18732 0.0226295
6.19097 0.0222478
6.19661 0.0238546
6.2009 0.022098
6.20497 0.0221275
6.20884 0.0219699
6.2141 0.0231945
6.21833 0.0181755
6.21858 0.0224658
6.22259 0.0224376
6.22627 0.0220894
6.2264 0.0222178
6.23018 0.0219644
6.23403 0.0217767
6.23416 0.0219051
6.2381 0.0218166
6.24233 0.0220111
6.24816 0.0238114
6.24829 0.0239398
6.25242 0.0220222
6.25624 0.0218029
6.26034 0.0218744
6.26441 0.0219078
6.26835 0.0218164
6.27245 0.0218849
6.2764 0.0217969
6.28101 0.0223766
6.28704 0.0243657
6.2912 0.0224807
6.29511 0.0223557
6.29943 0.0226391
6.3027 0.0218751
6.30695 0.0220991
6.31089 0.0220037
6.31595 0.0230297
6.318 0.0178519
6.31996 0.0218256
6.324 0.021829
6.32829 0.0220892
6.33204 0.0218037
6.33813 0.0238598
6.34239 0.0220686
6.3463 0.0219466
6.35021 0.0218275
6.35444 0.0220249
6.35829 0.0218396
6.3623 0.0218144
6.36628 0.021758
6.37038 0.0218265
6.37644 0.023852
6.38095 0.0223177
6.38486 0.0221927
6.38915 0.0224499
6.39358 0.0228385
6.39659 0.0218178
6.40079 0.0219807
6.40495 0.0221114
6.40879 0.0219227
6.41431 0.0234006
6.41831 0.0181599
6.41857 0.0224503
6.42273 0.0225821
6.4283 0.0241182
6.43209 0.021851
6.43612 0.0218528
6.44086 0.0225604
6.44445 0.0221189
6.44827 0.0218995
6.45237 0.0219676
6.45625 0.0218104
6.46029 0.0218197
6.46638 0.0238803
6.47035 0.0217997
6.47478 0.0221912
6.47936 0.0227388
6.48314 0.0224854
6.48705 0.0223604
6.49108 0.0223639
6.49499 0.0222389
6.49941 0.0226235
6.50495 0.0241285
6.50893 0.0220554
6.51162 0.0207151
6.51828 0.0181326
6.51854 0.0236013
6.52283 0.0226831
6.52296 0.0228115
6.5263 0.0221132
6.52643 0.0222416
6.53014 0.0219255
6.53399 0.0217378
6.53412 0.0218662
6.5381 0.0218127
6.5422 0.0218788
6.5463 0.0219474
6.55015 0.0217621
6.55624 0.0238198
6.56028 0.0218083
6.56438 0.0218729
6.56834 0.0218085
6.57248 0.0219082
6.57261 0.0220366
6.57636 0.021754
6.57649 0.0218824
6.58084 0.0222053
6.58097 0.0223337
6.58488 0.0222087
6.58911 0.0224033
6.59497 0.0242323
6.5951 0.0243607
6.59941 0.0226273
6.60268 0.0218633
6.60707 0.0222162
6.6113 0.0224092
6.61143 0.0225376
6.61594 0.023019
6.61799 0.0178371
6.61998 0.0218419
6.62401 0.0218454
6.62821 0.0220083
6.63205 0.02182
6.63609 0.0218259
6.64097 0.0226653
6.64632 0.0239832
6.65029 0.0219055
6.65427 0.0218462
6.65439 0.0219746
6.65824 0.0217853
6.66234 0.0218534
6.66632 0.021797
6.67039 0.0218344
6.67433 0.021743
6.67859 0.021971
6.68474 0.0240885
6.68903 0.0223289
6.68916 0.0224573
6.69352 0.0227797
6.69666 0.0218873
6.70095 0.0221475
6.70489 0.0220486
6.70879 0.0219221
6.71431 0.0234
6.71803 0.0178749
6.7186 0.0224848
6.72258 0.0224254
6.72594 0.0217537
6.73017 0.0219483
6.73029 0.0220766
6.73613 0.023877
6.74099 0.0226922
6.74452 0.0221845
6.74827 0.021899
6.75234 0.0219359
6.75247 0.0220643
6.75625 0.0218138
6.76029 0.0218231
6.76439 0.0218917
6.76831 0.0217691
6.77436 0.0237946
6.77481 0.0242425
6.77936 0.0227382
6.78391 0.0232523
6.78718 0.0224883
6.79108 0.0223633
6.79499 0.0222383
6.79941 0.0226229
6.80268 0.0218589
6.80681 0.0219586
6.81165 0.0227624
6.81597 0.0210359
6.81828 0.0181321
6.81995 0.0218179
6.8263 0.0241294
6.82643 0.0242578
6.83014 0.0219249
6.83027 0.0220533
6.83412 0.0218656
6.83813 0.0218432
6.84223 0.0219094
6.84617 0.0218184
6.85018 0.0217926
6.85441 0.0219901
6.85819 0.0217386
6.86435 0.0238619
6.86854 0.0220065
6.87245 0.0218805
6.87258 0.0220089
6.87642 0.0218196
6.88094 0.022302
6.88107 0.0224304
6.88485 0.0221771
6.88914 0.0224343
6.89343 0.0226945
6.89657 0.0218021
6.90266 0.0238568
6.90696 0.0221032
6.90709 0.0222316
6.91129 0.0223974
6.9159 0.02298
6.91603 0.0231084
6.91801 0.0178604
6.91994 0.021803
6.92404 0.0218721
6.9282 0.0219999
6.93217 0.0219401
6.93612 0.0218486
6.94086 0.0225596
6.94445 0.0221181
6.94823 0.0218637
6.95432 0.0239208
6.95833 0.0218743
6.9623 0.0218139
6.96631 0.0217886
6.97041 0.0218572
6.97432 0.0217346
6.97477 0.0221825
6.97862 0.0219977
6.98278 0.0221295
6.98291 0.0222579
6.9872 0.0225152
6.99319 0.0244726
6.99659 0.0218202
6.99672 0.0219486
7.00088 0.0220804
7.00518 0.0223381
7.00883 0.0219588
7.01396 0.0230549
7.01806 0.0179071
7.01819 0.022069
7.01831 0.0221974
7.02261 0.0224566
7.02594 0.0217537
7.02639 0.0222016
7.03017 0.0219483
7.03401 0.0217606
7.03812 0.0218315
7.04449 0.0241741
7.04818 0.0218126
7.05241 0.022009
7.05632 0.021887
7.06027 0.0217984
7.06434 0.0218359
7.06832 0.0217795
7.07235 0.0217848
7.07637 0.0217625
7.08267 0.0240378
7.08652 0.0218328
7.09056 0.0218357
7.09456 0.021807
7.09469 0.0219354
7.09945 0.0226656
7.10263 0.0218073
7.10276 0.0219356
7.10698 0.0221276
7.11096 0.0220667
7.11592 0.0229989
7.11806 0.0179143
7.11996 0.0218219
7.12399 0.0218253
7.12829 0.0220855
7.12841 0.0222139
7.13399 0.023754
7.13412 0.0238824
7.13816 0.0218704
7.14257 0.022256
7.14623 0.0218772
7.15021 0.0218203
7.15431 0.0218894
7.15825 0.0217974
7.16232 0.0218343
7.16629 0.021774
7.17241 0.0238587
7.17652 0.0219135
7.18081 0.0221737
7.18485 0.0221771
7.18927 0.0225627
7.19356 0.0228229
7.19657 0.0218021
7.20093 0.022125
7.205 0.0221585
7.21089 0.0240166
7.21134 0.0244645
7.21409 0.0211696
7.21832 0.0181675
7.21857 0.0224578
7.2239 0.0237451
7.22402 0.0238735
7.22837 0.0221712
7.23216 0.0219207
7.23613 0.0218604
7.24094 0.0226341
7.24449 0.022158
7.24815 0.0217792
7.24828 0.0219076
7.25241 0.0220107
7.25286 0.0224586
7.25626 0.0218225
7.26229 0.0238163
7.26642 0.0218987
7.27039 0.0218349
7.27481 0.0222264
7.27936 0.0227429
7.28282 0.02217
7.28705 0.0223645
7.29109 0.0223679
7.29525 0.0224997
7.30089 0.0241031
7.30531 0.0224704
7.30883 0.0219627
7.31396 0.0230589
7.31832 0.0181683
7.31858 0.0224586
7.32287 0.0227188
7.3263 0.0221138
7.33014 0.0219261
7.33402 0.0217695
7.33415 0.0218979
7.33813 0.0218405
7.34235 0.022035
7.34642 0.0220724
7.35239 0.0240007
7.35626 0.0218268
7.35639 0.0219551
7.3603 0.0218281
7.3643 0.0217994
7.36834 0.0218012
7.37241 0.0218387
7.37638 0.0217778
7.38099 0.0223575
7.38477 0.0221041
7.39108 0.024381
7.39512 0.0223677
7.39944 0.022651
7.40271 0.021887
7.40706 0.0222084
7.41132 0.0224325
7.41596 0.0230417
7.41801 0.0178638
7.41997 0.0218375
7.42401 0.021841
7.42817 0.0219688
7.43208 0.0218467
7.43609 0.0218215
7.44221 0.0239102
7.44234 0.0240386
7.44641 0.0220553
7.45022 0.0218389
7.45433 0.021908
7.45824 0.0217849
7.45837 0.0219133
7.46234 0.0218569
7.46632 0.0217966
7.47039 0.021834
7.47436 0.0217736
7.48067 0.0240535
7.4808 0.0241819
7.48484 0.0221685
7.48913 0.0224258
7.48926 0.0225542
7.49355 0.0228104
7.49669 0.021918
7.50085 0.0220498
7.50486 0.0220211
7.5087 0.0218284
7.51395 0.023049
7.51408 0.0231774
7.51831 0.0181584
7.51857 0.0224487
7.52273 0.0225805
7.52593 0.0217493
7.53202 0.023804
7.53609 0.0218242
7.54086 0.0225589
7.54451 0.0221796
7.54817 0.0218007
7.55231 0.0219038
7.55243 0.0220322
7.55628 0.021844
7.56032 0.0218493
7.56429 0.0217855
7.57035 0.023811
7.57048 0.0239394
7.5748 0.0222129
7.57858 0.0219619
7.57935 0.0227293
7.58313 0.022476
7.5839 0.0232434
7.58717 0.0224794
7.59108 0.0223544
7.59501 0.0222605
7.59943 0.0226451
7.60257 0.0217527
7.60888 0.0240276
7.61158 0.0206705
7.6117 0.0207989
7.616 0.0210586
7.61802 0.0178664
7.6227 0.024562
7.62629 0.0221037
7.62642 0.0222321
7.63013 0.021916
7.63404 0.0217905
7.63812 0.0218304
7.64221 0.0218965
7.64619 0.0218367
7.65017 0.0217798
7.6544 0.0219772
7.66026 0.0238116
7.6644 0.0218945
7.66453 0.0220229
7.66843 0.0218964
7.6725 0.0219298
7.67651 0.0219041
7.68067 0.0220359
7.68487 0.0221988
7.6891 0.0223933
7.69339 0.0226535
7.69918 0.0244123
7.69931 0.0245407
7.70271 0.0218884
7.70694 0.0220858
7.70707 0.0222142
7.7113 0.0224072
7.71594 0.0230209
7.71805 0.0179013
7.71998 0.0218439
7.72401 0.0218433
7.72821 0.0220062
7.73205 0.021818
7.73218 0.0219464
7.73609 0.0218238
7.741 0.0226943
7.74449 0.0221515
7.75022 0.0238541
7.75436 0.0219375
7.75823 0.0217793
7.75836 0.0219077
7.76234 0.0218513
7.76631 0.0217949
7.77035 0.0218013
7.77436 0.021776
7.77904 0.0224209
7.78279 0.0221359
7.78907 0.0243788
7.79352 0.0227817
7.79666 0.0218893
7.80095 0.0221495
7.80486 0.0220195
7.80499 0.0221479
7.80873 0.0218579
7.81418 0.0232736
7.81431 0.023402
7.81802 0.0178729
7.8186 0.0224827
7.82261 0.0224545
7.82594 0.0217517
7.82638 0.0221996
7.83023 0.0220119
7.83401 0.021758
7.84087 0.024582
7.84446 0.0221237
7.84827 0.0219044
7.85244 0.0220386
7.85622 0.0217881
7.85635 0.0219165
7.8603 0.0218285
7.86427 0.0217687
7.86844 0.0219029
7.87247 0.0219053
7.8793 0.0246982
7.88321 0.0225564
7.88398 0.0233238
7.88712 0.0224315
7.89106 0.0223376
7.89119 0.022466
7.8951 0.022341
7.89947 0.0226865
7.90262 0.0217942
7.90694 0.0220844
7.91085 0.0219618
7.91098 0.0220902
7.91601 0.0230857
7.91806 0.0179078
7.91995 0.0218153
7.92399 0.0218188
7.93017 0.0219535
7.93411 0.0218591
7.93815 0.0218639
7.94244 0.0221211
7.94619 0.0218356
7.95013 0.0217476
7.95026 0.021876
7.95427 0.0218478
7.95824 0.0217909
7.96225 0.0217656
7.96837 0.0238538
7.9726 0.02203
7.97651 0.0219069
7.9808 0.0221671
7.98484 0.0221705
7.98561 0.0229379
7.98913 0.0224278
7.99339 0.0226529
7.99653 0.0217605
8.00095 0.0221456
8.00701 0.0241737
8.01098 0.0220966
8.014 0.0210758
8.01413 0.0212042
8.01832 0.018171
8.01999 0.0238736
8.024 0.0218286
8.02822 0.0220146
8.02834 0.022143
8.03209 0.0218575
8.03607 0.0217972
8.04087 0.0225704
8.04449 0.0221599
8.04815 0.0217801
8.05238 0.0219765
8.05251 0.0221049
8.05818 0.0237452
8.05831 0.0238736
8.06231 0.0218271
8.06629 0.0217667
8.06641 0.0218951
8.07039 0.0218353
8.07446 0.0218751
8.07866 0.0220399
8.0827 0.0220423
8.08651 0.021823
8.0909 0.0221765
8.09657 0.0238123
8.10073 0.0219274
8.10466 0.0218269
8.10867 0.0217971
8.11396 0.0230528
8.11831 0.0181618
8.11857 0.0224521
8.12309 0.0229345
8.12597 0.0217883
8.1302 0.0219828
8.13405 0.0217951
8.13812 0.021835
8.14267 0.022349
8.14821 0.0218447
8.15244 0.0220332
8.15628 0.0218449
8.16032 0.0218542
8.16427 0.0217633
8.16439 0.0218917
8.16837 0.0218353
8.1725 0.0219349
8.17642 0.0218158
8.18103 0.0223955
8.18116 0.0225239
8.18661 0.0239367
8.18705 0.0243846
8.19109 0.0223712
8.19513 0.0223746
8.19948 0.0226891
8.20262 0.0217967
8.20697 0.022118
8.21133 0.0224394
8.21585 0.0229248
8.21803 0.0178753
8.21998 0.021849
8.22402 0.0218524
8.22834 0.0221437
8.23402 0.0237811
8.23414 0.0239095
8.23812 0.0218313
8.24222 0.0218974
8.24622 0.0218687
8.25026 0.021874
8.25436 0.0219431
8.25824 0.0217889
8.26234 0.0218569
8.26632 0.0217966
8.27042 0.0218651
8.27641 0.0238245
8.2807 0.0220679
8.28083 0.0221963
8.28487 0.0221997
8.28916 0.0224569
8.29358 0.0228455
8.2966 0.0218247
8.30082 0.0220187
8.30095 0.0221471
8.30489 0.0220522
8.30502 0.0221806
8.3087 0.0218324
8.31406 0.0231503
8.31831 0.0181624
8.31857 0.0224527
8.32389 0.0237401
8.32402 0.0238684
8.3284 0.0221972
8.33205 0.0218184
8.33612 0.0218553
8.34093 0.0226291
8.34446 0.0221219
8.34814 0.0217741
8.35238 0.0219745
8.35629 0.0218525
8.36023 0.0217645
8.36626 0.0217382
8.36639 0.0218665
8.37039 0.0218338
8.37435 0.0217655
8.3748 0.0222134
8.37935 0.0227299
8.38281 0.022157
8.38704 0.0223515
8.39063 0.021907
8.39108 0.0223549
8.39524 0.0224867
8.39912 0.0223301
8.4052 0.0243804
8.40886 0.0219842
8.41399 0.0230804
8.41802 0.0178704
8.4186 0.0224802
8.42276 0.022612
8.42289 0.0227404
8.42635 0.0221705
8.43023 0.0220139
8.43408 0.0218261
8.43812 0.0218349
8.44254 0.0222205
8.44632 0.0219661
8.45234 0.0239566
8.45247 0.024085
8.45628 0.0218449
8.46031 0.0218422
8.46441 0.0219068
8.46835 0.0218154
8.47252 0.0219501
8.47646 0.0218581
8.48095 0.0223094
8.48473 0.0220561
8.48485 0.0221844
8.48915 0.0224417
8.49498 0.0242396
8.49945 0.0226657
8.50259 0.0217733
8.50272 0.0219017
8.50695 0.0220947
8.50708 0.0222231
8.51134 0.0224471
8.51585 0.0229325
8.51803 0.017883
8.51999 0.0218567
8.52403 0.0218601
8.52822 0.022019
8.53207 0.0218308
8.5361 0.0218366
8.54229 0.0239881
8.54642 0.022071
8.55021 0.0218235
8.55434 0.0219237
8.55822 0.0217695
8.55835 0.0218979
8.56233 0.0218415
8.5663 0.0217851
8.57041 0.0218537
8.57438 0.0217973
8.57903 0.022411
8.58473 0.0220638
8.58902 0.0223211
8.58915 0.0224495
8.59341 0.0226746
8.59354 0.022803
8.59655 0.0217822
8.59668 0.0219106
8.60085 0.0220424
8.60488 0.0220447
8.60872 0.021852
8.61395 0.0230415
8.61833 0.0181821
8.61859 0.0224724
8.62275 0.0226042
8.62596 0.021773
8.63205 0.0238277
8.63612 0.0218479
8.64088 0.0225826
8.64451 0.0221721
8.64816 0.0217933
8.65233 0.0219275
8.65627 0.0218366
8.66034 0.021873
8.66428 0.021782
8.67037 0.0238347
8.67434 0.0217575
8.67479 0.0222054
8.67934 0.0227219
8.6828 0.022149
8.68703 0.0223435
8.68716 0.0224719
8.69107 0.0223469
8.69504 0.0222842
8.69946 0.0226688
8.7026 0.0217764
8.70689 0.0220355
8.71157 0.0226799
8.71602 0.0210823
8.71801 0.0178589
8.72272 0.0245857
8.72631 0.0221274
8.73016 0.0219397
8.734 0.021752
8.73413 0.0218804
8.73805 0.0217607
8.73817 0.0218891
8.74246 0.0221464
8.74621 0.0218609
8.75019 0.021804
8.75429 0.021873
8.76035 0.023902
8.76442 0.0219147
8.76842 0.0218855
8.77246 0.0218878
8.77637 0.0217687
8.7765 0.0218971
8.78086 0.02222
8.78489 0.0222234
8.78912 0.022418
8.79341 0.0226742
8.79655 0.0217818
8.80264 0.0218197
8.80697 0.022114
8.81129 0.0224042
8.81585 0.0229241
8.81802 0.0178707
8.81995 0.0218133
8.82398 0.0218167
8.82821 0.0220107
8.83209 0.0218536
8.83613 0.0218594
8.84093 0.0226332
8.84446 0.0221259
8.8502 0.0238325
8.8543 0.0218848
8.85443 0.0220131
8.85824 0.0217888
8.86231 0.0218257
8.86629 0.0217694
8.86642 0.0218977
8.87039 0.0218379
8.8744 0.0218126
8.87933 0.0227148
8.8828 0.0221419
8.88907 0.0243848
8.89353 0.0227877
8.89654 0.0217669
8.89667 0.0218953
8.90096 0.0221555
8.90486 0.0220255
8.90874 0.0218639
8.91422 0.0233107
8.91803 0.0178789
8.91861 0.0224888
8.92261 0.0224606
8.92594 0.0217577
8.93014 0.0219206
8.93405 0.0217951
8.94087 0.024588
8.94453 0.0221924
8.94815 0.0217785
8.94828 0.0219069
8.95231 0.0219128
8.95244 0.0220412
8.95623 0.0217907
8.96033 0.0218622
8.96431 0.0218024
8.96847 0.0219326
8.9725 0.021935
8.97866 0.0240578
8.98385 0.0231941
8.98712 0.0224301
8.99109 0.0223673
8.995 0.0222423
8.99512 0.0223707
8.99938 0.0225879
9.00265 0.0218239
9.00698 0.0221203
9.01088 0.0219937
9.01101 0.0221221
9.01591 0.0229887
9.01803 0.017877
9.01998 0.0218467
9.02395 0.0217874
9.03024 0.0240362
9.03415 0.0218939
9.03815 0.0218636
9.04225 0.0219297
9.04613 0.0217761
9.04626 0.0219045
9.05017 0.0217814
9.0544 0.0219788
9.05828 0.0218246
9.06228 0.0217988
9.06831 0.0237858
9.06843 0.0239142
9.07247 0.0218988
9.0765 0.0218996
9.08057 0.0219336
9.0807 0.022062
9.08454 0.0218737
9.08903 0.0223245
9.0932 0.0224593
9.09657 0.021795
9.1006 0.0217984
9.1047 0.0218654
9.11088 0.021994
9.11133 0.0224419
9.11434 0.0214212
9.11447 0.0215496
9.11832 0.0181657
9.11999 0.0238683
9.12402 0.0218549
9.12821 0.0220099
9.13212 0.0218878
9.13606 0.0217964
9.14081 0.0225074
9.14446 0.0221286
9.14818 0.021812
9.15241 0.0220124
9.15828 0.0238473
9.16232 0.0218323
9.16629 0.021772
9.16642 0.0219004
9.17036 0.0218055
9.1744 0.0218113
9.17933 0.0227134
9.18279 0.0221405
9.18721 0.0225262
9.18734 0.0226546
9.19099 0.0222728
9.19663 0.0238796
9.20086 0.0220569
9.20521 0.0223748
9.20874 0.021867
9.21396 0.0230566
9.21806 0.0179087
9.21832 0.022199
9.22274 0.0225876
9.22598 0.0217915
9.2302 0.021986
9.23405 0.0217983
9.23815 0.0218693
9.24238 0.0220638
9.24812 0.0237668
9.24825 0.0238952
9.25241 0.0220047
9.25625 0.0218165
9.26033 0.0218569
9.2644 0.0218943
9.26837 0.021838
9.27254 0.0219727
9.27645 0.0218496
9.281 0.0223631
9.28113 0.0224915
9.28702 0.0243522
9.29074 0.0220193
9.2951 0.0223422
9.29938 0.0225945
9.30265 0.0218305
9.30688 0.0220234
9.30701 0.0221518
9.31133 0.0224421
9.31585 0.0229274
9.31598 0.0230558
9.31806 0.017909
9.32002 0.0218828
9.32405 0.0218862
9.32825 0.0220491
9.32838 0.0221775
9.33209 0.0218569
9.33812 0.0238508
9.34273 0.0224137
9.34626 0.0219065
9.35027 0.0218807
9.35437 0.0219497
9.35831 0.0218617
9.36226 0.0217703
9.36238 0.0218987
9.36633 0.0218072
9.37043 0.0218758
9.37642 0.0238351
9.38103 0.022398
9.38481 0.0221446
9.38895 0.0222419
9.3935 0.0227589
9.39664 0.0218665
9.40083 0.0220294
9.4049 0.0220668
9.40872 0.021847
9.41394 0.0230365
9.41833 0.018177
9.41858 0.0224673
9.42275 0.0225991
9.42288 0.0227275
9.42826 0.0240731
9.4322 0.0219654
9.43614 0.0218739
9.44082 0.0225193
9.44095 0.0226477
9.44448 0.0221404
9.44816 0.0217927
9.4524 0.0219931
9.45631 0.0218711
9.46035 0.0218764
9.46627 0.0237695
9.4664 0.0238979
9.47037 0.0218173
9.47447 0.0218854
9.47934 0.0227213
9.4828 0.0221485
9.48703 0.022343
9.49075 0.0220269
9.4951 0.0223498
9.49943 0.0226411
9.50484 0.0240177
9.50875 0.0218784
9.51163 0.0207287
9.51804 0.017885
9.51848 0.0235448
9.52291 0.022755
9.52637 0.0221851
9.53015 0.0219312
9.53412 0.0218718
9.53817 0.0218806
9.54226 0.0219467
9.54646 0.0221126
9.55018 0.0217949
9.5563 0.0238837
9.56028 0.021806
9.5644 0.0218977
9.56841 0.0218725
9.57251 0.021941
9.57649 0.0218841
9.58097 0.0223354
9.58488 0.0222104
9.58917 0.0224677
9.595 0.0242656
9.59948 0.0226917
9.60262 0.0217993
9.60694 0.0220896
9.61133 0.022442
9.61585 0.0229274
9.61806 0.017909
9.62002 0.0218827
9.62405 0.0218861
9.62822 0.0220179
9.6321 0.0218608
9.63613 0.0218666
9.64091 0.0226087
9.64104 0.0227371
9.64635 0.02402
9.65027 0.0218801
9.6544 0.0219803
9.65834 0.0218923
9.66232 0.0218359
9.66633 0.0218106
9.67043 0.0218792
9.67441 0.0218228
9.67906 0.0224365
9.68463 0.0239777
9.68476 0.0241061
9.68905 0.0223465
9.69341 0.0226689
9.69353 0.0227973
9.69655 0.0217766
9.69668 0.021905
9.70084 0.0220368
9.7049 0.0220663
9.70875 0.0218735
9.71423 0.0233203
9.71804 0.0178886
9.71862 0.0224984
9.72259 0.0224391
9.72595 0.0217674
9.7264 0.0222153
9.73015 0.0219303
9.73028 0.0220587
9.73601 0.0237617
9.73614 0.0238901
9.74107 0.0227675
9.7445 0.022163
9.74818 0.0218153
9.75242 0.0220157
9.7562 0.0217653
9.75633 0.0218937
9.76027 0.0218017
9.76444 0.0219324
9.76835 0.0218099
9.77434 0.0237692
9.77447 0.0238976
9.77934 0.0227168
9.78388 0.0232308
9.78715 0.0224668
9.79074 0.0220223
9.79497 0.0222169
9.79949 0.0226988
9.80263 0.0218064
9.80686 0.0220033
9.81166 0.022772
9.81605 0.0211083
9.81807 0.017916
9.81996 0.0218236
9.82592 0.0237494
9.83021 0.0219928
9.83402 0.02177
9.83415 0.0218984
9.83816 0.0218761
9.84226 0.0219422
9.8462 0.0218513
9.84633 0.0219797
9.85021 0.0218255
9.85444 0.0220229
9.85826 0.0218065
9.86425 0.0237664
9.86438 0.0238948
9.86842 0.0218798
9.86854 0.0220082
9.87258 0.0220106
9.87649 0.0218915
9.88079 0.0221517
9.88483 0.0221551
9.88893 0.0222212
9.88905 0.0223496
9.89341 0.022672
9.89655 0.0217796
9.90257 0.0237682
9.9027 0.0238966
9.90699 0.0221389
9.91097 0.0220786
9.91584 0.022918
9.91805 0.0178956
9.92 0.0218694
9.92404 0.0218728
9.92821 0.0220046
9.93211 0.0218785
9.93615 0.0218844
9.94093 0.0226265
9.94452 0.022181
9.9483 0.0219266
9.95432 0.0239215
9.95823 0.0217737
9.95835 0.0219021
9.9623 0.0218106
9.9664 0.0218826
9.97044 0.021889
9.97442 0.0218326
9.97907 0.0224463
9.98281 0.0221613
9.98723 0.022547
9.99338 0.0246604
9.99665 0.0218797

