% time_sec delay_sec
1.11974 0.019689
1.11974 0.019689
1.21989 0.019837
1.31988 0.0198321
1.41754 0.321502
1.41971 0.0196596
1.51988 0.0198322
1.61989 0.0198348
1.71973 0.0196819
1.72024 0.321525
1.81973 0.0196748
1.91891 0.218187
1.92125 0.021183
1.92293 0.0248771
1.92739 0.0253034
2.01892 0.112803
2.0273 0.0252096
2.03114 0.0250172
2.03504 0.024882
2.03926 0.0250743
2.03939 0.0252027
2.04311 0.0248854
2.04715 0.0248905
2.05122 0.0249302
2.05729 0.024954
2.06146 0.025091
2.06536 0.024956
2.06935 0.0249069
2.06948 0.0250352
2.07346 0.0249851
2.07739 0.0248807
2.08154 0.0250035
2.08555 0.0249713
2.08952 0.0249114
2.09563 0.0269872
2.09967 0.0249728
2.1037 0.0249742
2.10773 0.0249715
2.11174 0.0249463
2.1169 0.0260725
2.12113 0.0210576
2.12126 0.0252195
2.12497 0.0249023
2.12907 0.024968
2.13343 0.0252904
2.13712 0.0249451
2.14314 0.0269296
2.14721 0.0249503
2.15118 0.024886
2.15522 0.0248923
2.15932 0.0249603
2.15945 0.0250887
2.16349 0.0250946
2.16785 0.0254233
2.17191 0.0254568
2.17544 0.0249486
2.18034 0.0258161
2.18547 0.0269094
2.1856 0.0270378
2.18957 0.0249583
2.19373 0.0250861
2.19878 0.0261057
2.20179 0.0250849
2.20192 0.0252133
2.20567 0.0249273
2.20967 0.0248981
2.21394 0.0251266
2.21897 0.0261245
2.22115 0.0210755
2.22294 0.0248868
2.22733 0.0252438
2.22746 0.0253721
2.23351 0.0273913
2.23364 0.0275197
2.23716 0.0249901
2.2413 0.0250903
2.2454 0.0251589
2.24918 0.0249039
2.25322 0.0249103
2.25726 0.0249161
2.26152 0.0251476
2.26531 0.0249001
2.26948 0.0250349
2.27537 0.0248801
2.27973 0.025206
2.28422 0.0256573
2.28863 0.0260429
2.29158 0.0249594
2.29556 0.0249001
2.2996 0.0249035
2.30364 0.0249099
2.30764 0.0248772
2.31389 0.0270943
2.31693 0.0240868
2.32116 0.0210886
2.32296 0.0269167
2.32308 0.0270451
2.3274 0.0253111
2.32753 0.0254395
2.3315 0.0253802
2.33509 0.0249387
2.33907 0.0248818
2.3432 0.0249819
2.34715 0.024891
2.35125 0.024963
2.35532 0.0250004
2.36154 0.0271854
2.36539 0.0249794
2.36948 0.025044
2.37342 0.0249486
2.3774 0.0248922
2.38153 0.0249923
2.38582 0.0252496
2.38595 0.025378
2.3896 0.0249962
2.39371 0.0250653
2.39832 0.025645
2.40424 0.0275352
2.40768 0.0249169
2.41181 0.0250126
2.41693 0.0261043
2.42126 0.0211831
2.42164 0.0256018
2.42498 0.0249035
2.42901 0.0249069
2.4335 0.0253577
2.43712 0.0249502
2.44129 0.025082
2.44142 0.0252104
2.44539 0.0251505
2.45135 0.0270748
2.45526 0.024936
2.45939 0.0250351
2.46343 0.025037
2.46356 0.0251653
2.46785 0.025424
2.47189 0.0254303
2.47542 0.024926
2.48032 0.0257936
2.48423 0.0256686
2.48436 0.025797
2.48858 0.0259916
2.49378 0.0251337
2.49883 0.0261534
2.50184 0.0251326
2.50569 0.0249438
2.50966 0.0248795
2.51388 0.025073
2.51401 0.0252014
2.51891 0.0260709
2.52109 0.0210219
2.52302 0.0249616
2.52738 0.0252874
2.53147 0.0253525
2.5351 0.0249421
2.54144 0.0272525
2.5458 0.0255616
2.54917 0.0248939
2.55321 0.0249002
2.55725 0.024906
2.56148 0.0251064
2.56533 0.0249217
2.5694 0.0249591
2.57338 0.0249027
2.58011 0.0275989
2.58427 0.0257139
2.58856 0.0259712
2.59151 0.0248877
2.59594 0.0252762
2.60032 0.0256297
2.60372 0.0249891
2.60766 0.0248982
2.61176 0.0249667
2.61695 0.0261246
2.62131 0.0212386
2.62157 0.0255289
2.62503 0.024955
2.6315 0.0273914
2.63515 0.0249913
2.63935 0.0251566
2.64313 0.0249032
2.64717 0.0249096
2.65127 0.0249816
2.65521 0.0248907
2.65932 0.0249627
2.66343 0.0250347
2.66948 0.0270562
2.67345 0.0249791
2.67743 0.0249187
2.68146 0.0249221
2.68569 0.0251167
2.6896 0.0249917
2.69389 0.0252519
2.69873 0.0260538
2.69886 0.0261822
2.70187 0.0251614
2.70572 0.0249732
2.71193 0.0251419
2.71437 0.0235449
2.7145 0.0236733
2.72128 0.0212118
2.72276 0.0278957
2.72497 0.0248976
2.72901 0.024901
2.73346 0.0253207
2.73709 0.0249131
2.74138 0.0251733
2.74538 0.0251451
2.74923 0.0249604
2.75327 0.0249667
2.75939 0.0270544
2.76343 0.0250395
2.76778 0.0253603
2.77192 0.02546
2.77548 0.0249868
2.78041 0.0258855
2.78419 0.0256321
2.78791 0.025316
2.79159 0.0249683
2.7987 0.0280398
2.80184 0.0251306
2.80572 0.024977
2.80972 0.0249477
2.81395 0.0251412
2.81895 0.026104
2.82113 0.021055
2.82305 0.0249947
2.82731 0.0252233
2.83154 0.0254207
2.83514 0.0249792
2.83911 0.0249223
2.84318 0.0249563
2.84927 0.0270094
2.85331 0.024999
2.85731 0.0249697
2.86154 0.0251701
2.86533 0.0249226
2.86953 0.0250885
2.87338 0.0249037
2.87745 0.0249406
2.88142 0.0248813
2.88847 0.0278916
2.89155 0.0249197
2.89596 0.0253049
2.90032 0.0256278
2.90432 0.0255911
2.90765 0.0248883
2.91175 0.0249568
2.91691 0.0260796
2.92114 0.0210652
2.92127 0.0252271
2.92501 0.0249411
2.92905 0.0249445
2.93347 0.0253331
2.94019 0.0280202
2.94321 0.0249827
2.94715 0.0248917
2.95125 0.0249598
2.95522 0.0248999
2.95933 0.0249719
2.95946 0.0251003
2.96347 0.0250751
2.96783 0.0254038
2.972 0.0255386
2.97744 0.0269487
2.98148 0.0249354
2.98602 0.0254494
2.9898 0.0251961
2.99384 0.0251995
2.99851 0.0258374
3.00178 0.0250734
3.00191 0.0252018
3.00573 0.024988
3.00967 0.0248965
3.0139 0.025094
3.01897 0.0241062
3.02916 0.0270673
3.03351 0.025373
3.0371 0.0249304
3.0413 0.0250928
3.04547 0.0252275
3.04919 0.0249173
3.05329 0.0249858
3.05727 0.0249294
3.06147 0.0250982
3.06746 0.027057
3.07144 0.0249794
3.07548 0.0249842
3.07945 0.0249238
3.08403 0.0254674
3.08784 0.0252481
3.09153 0.0248998
3.09566 0.0250029
3.09967 0.0249742
3.10563 0.0269054
3.10967 0.0248899
3.11431 0.0255002
3.11902 0.0261746
3.12126 0.0211883
3.12305 0.0249996
3.12738 0.0252904
3.13148 0.0253595
3.13507 0.0249179
3.13918 0.0249894
3.14318 0.0249612
3.14722 0.0249675
3.1512 0.0249112
3.15732 0.0269994
3.16152 0.0251479
3.16537 0.0249592
3.16947 0.0250278
3.1696 0.0251561
3.17338 0.0249052
3.17739 0.0248799
3.18142 0.0248828
3.18597 0.0253968
3.18962 0.0250151
3.18975 0.0251435
3.19593 0.0272915
3.19959 0.0248959
3.20432 0.0255955
3.20775 0.02499
3.21179 0.0249963
3.21695 0.0261236
3.22115 0.0210776
3.22128 0.0252395
3.225 0.0249263
3.22904 0.0249297
3.23349 0.0253494
3.23715 0.024973
3.24125 0.0250421
3.24714 0.0269051
3.25121 0.0249213
3.25525 0.0249277
3.25938 0.0250268
3.26349 0.0250949
3.26785 0.0254236
3.27188 0.025426
3.27201 0.0255544
3.27544 0.0249528
3.28044 0.0259177
3.2857 0.0271393
3.28961 0.0249976
3.29377 0.0251294
3.29879 0.0261179
3.30181 0.0250972
3.30193 0.0252256
3.30574 0.0250022
3.30968 0.0249028
3.31391 0.0251003
3.31891 0.0260636
3.32112 0.0210457
3.32304 0.0249854
3.3274 0.0253113
3.33147 0.0253453
3.33714 0.0269851
3.3414 0.0251969
3.34582 0.0255849
3.34926 0.0249834
3.3533 0.0249897
3.35727 0.0249333
3.3616 0.0252271
3.36532 0.0249139
3.36949 0.0250486
3.37542 0.0269418
3.37978 0.0252508
3.38426 0.0257022
3.38868 0.0260878
3.39163 0.0250043
3.39592 0.0252645
3.39958 0.0248857
3.40428 0.0255582
3.40774 0.0249837
3.41392 0.0271307
3.41697 0.0241232
3.42113 0.0210628
3.42126 0.0252248
3.42754 0.0274656
3.43151 0.0253895
3.4351 0.0249479
3.43936 0.0251755
3.44315 0.0249221
3.44718 0.0249284
3.45129 0.0250004
3.45523 0.0249095
3.45934 0.0249815
3.46537 0.0269754
3.46946 0.0250232
3.47344 0.0249628
3.47741 0.0249065
3.48145 0.0249099
3.48568 0.0251044
3.48959 0.0249794
3.49369 0.0250485
3.49875 0.0260761
3.50426 0.027554
3.5077 0.0249357
3.5117 0.0249069
3.51183 0.0250353
3.51689 0.0260608
3.52118 0.0211086
3.52144 0.0253989
3.52496 0.0248917
3.52919 0.0250862
3.53349 0.0253464
3.53708 0.0249078
3.54125 0.0250396
3.54137 0.025168
3.54541 0.0251709
3.54926 0.0249821
3.55525 0.026942
3.55938 0.0250243
3.56342 0.0250302
3.56355 0.0251586
3.56778 0.025355
3.56791 0.0254834
3.57188 0.0254235
3.57201 0.0255519
3.57544 0.0249504
3.58034 0.0258179
3.58425 0.025693
3.58867 0.0260786
3.59377 0.0271402
3.59841 0.0257303
3.6018 0.0250947
3.60574 0.0249998
3.60975 0.0249705
3.61401 0.0251991
3.61894 0.0260997
3.62112 0.0210507
3.62305 0.0249904
3.62734 0.02525
3.63147 0.0253502
3.63513 0.0249709
3.63917 0.0249802
3.64583 0.0276106
3.64923 0.0249612
3.65327 0.0249675
3.65731 0.0249734
3.66148 0.0251076
3.66533 0.0249228
3.66953 0.0250887
3.67338 0.0249039
3.67751 0.025007
3.68427 0.0277318
3.68856 0.0259723
3.69151 0.0248888
3.69593 0.0252734
3.70029 0.0255958
3.70426 0.025532
3.70769 0.0249265
3.71176 0.0249639
3.71695 0.0261218
3.72115 0.0210757
3.72128 0.0252377
3.72502 0.0249516
3.72909 0.0249861
3.73511 0.0269736
3.7394 0.0252155
3.74319 0.0249621
3.74722 0.0249685
3.75126 0.0249743
3.75524 0.0249145
3.75934 0.0249865
3.75947 0.0251149
3.76345 0.0250585
3.76781 0.0253873
3.77345 0.0269925
3.77742 0.0249154
3.78146 0.0249188
3.78569 0.0251133
3.7896 0.0249883
3.79421 0.025568
3.79872 0.0260465
3.79885 0.0261749
3.80186 0.0251541
3.80574 0.024997
3.81202 0.0272447
3.81439 0.0235647
3.81894 0.0240801
3.82112 0.0210439
3.82496 0.0269094
3.829 0.0248961
3.8331 0.0249652
3.83715 0.0249744
3.84125 0.0250435
3.84542 0.0251782
3.84917 0.0248962
3.85321 0.0249025
3.85725 0.0249084
3.86343 0.0270543
3.86356 0.0271827
3.86779 0.0253624
3.87195 0.0254931
3.87548 0.0249888
3.88016 0.0256342
3.88432 0.025766
3.88791 0.0253215
3.8916 0.0249738
3.89564 0.0249772
3.90172 0.0270245
3.90185 0.0271529
3.90563 0.0248857
3.90973 0.0249497
3.91431 0.0254978
3.91891 0.026068
3.92128 0.0212101
3.9234 0.0253409
3.92734 0.0252465
3.93147 0.0253467
3.93506 0.0249052
3.9391 0.0249144
3.9432 0.0249795
3.94724 0.0249819
3.95327 0.0269768
3.9534 0.0271052
3.95731 0.0249659
3.96154 0.0251623
3.96538 0.024977
3.96955 0.0251118
3.9734 0.024927
3.97741 0.0249017
3.98151 0.0249708
3.98593 0.0253564
3.99151 0.0268976
3.99593 0.0252694
4.00028 0.0255918
4.00435 0.0256269
4.00775 0.0249863
4.01179 0.0249926
4.01694 0.0261154
4.02902 0.0249171
4.03344 0.0253056
4.03716 0.0249914
4.04319 0.02698
4.04723 0.024969
4.0512 0.0249082
4.0553 0.0249767
4.05931 0.0249509
4.06383 0.0254357
4.06755 0.0251221
4.07136 0.0249057
4.07547 0.0249806
4.0815 0.0269716
4.0856 0.0250239
4.08957 0.0249645
4.09358 0.0249358
4.09847 0.0257939
4.10168 0.0249672
4.10565 0.0249058
4.10969 0.0249111
4.11392 0.0251085
4.11405 0.0252369
4.11901 0.0261681
4.12119 0.0211191
4.12299 0.0249304
4.12747 0.0253846
4.13349 0.0273727
4.13362 0.027501
4.13715 0.0249755
4.14131 0.0251068
4.14577 0.025526
4.14919 0.0249204
4.15323 0.0249268
4.15727 0.0249326
4.16151 0.025133
4.16529 0.0248855
4.17192 0.0274838
4.17545 0.0249588
4.17981 0.0252847
4.18433 0.0257671
4.18862 0.0260243
4.1916 0.0249719
4.19598 0.0253259
4.1996 0.0249126
4.20428 0.0255579
4.2097 0.026937
4.21393 0.0251177
4.21697 0.024127
4.22114 0.0210666
4.22306 0.027023
4.22748 0.0253903
4.23148 0.0253621
4.23508 0.0249206
4.23924 0.0250548
4.24322 0.0249955
4.24719 0.0249356
4.2513 0.0250076
4.25524 0.0249167
4.26152 0.0271679
4.26537 0.0249624
4.2695 0.025058
4.27344 0.0249666
4.27742 0.0249102
4.28145 0.0249131
4.28587 0.0252987
4.286 0.0254271
4.28965 0.0250454
4.29472 0.026073
4.29962 0.0269435
4.30429 0.0255641
4.30772 0.0249626
4.31182 0.0250311
4.31701 0.026185
4.32115 0.0210733
4.32127 0.0252352
4.3214 0.0253636
4.32499 0.024922
4.32903 0.0249255
4.33345 0.025314
4.33717 0.0249998
4.34134 0.0251316
4.34586 0.025617
4.3513 0.0270311
4.35143 0.0271595
4.35525 0.0249234
4.35941 0.0250537
4.36345 0.0250555
4.36787 0.0254465
4.37191 0.0254528
4.37204 0.0255812
4.37544 0.0249486
4.38047 0.0259445
4.38438 0.0258196
4.3895 0.0269128
4.3938 0.0251562
4.39879 0.0261097
4.40193 0.0252173
4.40574 0.024994
4.40968 0.0249025
4.41391 0.025096
4.41403 0.0252244
4.41891 0.0260633
4.42112 0.0210454
4.42304 0.0249851
4.4274 0.025311
4.4315 0.0253761
4.43515 0.0249967
4.44147 0.0272761
4.44586 0.0256163
4.44926 0.0249836
4.4533 0.0249899
4.45727 0.0249296
4.4615 0.02513
4.46535 0.0249447
4.46952 0.0250794
4.47337 0.0248947
4.47981 0.0273024
4.4843 0.0257369
4.48859 0.0259942
4.49154 0.0249107
4.49596 0.0252993
4.49961 0.024917
4.50428 0.0255544
4.50768 0.0249178
4.51178 0.0249863
4.51697 0.0261442
4.52114 0.021067
4.52127 0.0252289
4.52505 0.024974
4.53152 0.0274104
4.53164 0.0275388
4.53511 0.0249521
4.53928 0.0250863
4.5394 0.0252147
4.54318 0.0249614
4.54726 0.0249988
4.55126 0.0249735
4.55527 0.0249448
4.55937 0.0250168
4.5638 0.0254083
4.5696 0.0271731
4.57345 0.0249715
4.57752 0.0250085
4.58155 0.0250119
4.58565 0.025078
4.58956 0.024953
4.59376 0.0251159
4.59421 0.0255638
4.59872 0.0260462
4.59885 0.0261746
4.60186 0.0251539
4.60773 0.0269853
4.61196 0.0251655
4.61439 0.0235684
4.62131 0.0212393
4.62265 0.0277949
4.62278 0.0279233
4.62497 0.024894
4.62907 0.0249601
4.63345 0.0253136
4.63711 0.0249372
4.6414 0.0251974
4.64586 0.0256171
4.64922 0.0249494
4.65326 0.0249557
4.65951 0.0271718
4.66355 0.0251569
4.6678 0.0253804
4.67194 0.0254801
4.6755 0.0250069
4.68043 0.0259056
4.68421 0.0256522
4.68748 0.0248882
4.68793 0.0253361
4.69161 0.0249884
4.69875 0.028091
4.70176 0.0250534
4.70189 0.0251818
4.70564 0.0248998
4.70974 0.0249638
4.71432 0.0255079
4.71903 0.0261873
4.72127 0.0212011
4.7232 0.0251408
4.72736 0.025272
4.73149 0.0253722
4.73515 0.0249929
4.73919 0.0250022
4.74323 0.0250051
4.74922 0.0269649
4.75326 0.0249545
4.75733 0.0249914
4.76156 0.0251878
4.76535 0.0249403
4.76955 0.0251062
4.7734 0.0249214
4.77747 0.0249583
4.78144 0.024899
4.78848 0.0279093
4.79156 0.0249374
4.79595 0.0252909
4.80031 0.0256133
4.80434 0.0256117
4.80767 0.0249089
4.81177 0.0249774
4.8169 0.0260691
4.82132 0.0212458
4.82157 0.0255361
4.82507 0.0249938
4.82917 0.02506
4.83346 0.0253202
4.84018 0.0280113
4.8432 0.0249738
4.84717 0.0249139
4.85121 0.0249158
4.85525 0.0249221
4.85935 0.0249941
4.85948 0.0251225
4.86384 0.0254478
4.86782 0.0253915
4.87198 0.0255262
4.8774 0.0269092
4.88144 0.0248959
4.88567 0.0250904
4.88957 0.0249654
4.89374 0.0250972
4.89854 0.0258675
4.90181 0.0251035
4.90194 0.0252319
4.90563 0.0248842
4.9097 0.0249211
4.91444 0.0256321
4.91899 0.0241308
4.9212 0.0211297
4.923 0.024941
4.92908 0.0269946
4.93347 0.0253314
4.93716 0.0249861
4.94129 0.0250863
4.94543 0.0251859
4.94921 0.024935
4.95331 0.0250035
4.95729 0.0249471
4.96152 0.0251475
4.9679 0.0274886
4.97193 0.0254742
4.97543 0.0249348
4.97979 0.0252607
4.9843 0.0257431
4.98795 0.0253613
4.99161 0.0249825
4.99596 0.0253054
5.00038 0.0256905
5.00571 0.0269865
5.00969 0.0249094
5.01401 0.0252002
5.01904 0.0261941
5.02737 0.0252777
5.0316 0.0254752
5.03506 0.0249052
5.0391 0.0249145
5.04324 0.0250147
5.04715 0.0248921
5.05119 0.0248974
5.05727 0.0269506
5.06153 0.0251608
5.06541 0.0250072
5.06949 0.0250441
5.06961 0.0251725
5.07343 0.0249556
5.07744 0.0249293
5.08148 0.0249356
5.08561 0.0250358
5.08962 0.0250076
5.09561 0.0269629
5.09958 0.0248868
5.1037 0.0249775
5.10765 0.0248855
5.11175 0.0249575
5.11691 0.0260838
5.1212 0.021131
5.12133 0.025293
5.12499 0.0249141
5.12902 0.0249176
5.13348 0.0253372
5.13707 0.0248946
5.14136 0.0251548
5.14716 0.0269241
5.1513 0.0250065
5.15521 0.0248844
5.15941 0.0250497
5.16348 0.0250867
5.1679 0.0254777
5.17191 0.0254489
5.17203 0.0255773
5.17547 0.0249757
5.1805 0.0259717
5.18562 0.027065
5.18953 0.0249232
5.19379 0.0251483
5.19881 0.0261329
5.20182 0.0251121
5.20195 0.0252405
5.20566 0.0249194
5.20972 0.0249484
5.21431 0.0254965
5.21901 0.0261714
5.22119 0.0211224
5.22299 0.0249337
5.22748 0.0253879
5.23151 0.0253908
5.23712 0.0269605
5.24135 0.0251412
5.2458 0.0255603
5.24917 0.0248926
5.25324 0.02493
5.25731 0.024967
5.26151 0.0251323
5.26535 0.0249475
5.26959 0.0251445
5.27548 0.0270065
5.27942 0.0248988
5.28436 0.025798
5.28865 0.0260552
5.28878 0.0261836
5.2916 0.0249717
5.29595 0.0252947
5.30025 0.0255548
5.30428 0.0255572
5.30774 0.0249828
5.31395 0.0271609
5.317 0.0241534
5.32129 0.0212184
5.32155 0.0255088
5.32817 0.0280967
5.3316 0.0254755
5.33506 0.0249016
5.33916 0.024973
5.3432 0.0249765
5.34714 0.0248855
5.35118 0.0248913
5.35525 0.0249288
5.35936 0.0250008
5.36535 0.0269641
5.36958 0.0251403
5.37343 0.0249555
5.37741 0.0248991
5.38144 0.0249025
5.3857 0.0251282
5.38961 0.0250032
5.39371 0.0250723
5.39877 0.0260959
5.40431 0.0276009
5.40771 0.0249515
5.41168 0.0248917
5.41181 0.02502
5.41694 0.0261162
5.4212 0.0211329
5.42133 0.0252948
5.42146 0.0254232
5.42499 0.024916
5.42902 0.0249194
5.43358 0.0254364
5.43717 0.0249938
5.44114 0.0249345
5.44543 0.0251941
5.44928 0.0250054
5.45527 0.0269652
5.4595 0.0251449
5.46376 0.025369
5.46389 0.0254974
5.46793 0.0255032
5.472 0.0255406
5.47543 0.0249391
5.4803 0.0257755
5.48043 0.0259039
5.48434 0.0257789
5.48857 0.0259735
5.49379 0.0271635
5.49862 0.0259447
5.49875 0.0260731
5.50176 0.0250523
5.50189 0.0251807
5.5057 0.0249608
5.50977 0.0249938
5.51393 0.0251251
5.51406 0.0252535
5.51893 0.0260884
5.5213 0.0212305
5.5231 0.0250418
5.52697 0.0248847
5.53152 0.0254016
5.53505 0.0248939
5.53909 0.0249032
5.54585 0.027627
5.54925 0.0249776
5.55329 0.0249839
5.55733 0.0249857
5.56159 0.0252173
5.56538 0.0249698
5.56958 0.0251356
5.57343 0.0249508
5.57746 0.0249566
5.58419 0.0276504
5.58432 0.0277788
5.58861 0.0260192
5.59156 0.0249357
5.59595 0.0252892
5.60034 0.0256427
5.60431 0.0255829
5.6077 0.0249423
5.61171 0.0249136
5.61699 0.0261648
5.62129 0.021213
5.62154 0.0255034
5.62506 0.0249916
5.6291 0.0249951
5.63513 0.0269865
5.63939 0.0251973
5.64314 0.0249123
5.64718 0.0249186
5.65118 0.0248934
5.65529 0.0249619
5.65936 0.0249988
5.65948 0.0251272
5.66381 0.0254215
5.66779 0.0253651
5.67343 0.0269743
5.67741 0.0248972
5.68144 0.0249006
5.68644 0.0258625
5.68977 0.0251613
5.69425 0.0256126
5.6989 0.0262234
5.70191 0.0252026
5.70569 0.0249516
5.71206 0.0272887
5.71469 0.023866
5.71905 0.0241913
5.72129 0.0212218
5.72501 0.026959
5.72905 0.0249456
5.7335 0.0253653
5.73713 0.0249578
5.74123 0.0250269
5.74578 0.0255433
5.74921 0.0249417
5.75325 0.0249481
5.75726 0.0249228
5.76387 0.0274935
5.76774 0.0253191
5.76787 0.0254475
5.77153 0.0250681
5.77197 0.025516
5.7755 0.0250118
5.77941 0.0248897
5.78435 0.0257889
5.78749 0.0248965
5.79162 0.0249967
5.79598 0.0253196
5.80177 0.0270785
5.80571 0.0249708
5.80972 0.0249415
5.81398 0.0251701
5.81891 0.0260707
5.82128 0.0212128
5.82308 0.0250241
5.82737 0.0252798
5.83163 0.0255084
5.83516 0.0250006
5.83926 0.0250727
5.84323 0.0250094
5.84727 0.0250117
5.85336 0.0270689
5.85727 0.0249256
5.86156 0.0251882
5.86541 0.0249994
5.86958 0.0251342
5.87342 0.0249494
5.87749 0.0249863
5.88147 0.024927
5.88602 0.025441
5.89159 0.0269822
5.89595 0.0252883
5.8996 0.0249095
5.90421 0.0254807
5.90434 0.0256091
5.90776 0.0249996
5.9118 0.025006
5.91696 0.0261333
5.92132 0.0212472
5.92158 0.0255375
5.92507 0.0249952
5.9291 0.0249986
5.93346 0.025321
5.93718 0.0250068
5.94311 0.0269015
5.94718 0.0249222
5.95122 0.024928
5.95526 0.0249344
5.95936 0.0250064
5.96385 0.0254601
5.96776 0.0253375
5.97196 0.0255034
5.97549 0.0249991
5.98151 0.0269871
5.98561 0.0250365
5.98574 0.0251649
5.98952 0.0249115
5.99381 0.0251677
5.99426 0.0256156
5.9988 0.0261252
6.00181 0.0251044
6.00194 0.0252328
6.00566 0.0249175
6.00976 0.0249855
6.01399 0.025183
6.01902 0.0261809
6.02742 0.0253347
6.0336 0.0274822
6.03713 0.0249567
6.04136 0.0251541
6.04546 0.0252227
6.04918 0.0249085
6.05328 0.024977
6.05732 0.0249829
6.06153 0.0251516
6.06537 0.0249669
6.07143 0.0269879
6.07544 0.0249448
6.07966 0.0251378
6.08405 0.0254907
6.08844 0.0258442
6.09158 0.0249548
6.09562 0.0249566
6.09965 0.0249595
6.10372 0.0249959
6.10974 0.0269814
6.11397 0.0251621
6.11702 0.0241748
6.12131 0.0212399
6.12323 0.0271963
6.12749 0.0254002
6.13156 0.0254341
6.13505 0.0248953
6.13929 0.0250957
6.14319 0.0249707
6.14716 0.0249069
6.1513 0.02501
6.15527 0.0249502
6.16152 0.0271663
6.16537 0.0249608
6.1695 0.0250604
6.16963 0.0251888
6.17344 0.024969
6.17748 0.0249748
6.18149 0.0249466
6.18591 0.0253322
6.18604 0.0254606
6.18969 0.0250789
6.1943 0.0256586
6.19475 0.0261065
6.20026 0.0275849
6.20432 0.0255976
6.20775 0.0249921
6.21179 0.0249984
6.21192 0.0251268
6.21692 0.0260901
6.22118 0.0211068
6.22131 0.0252687
6.22144 0.0253971
6.22499 0.0249205
6.22922 0.025115
6.23351 0.0253752
6.23707 0.0249015
6.24137 0.0251617
6.24579 0.0255497
6.25133 0.0270612
6.25146 0.0271896
6.25528 0.0249535
6.25944 0.0250877
6.2639 0.0255063
6.26784 0.0254149
6.27194 0.0254834
6.2755 0.0250102
6.28037 0.0258467
6.2805 0.0259751
6.28428 0.0257217
6.28954 0.0269434
6.2937 0.0250584
6.29878 0.0261092
6.30193 0.0252168
6.30574 0.0249929
6.30974 0.0249637
6.31394 0.0251261
6.31893 0.0260889
6.3213 0.021231
6.32323 0.0251707
6.32701 0.0249203
6.33152 0.0254021
6.33505 0.0248944
6.34143 0.027236
6.34187 0.0276839
6.34547 0.0252256
6.34919 0.0249124
6.35323 0.0249187
6.35723 0.0248935
6.36153 0.0251561
6.36538 0.0249713
6.36948 0.0250398
6.37346 0.0249835
6.38031 0.0278045
6.38422 0.0256628
6.38435 0.0257912
6.38864 0.0260484
6.39159 0.0249649
6.39595 0.0252878
6.40027 0.0255791
6.40431 0.0255815
6.4077 0.0249449
6.41181 0.0250134
6.4169 0.0260745
6.42132 0.0212512
6.42158 0.0255415
6.42497 0.0249014
6.43157 0.0274662
6.43516 0.025004
6.43926 0.025072
6.43939 0.0252004
6.44324 0.0250127
6.44715 0.0248906
6.45125 0.0249587
6.45528 0.024961
6.45939 0.025033
6.46382 0.0254246
6.46958 0.0271582
6.47343 0.0249567
6.4775 0.0249936
6.48154 0.024997
6.48577 0.0251915
6.48955 0.0249382
6.49371 0.02507
6.49877 0.0260936
6.50191 0.0252012
6.50771 0.0269659
6.51201 0.0252123
6.51444 0.0236152
6.5213 0.0212239
6.52168 0.026821
6.52213 0.0272689
6.52502 0.0249443
6.52905 0.0249477
6.53348 0.0253363
6.53707 0.0248976
6.54136 0.0251578
6.54579 0.0255459
6.54925 0.0249754
6.55329 0.0249818
6.55951 0.0271668
6.56386 0.0254714
6.56783 0.025407
6.57196 0.0255067
6.57546 0.0249673
6.58033 0.0258038
6.58046 0.0259322
6.58424 0.0256788
6.58847 0.0258734
6.59157 0.0249493
6.5917 0.0250777
6.59864 0.0279857
6.59877 0.0281141
6.60179 0.0250766
6.60572 0.0249817
6.60976 0.0249835
6.61434 0.0255276
6.61895 0.0261052
6.62132 0.0212474
6.62311 0.0250587
6.62324 0.0251871
6.62738 0.0252872
6.63154 0.0254185
6.63507 0.0249108
6.63911 0.0249201
6.64311 0.0248918
6.64926 0.0270072
6.6533 0.0249968
6.65734 0.0249986
6.66157 0.0251951
6.66542 0.0250103
6.66949 0.0250477
6.66962 0.0251761
6.67343 0.0249563
6.6775 0.0249932
6.68148 0.0249339
6.68839 0.0278158
6.68852 0.0279442
6.6916 0.0249723
6.69589 0.025229
6.70031 0.0256176
6.70424 0.0255187
6.7077 0.0249443
6.71181 0.0250129
6.71694 0.026109
6.72117 0.0210946
6.72129 0.0252565
6.72498 0.0249043
6.72908 0.0249705
6.7292 0.0250988
6.7335 0.025359
6.73952 0.0273489
6.74314 0.0249188
6.74718 0.0249212
6.75125 0.0249581
6.75529 0.0249644
6.75939 0.0250364
6.76375 0.0253618
6.76388 0.0254902
6.76779 0.0253676
6.77199 0.0255334
6.7775 0.0270098
6.78154 0.0249964
6.78564 0.0250626
6.78577 0.025191
6.78967 0.025066
6.79371 0.0250694
6.79877 0.026093
6.80178 0.0250722
6.80191 0.0252006
6.80572 0.0249808
6.80973 0.0249515
6.81447 0.0256625
6.81905 0.0241928
6.8213 0.0212233
6.82322 0.025163
6.82905 0.0269639
6.83347 0.0253357
6.8371 0.0249282
6.84139 0.0251884
6.84547 0.0252258
6.84925 0.0249749
6.85332 0.0250123
6.85729 0.024952
6.86153 0.0251524
6.8679 0.0274934
6.87194 0.025479
6.87549 0.0250018
6.88043 0.0259005
6.88433 0.0257755
6.88862 0.0260328
6.89157 0.0249493
6.89593 0.0252722
6.90029 0.0255951
6.90574 0.0270138
6.90972 0.0249406
6.9143 0.0254887
6.91891 0.0260663
6.92109 0.0210173
6.92301 0.024957
6.92737 0.0252789
6.93166 0.0255386
6.93506 0.0249024
6.93913 0.0249428
6.94323 0.0250119
6.94727 0.0250143
6.95118 0.0248917
6.9573 0.026976
6.96153 0.0251556
6.96541 0.0250019
6.96951 0.0250705
6.97342 0.0249479
6.9774 0.0248916
6.9815 0.0249606
6.98592 0.0253463
6.9897 0.0250929
6.99595 0.0273071
7.00024 0.0255505
7.00453 0.0258082
7.00774 0.024981
7.01178 0.0249873
7.01694 0.0261101
7.0292 0.0250989
7.0335 0.025359
7.03709 0.0249165
7.04125 0.0250483
7.04138 0.0251766
7.04715 0.0269143
7.05132 0.0250312
7.05523 0.0249092
7.05937 0.0250117
7.06382 0.0254344
7.0678 0.025378
7.07146 0.0249981
7.07547 0.0249758
7.07976 0.0252349
7.08021 0.0256828
7.08562 0.0270629
7.0896 0.0249868
7.09366 0.0250203
7.09881 0.0261357
7.1016 0.0248922
7.10573 0.0249903
7.10974 0.0249605
7.11397 0.025158
7.11893 0.0260852
7.1213 0.0212273
7.12309 0.0250386
7.12745 0.0253644
7.13155 0.0254295
7.13713 0.0269721
7.14142 0.0252155
7.14584 0.0256041
7.14918 0.0249052
7.15322 0.0249116
7.15732 0.0249796
7.16155 0.025176
7.16539 0.0249873
7.1695 0.0250558
7.17549 0.0270152
7.17953 0.0250047
7.18433 0.0257755
7.18862 0.0260328
7.19157 0.0249493
7.19593 0.0252722
7.19606 0.0254006
7.20029 0.0255951
7.20435 0.0256286
7.20772 0.0249609
7.21396 0.0271701
7.21691 0.0240653
7.22133 0.0212587
7.22159 0.0255491
7.22754 0.0274669
7.23164 0.0255192
7.2351 0.0249453
7.23934 0.0251457
7.23946 0.0252741
7.24312 0.0248923
7.24719 0.0249298
7.25119 0.0249045
7.2553 0.024973
7.2593 0.0249478
7.25943 0.0250762
7.26539 0.0270004
7.26949 0.0250482
7.26962 0.0251766
7.27347 0.0249918
7.27751 0.0249977
7.28154 0.0250011
7.28564 0.0250672
7.28577 0.0251956
7.28955 0.0249422
7.29429 0.0256503
7.29871 0.0260354
7.30454 0.0278289
7.30774 0.0249849
7.31178 0.0249912
7.31191 0.0251196
7.31701 0.0261802
7.32133 0.0212596
7.32172 0.0256783
7.32502 0.0249449
7.32905 0.0249483
7.33351 0.025368
7.3371 0.0249254
7.34126 0.0250572
7.34514 0.0249035
7.34918 0.0249059
7.3553 0.0269941
7.3594 0.0250414
7.35953 0.0251698
7.36379 0.0253978
7.36782 0.0253997
7.37202 0.0255655
7.37545 0.02496
7.38035 0.0258276
7.38048 0.025956
7.38413 0.0255742
7.38426 0.0257026
7.38852 0.0259282
7.38865 0.0260566
7.39371 0.0270871
7.39867 0.0259927
7.3988 0.0261211
7.40181 0.0251004
7.40572 0.0249738
7.40978 0.0250068
7.41398 0.0251692
7.41894 0.0261008
7.42131 0.021243
7.42311 0.0250543
7.42702 0.0249283
7.43157 0.0254452
7.43506 0.0249064
7.43914 0.0249468
7.44589 0.0276706
7.4492 0.0249238
7.45324 0.0249302
7.45734 0.0249982
7.46157 0.0251986
7.46539 0.0249788
7.46949 0.0250473
7.47346 0.024987
7.47747 0.0249617
7.4842 0.0276554
7.48433 0.0277838
7.48862 0.0260243
7.49157 0.0249408
7.49605 0.0253881
7.50021 0.0255199
7.50422 0.0254912
7.50774 0.024979
7.51181 0.0250164
7.5169 0.026073
7.52132 0.0212497
7.52158 0.02554
7.52497 0.0248999
7.52901 0.0249033
7.53516 0.0270232
7.53939 0.0251989
7.54317 0.024945
7.54721 0.0249513
7.55122 0.024926
7.55532 0.0249946
7.55942 0.0250626
7.56377 0.025384
7.56781 0.0253898
7.57345 0.0269951
7.57749 0.0249841
7.58153 0.0249875
7.58576 0.0251821
7.58954 0.0249287
7.59373 0.0250916
7.59418 0.0255395
7.59879 0.0261152
7.6018 0.0250944
7.60193 0.0252228
7.60575 0.025003
7.61196 0.0271845
7.61472 0.0238902
7.61892 0.0240555
7.62129 0.0212144
7.62501 0.0269516
7.62904 0.0249382
7.63353 0.025389
7.63709 0.0249153
7.64125 0.0250471
7.6458 0.0255636
7.64927 0.0249931
7.65331 0.0249994
7.65731 0.0249742
7.66388 0.0275098
7.66779 0.0253665
7.66792 0.0254949
7.67199 0.0255283
7.67548 0.024989
7.67952 0.0249953
7.68436 0.0257972
7.68846 0.0258634
7.69166 0.0250367
7.69589 0.0252312
7.69602 0.0253596
7.70181 0.0271185
7.70572 0.0249796
7.70976 0.0249815
7.71431 0.0254985
7.71895 0.0261072
7.72132 0.0212493
7.72312 0.0250606
7.72737 0.0252852
7.73167 0.0255449
7.73506 0.0249088
7.73914 0.0249491
7.74314 0.0249169
7.74718 0.0249193
7.75339 0.0271048
7.75733 0.0249926
7.76157 0.025193
7.76542 0.0250083
7.76958 0.025143
7.77346 0.0249893
7.7775 0.0249952
7.78151 0.0249669
7.78593 0.0253526
7.78638 0.0258005
7.79163 0.0270221
7.79589 0.025231
7.80031 0.0256196
7.80422 0.0254896
7.80777 0.0250085
7.81181 0.0250148
7.81693 0.026107
7.82116 0.0210926
7.82129 0.0252545
7.82497 0.0249023
7.82901 0.0249057
7.8335 0.0253565
7.83709 0.0249139
7.84324 0.0270343
7.84718 0.0249266
7.85122 0.0249324
7.85526 0.0249387
7.8594 0.0250418
7.86376 0.0253672
7.8678 0.025373
7.87196 0.0255038
7.87539 0.0249022
7.88148 0.0269564
7.88571 0.0251342
7.88962 0.0250092
7.89381 0.0251721
7.89883 0.0261566
7.90185 0.0251359
7.90572 0.0249782
7.90976 0.024984
7.91431 0.025501
7.91892 0.0260786
7.92129 0.0212208
7.92322 0.0251605
7.92748 0.025389
7.9336 0.0254576
7.93712 0.0249488
7.94129 0.0250806
7.9458 0.0255625
7.9492 0.0249298
7.95327 0.0249673
7.95734 0.0250042
7.96161 0.0252357
7.96533 0.0249225
7.97164 0.0271974
7.97548 0.0249919
7.97952 0.0249982
7.98433 0.025769
7.98862 0.0260263
7.9916 0.0249739
7.99589 0.0252306
8.00031 0.0256157
8.00425 0.0255208
8.00977 0.0270072
8.014 0.0251879
8.01691 0.0240688
8.02751 0.025422
8.03158 0.025456
8.0351 0.0249483
8.03914 0.0249536
8.04315 0.0249254
8.04719 0.0249312
8.05126 0.0249676
8.05533 0.0250051
8.06167 0.027314
8.06539 0.02498
8.06949 0.0250486
8.06962 0.025177
8.07343 0.0249601
8.07744 0.0249338
8.08145 0.024905
8.08561 0.0250363
8.08955 0.0249419
8.09368 0.0250416
8.09381 0.02517
8.09964 0.0269663
8.10374 0.0250091
8.10777 0.0250105
8.11175 0.0249541
8.117 0.0261737
8.12136 0.0212841
8.1227 0.0266614
8.12501 0.0249389
8.12924 0.0251334
8.13353 0.0253936
8.13709 0.0249199
8.14139 0.0251801
8.14517 0.0249296
8.15135 0.0250554
8.15532 0.0249955
8.15942 0.0250675
8.16388 0.0254901
8.16786 0.0254338
8.17199 0.0255334
8.17539 0.0249008
8.18052 0.025994
8.1843 0.0257406
8.18955 0.0269623
8.19372 0.0250773
8.19883 0.0261592
8.20185 0.0251384
8.20575 0.0250119
8.20976 0.0249826
8.21421 0.0254023
8.21434 0.0255307
8.21896 0.0261123
8.22133 0.0212544
8.22312 0.0250657
8.22738 0.0252943
8.22751 0.0254227
8.23158 0.0254567
8.23709 0.026933
8.24138 0.0251764
8.24151 0.0253048
8.24584 0.0255956
8.2492 0.0249278
8.25327 0.0249653
8.25731 0.0249711
8.26157 0.0251986
8.26542 0.0250099
8.26952 0.0250784
8.27349 0.0250181
8.27955 0.0270441
8.28436 0.0257982
8.28865 0.0260554
8.2916 0.0249719
8.29595 0.0252948
8.30031 0.0256172
8.30425 0.0255223
8.30774 0.024983
8.31175 0.0249542
8.3169 0.026077
8.32133 0.0212537
8.32158 0.025544
8.32756 0.027493
8.33167 0.0255453
8.33507 0.0249092
8.33946 0.0252691
8.34324 0.0250157
8.34718 0.0249247
8.35129 0.0249967
8.35533 0.0250031
8.35933 0.0249778
8.36369 0.0253031
8.36962 0.0251755
8.37345 0.0249789
8.37749 0.0249847
8.38166 0.0251165
8.38576 0.0251826
8.38954 0.0249292
8.39383 0.0251894
8.39848 0.0258002
8.40175 0.0250362
8.40187 0.0251646
8.40777 0.0270232
8.41181 0.0250128
8.4169 0.0260734
8.42135 0.0212812
8.42174 0.0256999
8.42507 0.0250015
8.42911 0.0250049
8.43356 0.0254246
8.43709 0.0249198
8.44126 0.0250516
8.44517 0.0249256
8.4492 0.024928
8.45532 0.0270122
8.45954 0.0251839
8.46377 0.0253769
8.4639 0.0255053
8.46784 0.0254138
8.47201 0.0255486
8.47543 0.024943
8.48043 0.0259079
8.48408 0.0255261
8.4885 0.0259118
8.49158 0.0249567
8.49881 0.0281526
8.50182 0.025115
8.5057 0.0249574
8.5098 0.0250214
8.51422 0.02541
8.51435 0.0255384
8.51896 0.02612
8.52133 0.0212621
8.52326 0.0252018
8.52739 0.025298
8.53155 0.0254293
8.53508 0.0249216
8.53934 0.0251531
8.54514 0.0269189
8.54918 0.0249084
8.55335 0.0250432
8.55732 0.0249828
8.56156 0.0251832
8.56541 0.0249984
8.56951 0.025067
8.57349 0.0250106
8.57749 0.0249853
8.58147 0.024926
8.58851 0.0259196
8.59159 0.0249644
8.59591 0.0252523
8.59604 0.0253807
8.6002 0.0255125
8.60424 0.0255148
8.60776 0.0250026
8.6117 0.0249117
8.61692 0.0260967
8.62135 0.0212734
8.6216 0.0255637
8.625 0.0249236
8.62903 0.024927
8.63509 0.0269496
8.63941 0.0252225
8.64316 0.0249375
8.6472 0.0249439
8.65124 0.0249497
8.65531 0.0249871
8.65944 0.0250863
8.66377 0.0253805
8.66771 0.0252891
8.66784 0.0254174
8.67345 0.0269876
8.67748 0.0249767
8.68152 0.0249801
8.68562 0.0250462
8.68575 0.0251746
8.68953 0.0249212
8.69376 0.0251153
8.69881 0.0261389
8.70183 0.0251181
8.70567 0.0249294
8.70977 0.0249974
8.71471 0.0258995
8.71894 0.0240792
8.72131 0.0212381
8.72503 0.0269752
8.72907 0.0249619
8.73362 0.0254788
8.73712 0.0249429
8.74131 0.0251058
8.74583 0.0255877
8.74929 0.0250173
8.75333 0.0250236
8.75731 0.0249672
8.7639 0.02753
8.76791 0.025484
8.77194 0.0254863
8.77547 0.024982
8.78034 0.0258185
8.78438 0.0258219
8.78848 0.0258881
8.79155 0.024929
8.79591 0.0252519
8.80027 0.0255748
8.80575 0.0250078
8.80975 0.0249785
8.81399 0.025176
8.81892 0.0260766
8.8211 0.0210276
8.82321 0.0251584
8.82738 0.0252897
8.83157 0.0254521
8.8351 0.0249443
8.83921 0.0250163
8.84324 0.0250197
8.84719 0.0249288
8.85334 0.0270521
8.85347 0.0271805
8.85734 0.0250021
8.86167 0.0252958
8.86539 0.0249827
8.86949 0.0250512
8.86962 0.0251796
8.87337 0.0248976
8.87748 0.0249696
8.88151 0.024973
8.88593 0.0253586
8.89164 0.0270282
8.8959 0.025237
8.90032 0.0256256
8.90422 0.0254956
8.90777 0.0250145
8.91172 0.0249235
8.91694 0.026113
8.92117 0.0210986
8.9213 0.0252605
8.92498 0.0249083
8.92905 0.0249428
8.93353 0.0253936
8.93709 0.0249199
8.94318 0.0269746
8.94719 0.0249291
8.95122 0.024935
8.95526 0.0249413
8.95943 0.0250755
8.96379 0.0254009
8.96783 0.0254027
8.97199 0.0255335
8.97539 0.0249008
8.98148 0.026955
8.98571 0.0251328
8.98962 0.0250078
8.99372 0.0250734
8.99384 0.0252018
8.99873 0.026058
9.00187 0.0251656
9.00576 0.0250141
9.00979 0.0250159
9.01402 0.0252134
9.01895 0.02611
9.02754 0.0254549
9.03363 0.0275091
9.03719 0.0250147
9.04129 0.0250803
9.04141 0.0252087
9.04517 0.0249267
9.04924 0.0249636
9.05331 0.025001
9.05725 0.0249096
9.06164 0.0252689
9.06543 0.025018
9.07144 0.0270005
9.07548 0.0249845
9.07974 0.0252126
9.08403 0.0254722
9.08851 0.025923
9.09153 0.0249052
9.09567 0.0250083
9.09964 0.024949
9.10368 0.0249503
9.10778 0.0250178
9.11434 0.0255332
9.11691 0.0240635
9.12133 0.0212569
9.12325 0.0272134
9.12751 0.0254172
9.13161 0.0254863
9.1351 0.0249475
9.13921 0.025019
9.14325 0.0250224
9.14722 0.0249625
9.1512 0.0249062
9.15524 0.0249125
9.16168 0.0273192
9.16539 0.0249853
9.16959 0.0251472
9.1735 0.0250246
9.17748 0.0249682
9.18151 0.0249716
9.18164 0.0251
9.18593 0.0253573
9.18638 0.0258052
9.18958 0.0249755
9.19433 0.0256836
9.20022 0.0275437
9.20457 0.0258449
9.20778 0.0250176
9.21175 0.0249578
9.21697 0.0261428
9.22133 0.0212568
9.22171 0.0256755
9.22501 0.0249421
9.22924 0.0251366
9.23354 0.0253968
9.23713 0.0249542
9.24129 0.025086
9.24142 0.0252144
9.2452 0.0249634
9.25132 0.0270437
9.25145 0.0271721
9.25529 0.0249671
9.25943 0.0250702
9.26388 0.0254928
9.26786 0.0254364
9.27203 0.0255712
9.27543 0.0249345
9.28049 0.0259616
9.28439 0.0258366
9.28952 0.0269299
9.29369 0.0250449
9.29382 0.0251733
9.29874 0.0260646
9.30188 0.0251722
9.30566 0.0249172
9.30979 0.0250164
9.31421 0.025405
9.31434 0.0255334
9.31899 0.0261461
9.32136 0.0212882
9.32315 0.0250995
9.32742 0.0253281
9.33158 0.0254554
9.3351 0.0249476
9.34145 0.0272615
9.34222 0.0280289
9.34587 0.0256333
9.34924 0.0249656
9.35328 0.0249719
9.35729 0.0249467
9.36161 0.0252404
9.36543 0.0250205
9.36953 0.0250891
9.37337 0.0249003
9.38039 0.0278849
9.3843 0.0257431
9.38843 0.0258404
9.39164 0.0250136
9.39587 0.0252082
9.40019 0.0254995
9.40426 0.0255369
9.40776 0.0249976
9.41173 0.0249377
9.41692 0.0260916
9.42134 0.0212683
9.4216 0.0255586
9.42499 0.0249185
9.43169 0.0275806
9.43511 0.0249588
9.43935 0.0251592
9.43948 0.0252876
9.44313 0.0249059
9.44326 0.0250343
9.4472 0.0249433
9.45131 0.0250153
9.45535 0.0250217
9.45932 0.0249613
9.45945 0.0250897
9.46381 0.025415
9.4696 0.0271758
9.47344 0.0249703
9.47748 0.0249761
9.48165 0.0251079
9.48562 0.0250457
9.48575 0.0251741
9.48953 0.0249207
9.49369 0.0250525
9.49382 0.0251809
9.49879 0.0261112
9.50193 0.0252188
9.50766 0.0269174
9.51202 0.0252259
9.51446 0.0236289
9.52137 0.0212958
9.52175 0.0268928
9.52509 0.0250161
9.52906 0.0249534
9.53361 0.0254703
9.53714 0.0249655
9.5413 0.0250973
9.54143 0.0252257
9.54518 0.0249437
9.54928 0.0250082
9.55332 0.0250146
9.5595 0.0271645
9.56389 0.0254962
9.5679 0.025471
9.572 0.0255395
9.57546 0.024969
9.58046 0.0259339
9.58411 0.0255522
9.58853 0.0259378
9.59161 0.0249827
9.59871 0.0280502
9.59884 0.0281786
9.60185 0.025141
9.60573 0.0249834
9.60979 0.0250163
9.61434 0.0255333
9.61899 0.026146
9.62136 0.0212881
9.62315 0.0250994
9.62328 0.0252278
9.62739 0.0252969
9.63158 0.0254593
9.63511 0.0249515
9.63918 0.0249919
9.64318 0.0249597
9.64924 0.0269818
9.65331 0.0250025
9.65732 0.0249772
9.66168 0.025306
9.66543 0.0250239
9.66953 0.0250925
9.67338 0.0249077
9.67752 0.0250108
9.68149 0.0249515
9.68841 0.0278334
9.68854 0.0279618
9.69162 0.0249899
9.69591 0.0252467
9.7002 0.0255068
9.70426 0.0255363
9.70778 0.0250241
9.71173 0.0249332
9.71695 0.0261227
9.72118 0.0211082
9.72131 0.0252702
9.72499 0.024918
9.72906 0.0249525
9.73354 0.0254033
9.7396 0.0274243
9.74325 0.0250257
9.74722 0.0249659
9.7512 0.0249095
9.75524 0.0249159
9.75947 0.0251123
9.76379 0.0254025
9.7677 0.02528
9.76783 0.0254084
9.77203 0.0255742
9.77748 0.0269884
9.78152 0.024975
9.78164 0.0251034
9.78574 0.0251695
9.78965 0.0250445
9.79369 0.0250479
9.79884 0.0261689
9.80186 0.0251481
9.80577 0.0250255
9.80974 0.0249612
9.81458 0.025766
9.81893 0.0240701
9.8213 0.021229
9.82322 0.0251687
9.82912 0.0270318
9.83364 0.0254969
9.83713 0.024961
9.84143 0.0252212
9.84518 0.0249391
9.84918 0.0249104
9.85322 0.0249167
9.85736 0.0250198
9.86159 0.0252202
9.8679 0.0274951
9.87207 0.0256091
9.87547 0.0249764
9.87951 0.0249828
9.88418 0.0256252
9.88431 0.0257536
9.88841 0.0258197
9.89155 0.0249268
9.89591 0.0252497
9.90033 0.0256349
9.90565 0.0269211
9.90975 0.0249724
9.91398 0.0251699
9.91894 0.0261015
9.92135 0.0212748
9.92314 0.0250861
9.92737 0.0252835
9.9316 0.025477
9.93513 0.0249693
9.9392 0.0250097
9.94317 0.0249464
9.94721 0.0249488
9.95131 0.0250208
9.95733 0.0270038
9.96165 0.0252807
9.96537 0.0249675
9.96954 0.0251023
9.97339 0.0249175
9.9775 0.0249895
9.98153 0.0249924
9.98595 0.025378
9.98973 0.0251247
9.99588 0.0272381

