% time_sec delay_sec
1.18886 0.0888567
1.18886 0.0888567
1.28885 0.0888519
1.38887 0.0888697
1.48687 0.390886
1.48886 0.0888568
1.58885 0.0888461
1.68887 0.0888724
1.78886 0.0888555
1.78987 0.39121
1.88888 0.0888754
1.98836 0.287691
1.99023 0.0902117
1.99229 0.0942865
1.99636 0.0943243
2.08849 0.18242
2.09636 0.0943256
2.10037 0.0942974
2.10444 0.0943293
2.1085 0.0943618
2.1127 0.0945276
2.11283 0.094656
2.11648 0.0942761
2.12081 0.0945698
2.12126 0.0950177
2.12741 0.0951174
2.13068 0.0943529
2.13471 0.0943557
2.13923 0.0948361
2.14275 0.0943259
2.14288 0.0944543
2.14682 0.0943634
2.15105 0.0945558
2.15483 0.0943054
2.15919 0.0946302
2.1649 0.0963051
2.16923 0.0945826
2.17294 0.0942654
2.17704 0.0943335
2.17717 0.0944618
2.18111 0.094368
2.18649 0.0957146
2.1904 0.0903737
2.19084 0.0948551
2.19488 0.0948585
2.19917 0.0951108
2.20244 0.0943468
2.20663 0.0945086
2.21282 0.0966591
2.21653 0.0943252
2.22083 0.0945878
2.22461 0.0943374
2.22855 0.0942435
2.22868 0.0943719
2.23275 0.0944053
2.23678 0.0944032
2.24117 0.0947602
2.24469 0.0942524
2.24879 0.094317
2.25495 0.0964403
2.25924 0.0946862
2.26325 0.0946609
2.26762 0.0949897
2.27092 0.0942558
2.27511 0.0944216
2.27915 0.0944279
2.28396 0.0951987
2.28889 0.096098
2.29037 0.0903443
2.29236 0.0943496
2.29639 0.0943531
2.30235 0.0962794
2.30674 0.0946151
2.31075 0.0945898
2.31453 0.0943394
2.31856 0.0943412
2.32283 0.0945698
2.32695 0.0946615
2.33061 0.0942827
2.33471 0.0943517
2.33881 0.0944232
2.34494 0.0944952
2.34875 0.0942759
2.35305 0.094539
2.3568 0.0942569
2.36097 0.0943906
2.365 0.0943925
2.36923 0.0945855
2.37304 0.0943616
2.37701 0.0943053
2.38416 0.0974153
2.38653 0.0937358
2.38698 0.0941837
2.39031 0.0902873
2.3923 0.0963094
2.39634 0.094296
2.40076 0.0946846
2.40463 0.0945235
2.40476 0.0946519
2.4086 0.0944631
2.41277 0.0945939
2.41655 0.094339
2.42151 0.0952717
2.42459 0.0943166
2.43068 0.0963708
2.43465 0.0942947
2.4393 0.0949114
2.44276 0.0943385
2.44674 0.0942786
2.45109 0.0945995
2.45487 0.094349
2.45882 0.0942571
2.46285 0.0942589
2.46759 0.0949655
2.47304 0.0963841
2.47731 0.0945988
2.48122 0.0944738
2.48135 0.0946022
2.48654 0.0957582
2.49032 0.0902929
2.49089 0.0949028
2.49493 0.0949062
2.49921 0.0951584
2.50236 0.094266
2.50678 0.0946536
2.51062 0.0944608
2.51075 0.0945892
2.51452 0.0943348
2.52077 0.0965509
2.52122 0.0969988
2.52456 0.0942837
2.52859 0.0942871
2.52872 0.0944155
2.53263 0.0942895
2.53663 0.0942603
2.53676 0.0943886
2.54119 0.0947772
2.54478 0.0943357
2.54875 0.0942758
2.55295 0.0944417
2.55308 0.0945701
2.55683 0.094288
2.56353 0.0949392
2.56751 0.0948828
2.56764 0.0950112
2.57094 0.0942813
2.57498 0.0942876
2.57921 0.0944846
2.58402 0.0952554
2.58882 0.0960262
2.58895 0.0961546
2.59029 0.0902725
2.59228 0.0942779
2.59632 0.0942813
2.60058 0.0945064
2.60071 0.0946348
2.60487 0.0947616
2.6108 0.0966587
2.61445 0.0942631
2.61868 0.0944595
2.62323 0.0949765
2.62688 0.0945937
2.63073 0.0944055
2.63463 0.094276
2.63922 0.0948265
2.643 0.0945731
2.64877 0.0963112
2.65319 0.094686
2.65682 0.0942755
2.66086 0.0942848
2.66486 0.0942556
2.66935 0.0947093
2.67294 0.0942638
2.67717 0.0944602
2.68121 0.0944636
2.68652 0.095748
2.6903 0.0902827
2.69088 0.0948925
2.69492 0.0948959
2.70091 0.0968534
2.70507 0.0949679
2.7086 0.0944601
2.71277 0.0945949
2.71655 0.0943399
2.72154 0.0953003
2.72455 0.0942795
2.72468 0.0944079
2.72862 0.0943141
2.73269 0.0943515
2.73939 0.0970195
2.74292 0.0944926
2.74305 0.094621
2.74673 0.0942732
2.75109 0.094602
2.75488 0.0943516
2.75927 0.0947075
2.76285 0.0942615
2.7633 0.0947094
2.76753 0.0949018
2.77102 0.0943624
2.77496 0.0942715
2.78131 0.0945657
2.78432 0.093542
2.79025 0.0902248
2.79082 0.096013
2.79486 0.094838
2.79921 0.0951565
2.80235 0.0942641
2.80671 0.0945894
2.81081 0.0946574
2.81446 0.0942746
2.81856 0.0943387
2.82279 0.0945362
2.82866 0.0963681
2.8327 0.0943577
2.83668 0.0943013
2.84139 0.0949773
2.84478 0.0943411
2.84888 0.0944057
2.85305 0.0945405
2.8568 0.0942544
2.86084 0.0942637
2.86764 0.097029
2.87094 0.0942822
2.87107 0.0944106
2.87511 0.094417
2.87924 0.0945166
2.88405 0.0952875
2.88885 0.0960583
2.89033 0.0903046
2.89225 0.0942438
2.89635 0.0943099
2.90071 0.0946328
2.90457 0.0944678
2.9047 0.0945961
2.90848 0.0943412
2.91258 0.0944098
2.91271 0.0945382
2.91909 0.0968792
2.92306 0.0948031
2.92732 0.0950277
2.93065 0.0943294
2.93462 0.0942661
2.93475 0.0943945
2.9393 0.0949059
2.93943 0.0950343
2.94308 0.0946525
2.94673 0.0942737
2.95099 0.0945012
2.95112 0.0946296
2.95683 0.0963016
2.96087 0.0942941
2.96488 0.0942688
2.9693 0.0946603
2.97296 0.094281
2.97718 0.0944734
2.98122 0.0944769
2.98692 0.0961435
2.98705 0.0962719
2.99038 0.0903587
2.99096 0.0949685
2.99474 0.0947151
2.99487 0.0948435
2.9989 0.0948424
3.00242 0.0943352
3.00877 0.0966512
3.01281 0.0946408
3.01653 0.0943236
3.02083 0.0945863
3.02454 0.0942691
3.02467 0.0943975
3.02903 0.0947204
3.03262 0.0942754
3.03274 0.0944038
3.03672 0.0943435
3.04117 0.0947626
3.04675 0.0963096
3.05111 0.0946211
3.0549 0.0943707
3.05881 0.0942516
3.06285 0.0942569
3.06721 0.0945817
3.06734 0.0947101
3.07092 0.0942641
3.07496 0.0942689
3.07906 0.0943369
3.083 0.0942415
3.08854 0.0937342
3.09877 0.0967289
3.10242 0.0943323
3.10675 0.0946294
3.11072 0.0945646
3.11457 0.0943769
3.1185 0.0942809
3.1228 0.0945411
3.1268 0.0945124
3.13059 0.0942619
3.13668 0.0963191
3.14129 0.0948849
3.14479 0.0943461
3.14883 0.0943524
3.15312 0.0946156
3.15681 0.0942673
3.16082 0.0942415
3.16485 0.0942439
3.16921 0.0945692
3.17511 0.0964352
3.17524 0.0965636
3.17934 0.0946154
3.18418 0.0954173
3.18885 0.0960597
3.18898 0.0961881
3.19033 0.0903061
3.19228 0.0942764
3.19632 0.0942798
3.20074 0.0946683
3.20471 0.0946006
3.20858 0.0944429
3.21262 0.0944493
3.21275 0.0945777
3.21644 0.0942299
3.22083 0.0945898
3.22743 0.0971581
3.23067 0.0943457
3.23464 0.0942864
3.23901 0.0946147
3.24291 0.0944897
3.24676 0.0943015
3.25108 0.0945912
3.25487 0.0943408
3.25881 0.0942488
3.2649 0.0963054
3.26923 0.0945829
3.26935 0.0947112
3.27304 0.094363
3.27718 0.0944661
3.28121 0.0944695
3.28653 0.0957539
3.29031 0.0902886
3.29089 0.0948984
3.2948 0.0947735
3.29918 0.095123
3.30232 0.0942306
3.30245 0.094359
3.30671 0.0945836
3.31064 0.0944842
3.31077 0.0946126
3.31654 0.0963467
3.3208 0.094558
3.32125 0.0950059
3.32458 0.0943076
3.32875 0.0944394
3.33262 0.0942823
3.33663 0.094253
3.33676 0.0943814
3.34115 0.0947384
3.3448 0.094359
3.34874 0.0942681
3.3549 0.0963914
3.35885 0.0942866
3.36352 0.0949314
3.36763 0.0950035
3.37093 0.0942695
3.37503 0.0943381
3.37907 0.0943444
3.3792 0.0944728
3.38324 0.0944762
3.384 0.0952436
3.38894 0.0961428
3.39028 0.0902608
3.39227 0.0942661
3.39631 0.0942695
3.40073 0.0946581
3.40672 0.09661
3.41078 0.0946262
3.41444 0.0942474
3.41457 0.0943758
3.41857 0.0943465
3.4228 0.094544
3.42696 0.0946708
3.43062 0.0942919
3.43459 0.0942326
3.43911 0.0947169
3.44488 0.0964521
3.44879 0.0943133
3.45308 0.0945764
3.45321 0.0947048
3.45684 0.0942944
3.46084 0.0942686
3.46498 0.0943717
3.46921 0.0945647
3.47292 0.0942475
3.47703 0.0943195
3.4842 0.0974612
3.48651 0.0937189
3.49029 0.0902704
3.49055 0.0945608
3.49632 0.096296
3.50067 0.0946021
3.50465 0.0945423
3.50478 0.0946707
3.50859 0.0944508
3.51266 0.0944883
3.51279 0.0946167
3.5165 0.0942955
3.52086 0.0946209
3.52458 0.0943048
3.52906 0.0947561
3.53464 0.0963002
3.53939 0.0949974
3.54304 0.0946156
3.54676 0.094299
3.55108 0.0945887
3.55486 0.0943383
3.55881 0.0942463
3.56284 0.0942521
3.56752 0.0948965
3.57304 0.0963773
3.57733 0.0946231
3.58137 0.0946265
3.58694 0.0961648
3.5903 0.0902827
3.59088 0.0948925
3.59479 0.0947675
3.59492 0.0948959
3.59879 0.0947353
3.60232 0.0942281
3.60245 0.0943565
3.6067 0.0945811
3.61071 0.0945519
3.61452 0.0943325
3.61856 0.0943344
3.62459 0.0963293
3.62869 0.0943782
3.63263 0.0942872
3.63667 0.094293
3.64116 0.0947473
3.64481 0.0943679
3.64872 0.0942459
3.65302 0.094509
3.6568 0.0942581
3.66353 0.0969571
3.66754 0.0949151
3.67094 0.0942824
3.67511 0.0944172
3.67918 0.0944546
3.68402 0.0952565
3.68895 0.0961557
3.6903 0.0902737
3.69228 0.0942751
3.69632 0.0942785
3.70067 0.0946009
3.70464 0.0945371
3.70852 0.0943794
3.71445 0.096277
3.71868 0.0944567
3.71881 0.0945851
3.72294 0.0946853
3.72733 0.0950383
3.73057 0.0942426
3.73473 0.0943699
3.73928 0.0948853
3.74293 0.0945036
3.74671 0.0942532
3.75319 0.0966955
3.75684 0.0942993
3.76088 0.0943086
3.76486 0.0942522
3.76922 0.0945776
3.77294 0.0942604
3.77704 0.0943285
3.77717 0.0944569
3.78108 0.0943319
3.78652 0.0957446
3.7903 0.0902794
3.79088 0.0948892
3.79479 0.0947642
3.79491 0.0948926
3.79924 0.0951799
3.8051 0.0970084
3.80865 0.094515
3.80878 0.0946434
3.81273 0.0945525
3.81644 0.0942314
3.8208 0.0945562
3.82458 0.0943058
3.82862 0.0943092
3.83266 0.0943155
3.83663 0.0942591
3.84272 0.0963168
3.84676 0.0943064
3.85116 0.0946662
3.85481 0.0942874
3.85882 0.0942577
3.8633 0.0947074
3.86753 0.0949038
3.87093 0.0942672
3.87497 0.0942735
3.88106 0.0963312
3.88432 0.0935475
3.88862 0.0938077
3.89025 0.0902303
3.89487 0.0968603
3.89909 0.0950335
3.90236 0.0942695
3.90671 0.0945914
3.91072 0.0945622
3.91456 0.0943745
3.91865 0.0944311
3.92314 0.0948824
3.92689 0.0945969
3.93262 0.0963005
3.93673 0.0943557
3.94135 0.0949383
3.94147 0.0950667
3.94481 0.0943644
3.94871 0.0942384
3.94884 0.0943668
3.95314 0.0946299
3.95679 0.0942506
3.96083 0.0942559
3.96487 0.0942617
3.97096 0.0963223
3.97513 0.0944403
3.97933 0.0946061
3.98401 0.0952485
3.98414 0.0953769
3.98881 0.0960193
3.99029 0.0902657
3.99228 0.094271
3.99631 0.0942744
4.00067 0.0945968
4.00474 0.094632
4.00845 0.0943109
4.00858 0.0944392
4.01262 0.0944456
4.01275 0.094574
4.01656 0.0943502
4.023 0.0967614
4.02742 0.0951287
4.03063 0.0943019
4.0346 0.0942426
4.03928 0.0948864
4.04293 0.0945047
4.04671 0.0942537
4.05107 0.094578
4.05479 0.0942614
4.06085 0.0962898
4.06488 0.0942754
4.06928 0.0946353
4.0729 0.0942278
4.07698 0.0942677
4.08098 0.0942395
4.08624 0.0954641
4.09885 0.0947989
4.10235 0.0942601
4.10674 0.0946155
4.1127 0.0965437
4.11642 0.0942093
4.12087 0.0946314
4.12453 0.0942526
4.12856 0.094256
4.1326 0.0942583
4.13663 0.0942602
4.14106 0.0946483
4.14474 0.0943
4.15105 0.0965788
4.15484 0.0943116
4.15881 0.0942547
4.16292 0.0943268
4.1675 0.0948778
4.1709 0.0942411
4.17494 0.0942435
4.1791 0.0943782
4.18394 0.0951801
4.18887 0.0960793
4.19025 0.0902284
4.19227 0.0942649
4.19637 0.094331
4.20236 0.0962884
4.20665 0.0945308
4.21066 0.0945015
4.21444 0.0942511
4.21845 0.0942219
4.22268 0.0944193
4.2269 0.0946123
4.23059 0.0942646
4.23456 0.0942053
4.24136 0.0969671
4.24482 0.0943804
4.2488 0.0943205
4.25309 0.0945836
4.25684 0.0943016
4.26082 0.0942447
4.26486 0.094247
4.26924 0.0945995
4.27293 0.0942513
4.27934 0.0966314
4.28408 0.0953192
4.28421 0.0954476
4.28703 0.0942328
4.29036 0.0903364
4.29222 0.0962301
4.29632 0.0942795
4.30077 0.0946992
4.30468 0.0945692
4.30859 0.0944466
4.31266 0.0944841
4.31279 0.0946124
4.3165 0.0942913
4.32083 0.0945856
4.32448 0.0942067
4.33063 0.0963271
4.33461 0.094251
4.33922 0.0948326
4.34268 0.0942597
4.34676 0.0942972
4.35105 0.0945558
4.35473 0.0942081
4.35883 0.0942756
4.36287 0.0942775
4.36922 0.0965914
4.37294 0.0942614
4.37717 0.0944618
4.38124 0.0944964
4.38643 0.0956523
4.39034 0.0903155
4.39091 0.0949253
4.39482 0.0948003
4.39917 0.0951147
4.40231 0.0942224
4.4067 0.0945753
4.41064 0.0944839
4.41077 0.0946123
4.41442 0.0942295
4.4208 0.0965745
4.42458 0.0943073
4.42862 0.0943107
4.43265 0.0943131
4.43663 0.0942527
4.44108 0.0946724
4.4447 0.0942619
4.44874 0.0942683
4.45304 0.0945314
4.45881 0.0962685
4.46285 0.0942576
4.46753 0.0949059
4.47093 0.0942732
4.47494 0.0942445
4.47911 0.0943792
4.48327 0.094511
4.48884 0.0960492
4.49032 0.0902956
4.49231 0.0943009
4.49634 0.0943043
4.50063 0.0945611
4.50467 0.0945595
4.50479 0.0946878
4.51069 0.0965499
4.51447 0.0942827
4.51857 0.0943507
4.5187 0.0944791
4.52293 0.0946766
4.5269 0.0946128
4.53062 0.0942961
4.53459 0.0942368
4.53915 0.0947562
4.54293 0.0945028
4.54873 0.0962721
4.55306 0.0945495
4.55319 0.0946779
4.55674 0.0942013
4.56079 0.0942106
4.56486 0.094248
4.56921 0.0945694
4.57293 0.0942562
4.577 0.0942932
4.58117 0.094425
4.58649 0.0957093
4.5903 0.0902752
4.59087 0.094885
4.59491 0.0948884
4.60077 0.0967174
4.60497 0.094863
4.60859 0.0944526
4.61266 0.09449
4.6165 0.0942973
4.62144 0.0951995
4.62458 0.0943071
4.62894 0.09463
4.63256 0.0942161
4.63929 0.0969152
4.64294 0.0945166
4.64676 0.0942973
4.65108 0.094591
4.65474 0.0942122
4.65881 0.0942486
4.66284 0.0942505
4.66755 0.0949219
4.67091 0.0942542
4.67723 0.096537
4.6812 0.0944574
4.68133 0.0945858
4.68421 0.0934337
4.69027 0.0902449
4.69084 0.0960331
4.69475 0.0947297
4.69914 0.0950793
4.7024 0.0943153
4.7067 0.0945744
4.7107 0.0945452
4.71457 0.0943846
4.71865 0.094422
4.72294 0.0946822
4.72858 0.0962885
4.72871 0.0964169
4.73265 0.0943092
4.73669 0.094315
4.74131 0.0948977
4.7447 0.0942615
4.74871 0.0942328
4.753 0.0944959
4.75682 0.0942761
4.76086 0.0942814
4.76753 0.0969183
4.77096 0.0942999
4.775 0.0943063
4.77926 0.0945343
4.78394 0.0951768
4.78874 0.0959476
4.79034 0.0903223
4.7923 0.0942926
4.79633 0.094296
4.80069 0.0946184
4.80459 0.0944884
4.80472 0.0946168
4.8085 0.0943618
4.81273 0.0945588
4.81908 0.0968687
4.82343 0.0951749
4.82356 0.0953033
4.82801 0.0957195
4.83064 0.0943165
4.83461 0.0942532
4.83916 0.0947686
4.84294 0.0945152
4.84679 0.094327
4.85108 0.0945856
4.85685 0.0963238
4.86089 0.0943163
4.86487 0.0942565
4.86929 0.094648
4.87288 0.0942064
4.87702 0.0943056
4.88118 0.0944374
4.8865 0.0957217
4.89028 0.0902564
4.89085 0.0948663
4.89476 0.0947413
4.8988 0.0947442
4.89893 0.0948726
4.90233 0.094237
4.90867 0.0965474
4.91271 0.094537
4.91646 0.094251
4.92088 0.094642
4.92453 0.0942592
4.92857 0.0942626
4.93257 0.0942338
4.93665 0.0942708
4.94116 0.0947561
4.94677 0.0963308
4.951 0.0945104
4.95113 0.0946388
4.95479 0.09426
4.95883 0.0942693
4.96284 0.094244
4.96751 0.0948849
4.97091 0.0942482
4.97491 0.0942195
4.97908 0.0943542
4.9843 0.0955413
4.98853 0.0937191
4.98866 0.0938475
4.99026 0.090239
4.99225 0.0942443
4.99897 0.0969346
4.9991 0.097063
5.00237 0.0942822
5.00671 0.0945822
5.01061 0.0944556
5.01074 0.094584
5.01452 0.0943336
5.01852 0.0943004
5.02263 0.0943689
5.02692 0.0946281
5.03057 0.0942493
5.0366 0.0962442
5.03673 0.0963726
5.04122 0.09481
5.04135 0.0949384
5.04484 0.0943996
5.04878 0.0943076
5.05298 0.0944735
5.05311 0.0946018
5.05676 0.0942185
5.06083 0.0942544
5.0649 0.0942919
5.06891 0.0942661
5.07497 0.0962945
5.07923 0.0945053
5.08295 0.0941921
5.08308 0.0943205
5.08859 0.0957955
5.08872 0.0959239
5.09625 0.094208
5.10038 0.0943047
5.10441 0.0943015
5.10842 0.0942758
5.11271 0.0945389
5.1164 0.0941901
5.12044 0.0941954
5.12742 0.0971459
5.13063 0.0943024
5.13463 0.0942742
5.13912 0.0947274
5.13925 0.0948558
5.14271 0.0942829
5.14665 0.094192
5.15104 0.0945479
5.15482 0.0942975
5.15883 0.0942717
5.16489 0.0962972
5.16925 0.0946058
5.17293 0.0942575
5.17707 0.0943606
5.18114 0.0943951
5.18646 0.0956795
5.19033 0.0903076
5.19046 0.0944695
5.19091 0.0949174
5.19481 0.0947924
5.19907 0.0950096
5.19919 0.095138
5.20233 0.0942456
5.20675 0.0946291
5.21069 0.0945297
5.21645 0.0962644
5.22043 0.0941868
5.22087 0.0946347
5.22453 0.0942558
5.22869 0.0943876
5.23254 0.0941994
5.2366 0.0942284
5.24109 0.0946826
5.24471 0.0942722
5.24878 0.0943057
5.25484 0.0963317
5.25888 0.0943202
5.26279 0.0941977
5.26356 0.0949651
5.26747 0.0948425
5.2709 0.0942409
5.27497 0.0942744
5.27917 0.0944403
5.28397 0.0952111
5.2889 0.0961103
5.29038 0.0903566
5.29224 0.0942336
5.29634 0.0942997
5.30063 0.0945599
5.30672 0.0966091
5.31065 0.0944969
5.31447 0.0942775
5.31879 0.0945678
5.32296 0.0946996
5.32746 0.0951735
5.33057 0.0942495
5.33464 0.0942835
5.33891 0.0945145
5.3448 0.0963781
5.34493 0.0965065
5.34878 0.0943015
5.3531 0.0945957
5.35673 0.0941853
5.3608 0.0942257
5.36484 0.094232
5.36888 0.0942339
5.37292 0.0942402
5.37702 0.0943122
5.3841 0.0973566
5.38423 0.0974849
5.38641 0.0936143
5.38654 0.0937427
5.39032 0.0902942
5.39089 0.094904
5.39634 0.0963197
5.40069 0.0946219
5.4047 0.0945892
5.40858 0.0944355
5.41265 0.094473
5.41643 0.0942226
5.42044 0.0941973
5.42447 0.0942007
5.42864 0.0943325
5.4346 0.0962617
5.4389 0.0945071
5.43903 0.0946355
5.44294 0.0945105
5.44665 0.0941939
5.45107 0.0945809
5.45476 0.0942332
5.4588 0.0942385
5.46286 0.0942714
5.46754 0.0949163
5.4729 0.0962376
5.47729 0.0945807
5.48133 0.0945841
5.48652 0.0957401
5.49033 0.090306
5.49046 0.0944679
5.49481 0.0947908
5.49901 0.0949497
5.50228 0.0941857
5.5024 0.0943141
5.50667 0.0945422
5.5106 0.0944467
5.51448 0.0942896
5.51867 0.0944515
5.52451 0.0962523
5.52851 0.0942039
5.52864 0.0943323
5.53255 0.0942102
5.53659 0.0942161
5.54121 0.0947987
5.5447 0.0942559
5.54874 0.0942622
5.55303 0.0945254
5.55681 0.0942704
5.56287 0.0962994
5.56746 0.0948336
5.56759 0.094962
5.57086 0.094201
5.57099 0.0943294
5.57503 0.0943357
5.57913 0.0944043
5.58394 0.0951751
5.58887 0.0960743
5.59034 0.0903206
5.5923 0.0942909
5.59633 0.0942943
5.60059 0.0945194
5.60457 0.0944596
5.60469 0.094588
5.60853 0.0943952
5.61443 0.0962578
5.61891 0.0946908
5.62308 0.0948226
5.62321 0.094951
5.62692 0.0946304
5.63058 0.0942516
5.63461 0.0942544
5.63913 0.0947388
5.64272 0.0942943
5.64666 0.0942033
5.65311 0.0966145
5.65323 0.0967429
5.65679 0.0942495
5.66077 0.0941926
5.6609 0.094321
5.66484 0.0942301
5.66888 0.0942359
5.67292 0.0942422
5.67702 0.0943103
5.68106 0.0943137
5.68657 0.0957892
5.68701 0.0962371
5.69035 0.0903239
5.69047 0.0944858
5.69483 0.0948087
5.69928 0.0952284
5.70467 0.0965779
5.70864 0.0944968
5.71264 0.0944681
5.71277 0.0945965
5.71649 0.0942799
5.72142 0.095182
5.7245 0.0942269
5.72854 0.0942303
5.73261 0.0942678
5.73662 0.0942425
5.74271 0.0963001
5.74668 0.0942235
5.75108 0.0945834
5.75473 0.0942046
5.7588 0.094245
5.76284 0.0942508
5.76749 0.0948606
5.77095 0.0942901
5.77499 0.0942964
5.78108 0.0963541
5.78435 0.0935704
5.78851 0.0937022
5.78864 0.0938306
5.79015 0.0901248
5.79476 0.0967548
5.79889 0.0948308
5.80228 0.0941952
5.80667 0.0945521
5.81071 0.094554
5.81449 0.0943035
5.81853 0.0943054
5.82282 0.0945656
5.82692 0.0946302
5.83253 0.0962054
5.8367 0.0943228
5.84131 0.094902
5.84471 0.0942659
5.84484 0.0943943
5.84874 0.0942682
5.85297 0.0944652
5.85675 0.0942102
5.86086 0.0942817
5.86489 0.0942841
5.87086 0.0962163
5.87519 0.0944938
5.87929 0.0945623
5.88409 0.0953331
5.88877 0.0959756
5.89037 0.0903503
5.89223 0.0942272
5.89633 0.0942934
5.90063 0.0945536
5.90459 0.0944858
5.90846 0.0943242
5.91263 0.0944589
5.91645 0.0942396
5.92343 0.097193
5.92737 0.0950819
5.93058 0.0942551
5.93462 0.094258
5.93913 0.0947423
5.94272 0.0942978
5.94676 0.0943042
5.95109 0.0945979
5.95474 0.0942191
5.9609 0.0963453
5.96488 0.0942687
5.96892 0.0942745
5.97286 0.0941836
5.97299 0.094312
5.977 0.0942867
5.97712 0.0944151
5.98113 0.0943834
5.98644 0.0956678
5.99035 0.0903269
5.99048 0.0944889
5.99093 0.0949368
5.99483 0.0948118
5.99906 0.0950018
6.00233 0.0942378
6.00675 0.0946272
6.01265 0.0964898
6.01646 0.0942532
6.02044 0.0941963
6.02448 0.0942026
6.02851 0.094206
6.03258 0.0942395
6.03662 0.0942414
6.0411 0.0946956
6.04476 0.0943163
6.0511 0.0966291
6.05476 0.0942335
6.05886 0.094305
6.06281 0.094217
6.06717 0.0945423
6.07092 0.0942558
6.07492 0.0942295
6.07941 0.0946792
6.08302 0.0942648
6.08869 0.0958993
6.09626 0.0942185
6.10228 0.0962099
6.10673 0.0946068
6.1107 0.0945459
6.11436 0.0941671
6.11868 0.0944608
6.12285 0.0945926
6.12691 0.0946221
6.1306 0.0942744
6.13463 0.0942773
6.14127 0.0968796
6.1414 0.097008
6.14483 0.0943867
6.14877 0.0942918
6.15309 0.094586
6.15678 0.0942378
6.16082 0.0942431
6.16485 0.0942455
6.16893 0.0942824
6.17293 0.0942537
6.17941 0.096696
6.18411 0.0953527
6.18693 0.0941379
6.18706 0.0942663
6.19026 0.0902415
6.19225 0.0962636
6.19622 0.0941846
6.20052 0.0944448
6.20065 0.0945732
6.20458 0.0944743
6.20846 0.0943166
6.21275 0.0945798
6.2164 0.0941964
6.22041 0.0941712
6.22451 0.0942402
6.23057 0.0962599
6.23467 0.0943122
6.23913 0.0947343
6.23925 0.0948627
6.24271 0.0942898
6.24669 0.09423
6.25108 0.0945859
6.25476 0.0942381
6.25874 0.0941812
6.26287 0.0942804
6.26887 0.0962402
6.27297 0.094292
6.2771 0.0943951
6.28127 0.0945269
6.28646 0.0956829
6.29037 0.090346
6.2905 0.0945079
6.29472 0.0947025
6.29485 0.0948309
6.29904 0.0949858
6.30231 0.0942218
6.3067 0.0945743
6.31064 0.0944789
6.31445 0.0942595
6.32143 0.097208
6.32451 0.0942361
6.32855 0.0942395
6.33255 0.0942107
6.33659 0.0942126
6.34117 0.0947607
6.34463 0.0941907
6.34867 0.0941971
6.35297 0.0944602
6.35881 0.0962635
6.36281 0.0942214
6.36358 0.0949888
6.36746 0.0948352
6.37089 0.0942336
6.375 0.0943022
6.37942 0.0946902
6.38396 0.0952043
6.3889 0.0961035
6.39024 0.0902214
6.39223 0.0942268
6.3962 0.0941645
6.40053 0.0944558
6.40469 0.0945866
6.41072 0.096577
6.41469 0.0945009
6.41882 0.0946006
6.41895 0.094729
6.42312 0.0948608
6.42689 0.0946024
6.43055 0.0942235
6.43465 0.0942886
6.43913 0.0947418
6.44272 0.0942974
6.44878 0.0963234
6.45307 0.0945658
6.4532 0.0946942
6.45676 0.0942175
6.4608 0.0942268
6.46484 0.0942332
6.46888 0.094235
6.47292 0.0942414
6.47699 0.0942783
6.48115 0.0944101
6.48647 0.0956945
6.49025 0.0902292
6.49051 0.0945195
6.49474 0.094714
6.50082 0.0967648
6.50469 0.0945869
6.50854 0.0944021
6.51271 0.0945369
6.51649 0.0942819
6.52142 0.0951841
6.5245 0.094229
6.52854 0.0942324
6.53258 0.0942387
6.53925 0.0968756
6.54271 0.0942859
6.54668 0.0942261
6.54681 0.0943545
6.55098 0.0944887
6.55476 0.0942383
6.5588 0.0942436
6.56284 0.0942454
6.56713 0.0945006
6.57094 0.0942808
6.57732 0.0966258
6.58123 0.094484
6.58136 0.0946124
6.58424 0.0934603
6.59023 0.0902058
6.59048 0.0956745
6.59471 0.0946907
6.59903 0.094974
6.6023 0.09421
6.60669 0.094563
6.61072 0.0945649
6.61447 0.0942759
6.6185 0.0942777
6.62286 0.0946001
6.62299 0.0947285
6.62859 0.0963037
6.63257 0.0942271
6.63661 0.0942329
6.64122 0.0948156
6.64472 0.0942767
6.64875 0.0942751
6.65305 0.0945383
6.65683 0.0942833
6.66086 0.0942886
6.66747 0.0968598
6.6709 0.0942415
6.67503 0.0943412
6.67917 0.0944408
6.68397 0.0952116
6.68878 0.0959825
6.69025 0.0902288
6.69217 0.094168
6.69627 0.0942341
6.70057 0.0944943
6.70463 0.0945238
6.70854 0.0943973
6.71264 0.0944658
6.71899 0.0967802
6.72296 0.0947041
6.7276 0.0953105
6.73055 0.094227
6.73459 0.0942298
6.73914 0.0947453
6.74273 0.0943008
6.74676 0.0943031
6.75099 0.0944996
6.75676 0.0962377
6.76081 0.0942302
6.76478 0.0941704
6.76491 0.0942988
6.76885 0.0942073
6.77289 0.0942137
6.77699 0.0942777
6.78115 0.0944095
6.78647 0.0956939
6.79025 0.0902286
6.79051 0.0945189
6.79474 0.0947135
6.79915 0.0950981
6.80229 0.0942057
6.80857 0.0964494
6.81274 0.0945674
6.81649 0.0942814
6.82142 0.0951835
6.8245 0.0942284
6.82854 0.0942318
6.83258 0.0942381
6.83659 0.0942129
6.84114 0.0947298
6.84668 0.0962423
6.85101 0.0945192
6.85114 0.0946476
6.85479 0.0942688
6.85883 0.0942741
6.86281 0.0942177
6.86752 0.0948897
6.87091 0.0942531
6.87498 0.0942865
6.8794 0.0946746
6.88433 0.0955738
6.88888 0.0940711
6.89023 0.0902058
6.89222 0.0942111
6.89888 0.0968392
6.90228 0.0941868
6.9067 0.0945783
6.91071 0.0945531
6.91456 0.0943653
6.9184 0.0941726
6.92263 0.0943701
6.92647 0.0941813
6.93061 0.0942815
6.93663 0.0962725
6.94125 0.0948383
6.94137 0.0949667
6.94471 0.0942684
6.94484 0.0943968
6.94875 0.0942708
6.95298 0.0944677
6.95679 0.0942439
6.96082 0.0942492
6.9649 0.0942866
6.96881 0.0941641
6.97515 0.096478
6.97932 0.0945959
6.98413 0.0953668
6.98893 0.0961376
6.99028 0.0902555
6.99217 0.0941636
6.99621 0.094167
7.0005 0.0944272
7.00063 0.0945556
7.00479 0.0946849
7.00492 0.0948132
7.00845 0.0943055
7.01274 0.0945686
7.01639 0.0941853
7.02046 0.0942217
7.02805 0.0977751
7.03055 0.094227
7.03465 0.094296
7.03914 0.0947492
7.04273 0.0943048
7.04664 0.0941822
7.05106 0.0945727
7.05485 0.0943222
7.05886 0.0942964
7.06485 0.0962597
7.06896 0.094315
7.0729 0.094223
7.07694 0.0942318
7.08098 0.0942346
7.08613 0.095358
7.09907 0.0950124
7.10224 0.094154
7.10673 0.0946027
7.1107 0.0945418
7.11643 0.0962444
7.12143 0.0951875
7.12451 0.0942324
7.12867 0.0943642
7.13258 0.0942381
7.13661 0.09424
7.14104 0.0946286
7.14116 0.094757
7.14469 0.0942497
7.14863 0.0941588
7.15482 0.0963132
7.15876 0.0942045
7.16277 0.0941752
7.16716 0.0945317
7.17087 0.0942145
7.17498 0.0942831
7.17914 0.0944178
7.18395 0.0951886
7.18888 0.0960878
7.1901 0.0900774
7.19222 0.0942111
7.19632 0.0942773
7.20067 0.0946002
7.20669 0.0965872
7.21063 0.094475
7.21448 0.0942867
7.21883 0.0946081
7.223 0.0947399
7.22651 0.0942242
7.23049 0.0941649
7.23453 0.0941678
7.23465 0.0942962
7.23908 0.0946872
7.23921 0.0948156
7.24488 0.0964535
7.24866 0.0941863
7.24879 0.0943147
7.25312 0.0946089
7.25677 0.0942295
7.26081 0.0942348
7.26488 0.0942683
7.26891 0.0942702
7.27282 0.0941481
7.27699 0.0942823
7.28417 0.097424
7.28648 0.0936818
7.29026 0.0902332
7.29051 0.0945236
7.29634 0.0963215
7.30063 0.0945615
7.30492 0.0948172
7.30845 0.0943094
7.31275 0.0945725
7.31636 0.0941581
7.32146 0.0952198
7.32444 0.0941674
7.32867 0.0943614
7.33453 0.0961933
7.33928 0.0948866
7.34261 0.0941853
7.34668 0.0942227
7.34681 0.0943511
7.35104 0.0945476
7.35479 0.094262
7.35882 0.0942634
7.36276 0.0941719
7.36712 0.0944933
7.37292 0.0962625
7.37721 0.0945044
7.38138 0.0946362
7.38647 0.0956949
7.39025 0.0902296
7.39051 0.0945199
7.39474 0.0947144
7.39487 0.0948428
7.39905 0.0949978
7.40232 0.0942338
7.40668 0.0945552
7.41074 0.0945881
7.41436 0.0941742
7.4184 0.0941761
7.42452 0.0962648
7.42855 0.0942475
7.43259 0.0942538
7.4366 0.0942285
7.44112 0.0947139
7.44461 0.0941711
7.44865 0.0941774
7.45285 0.0943433
7.45298 0.0944717
7.4567 0.0941545
7.46286 0.0962808
7.46715 0.0945231
7.4709 0.0942371
7.47506 0.0943718
7.47914 0.0944093
7.48394 0.0951801
7.48887 0.0960793
7.49022 0.0901973
7.4922 0.0941986
7.4963 0.0942648
7.50047 0.0943966
7.5006 0.094525
7.5046 0.0944962
7.50844 0.0943035
7.51434 0.0961661
7.51447 0.0962945
7.51895 0.0947274
7.52312 0.0948592
7.52696 0.094667
7.53048 0.0941598
7.53452 0.0941627
7.53913 0.0947403
7.54259 0.0941675
7.54669 0.094236
7.55314 0.0966472
7.55679 0.0942511
7.56077 0.0941902
7.56483 0.0942237
7.56887 0.0942295
7.57294 0.094263
7.57698 0.0942688
7.58102 0.0942722
7.58646 0.095685
7.59024 0.0902197
7.5905 0.09451
7.59476 0.0947357
7.59918 0.0951203
7.60459 0.0965009
7.60863 0.094486
7.61267 0.0944923
7.61638 0.0941757
7.62141 0.0951746
7.62449 0.0942195
7.62853 0.0942229
7.6325 0.0941631
7.63654 0.0941689
7.6426 0.096192
7.6467 0.0942438
7.651 0.0945064
7.65478 0.0942559
7.65879 0.0942301
7.66286 0.0942671
7.66721 0.0945884
7.67083 0.094174
7.67497 0.0942737
7.68106 0.0963313
7.68436 0.0935787
7.68884 0.09403
7.69019 0.0901648
7.6948 0.0967947
7.69893 0.0948707
7.70232 0.0942351
7.70668 0.094561
7.71072 0.0945628
7.71457 0.0943751
7.71844 0.0942135
7.72273 0.0944737
7.72286 0.0946021
7.72693 0.0946356
7.73257 0.0962419
7.73661 0.0942309
7.74125 0.0948446
7.74474 0.0943018
7.74865 0.0941758
7.75301 0.0945012
7.75669 0.0941489
7.75682 0.0942773
7.76073 0.0941582
7.76477 0.0941646
7.77087 0.0962251
7.77507 0.0943742
7.7793 0.0945712
7.784 0.0952447
7.78881 0.0960155
7.79028 0.0902618
7.79218 0.0941699
7.79326 0.0952568
7.79628 0.094236
7.80057 0.0944962
7.8046 0.0944946
7.80834 0.0942046
7.81264 0.0944677
7.81636 0.0941511
7.82299 0.09675
7.82696 0.0946694
7.83049 0.0941622
7.83061 0.0942906
7.83452 0.0941651
7.83914 0.0947467
7.8426 0.0941738
7.84664 0.0941801
7.85097 0.0944739
7.85475 0.0942234
7.86081 0.0962524
7.86478 0.0941758
7.86491 0.0943042
7.86882 0.0941816
7.87286 0.094184
7.877 0.0942871
7.8811 0.0943527
7.88654 0.0957655
7.89023 0.0902029
7.89048 0.0944932
7.89471 0.0946877
7.89909 0.0950333
7.90236 0.0942693
7.90668 0.0945596
7.91264 0.0964883
7.91639 0.094186
7.92142 0.095181
7.9245 0.0942258
7.92857 0.0942604
7.93257 0.0942316
7.93661 0.0942335
7.94103 0.094622
7.94468 0.0942432
7.95097 0.096491
7.95109 0.0966193
7.95478 0.0942549
7.95876 0.094198
7.96277 0.0941727
7.96715 0.0945291
7.97081 0.0941458
7.97093 0.0942742
7.97497 0.0942766
7.97901 0.0942829
7.97914 0.0944113
7.98394 0.0951821
7.98887 0.0960813
7.99025 0.0902304
7.99217 0.0941695
7.99326 0.0952564
7.99627 0.0942357
8.0023 0.0942074
8.00663 0.0945037
8.01073 0.0945718
8.01438 0.0941929
8.01871 0.0944832
8.02268 0.0944239
8.02649 0.0941961
8.03049 0.0941679
8.03466 0.0942991
8.04126 0.0968659
8.04488 0.0944386
8.04866 0.0941872
8.04879 0.0943156
8.05308 0.0945747
8.05677 0.0942265
8.06084 0.0942624
8.06487 0.0942647
8.06878 0.0941422
8.07292 0.0942448
8.07936 0.0966549
8.08295 0.0941926
8.08625 0.0934597
8.09618 0.0941423
8.10035 0.0942741
8.10428 0.0941737
8.10828 0.0941439
8.11274 0.0945665
8.11636 0.0941516
8.1204 0.0941574
8.1245 0.0942235
8.13059 0.0962783
8.13456 0.0942022
8.13914 0.0947527
8.14292 0.0944993
8.14671 0.0942489
8.15096 0.0944684
8.15109 0.0945968
8.15468 0.0941518
8.15481 0.0942802
8.15872 0.0941611
8.16273 0.0941358
8.16889 0.0962591
8.17289 0.0942136
8.177 0.0942856
8.18129 0.0945458
8.18635 0.0955734
8.19026 0.0902365
8.19052 0.0945269
8.19474 0.0947214
8.19909 0.0950358
8.20223 0.0941434
8.20659 0.0944648
8.2103 0.0941471
8.2146 0.0944073
8.22037 0.0941277
8.2244 0.0941311
8.2286 0.094294
8.23248 0.0941369
8.23658 0.0942009
8.24113 0.0947179
8.24462 0.0941791
8.24863 0.0941503
8.25289 0.0943784
8.25875 0.0962128
8.26286 0.094264
8.26715 0.0945232
8.2709 0.0942371
8.27497 0.0942746
8.27917 0.0944404
8.28397 0.0952112
8.2889 0.0961104
8.29012 0.0901
8.29224 0.0942337
8.29621 0.0941715
8.30057 0.0944939
8.30659 0.0964809
8.31066 0.094501
8.31444 0.0942506
8.31883 0.0946031
8.32299 0.0947349
8.32654 0.0942503
8.33052 0.094191
8.33455 0.0941938
8.33907 0.0946821
8.34285 0.0944288
8.34866 0.096198
8.35308 0.0945728
8.3568 0.0942596
8.36078 0.0942027
8.36485 0.0942362
8.36891 0.0942691
8.37281 0.0941352
8.37294 0.0942635
8.37698 0.0942694
8.38114 0.0944012
8.38646 0.0956855
8.39024 0.0902203
8.39037 0.0943822
8.3905 0.0945106
8.3962 0.0961801
8.40053 0.0944546
8.40482 0.0947103
8.40847 0.094331
8.41232 0.0941462
8.41639 0.0941797
8.42039 0.0941544
8.42443 0.0941578
8.4286 0.0942896
8.43254 0.0941987
8.43914 0.0947526
8.43927 0.094881
8.44292 0.0944992
8.4467 0.0942448
8.451 0.0945035
8.45481 0.0942802
8.45884 0.0942775
8.46274 0.094151
8.46287 0.0942794
8.46713 0.0945074
8.47085 0.0941943
8.47717 0.0964731
8.48133 0.0945881
8.48646 0.0956784
8.49024 0.0902132
8.49036 0.0943751
8.49049 0.0945035
8.49472 0.094698
8.49907 0.0950125
8.50234 0.0942485
8.50669 0.0945698
8.51031 0.0941549
8.51448 0.0942867
8.51842 0.0941952
8.52441 0.0961556
8.52848 0.0941694
8.52861 0.0942977
8.53258 0.0942379
8.53662 0.0942437
8.5412 0.0947918
8.54463 0.0941868
8.54867 0.0941931
8.55296 0.0944563
8.55309 0.0945846
8.55668 0.0941391
8.56072 0.0941484
8.56714 0.0965285
8.57092 0.0942608
8.57496 0.0942671
8.57509 0.0943955
8.57929 0.0945613
8.58396 0.0952038
8.58877 0.0959746
8.59011 0.0900925
8.5922 0.0941912
8.59617 0.0941289
8.5963 0.0942573
8.60046 0.0943891
8.6045 0.0943915
8.60834 0.0941988
8.61433 0.0961586
8.61897 0.0947511
8.62314 0.0948829
8.62653 0.0942428
8.62698 0.0946907
8.63051 0.0941835
8.63458 0.0942175
8.63916 0.094764
8.64262 0.0941911
8.64669 0.0942286
8.65098 0.0944912
8.65679 0.0942436
8.66073 0.0941517
8.66086 0.0942801
8.66486 0.0942513
8.6689 0.0942532
8.67293 0.0942555
8.67697 0.0942614
8.68114 0.0943932
8.68645 0.0956775
8.69023 0.0902123
8.69049 0.0945026
8.69478 0.0947593
8.6992 0.0951439
8.70458 0.0964934
8.70862 0.0944785
8.71266 0.0944849
8.71641 0.0941994
8.72144 0.0951983
8.72452 0.0942432
8.72855 0.0942466
8.73259 0.0942529
8.7366 0.0942276
8.74285 0.0964418
8.74673 0.0942679
8.75102 0.0945305
8.75481 0.0942801
8.75875 0.0941921
8.76275 0.0941589
8.76288 0.0942873
8.7672 0.0945775
8.77079 0.094132
8.77092 0.0942604
8.77496 0.0942667
8.77932 0.0945926
8.78438 0.0956202
8.78887 0.0940547
8.79008 0.0900611
8.79437 0.0963676
8.79886 0.0948021
8.80226 0.0941665
8.80658 0.0944607
8.81072 0.0945599
8.81437 0.094181
8.81841 0.0941829
8.82283 0.0945715
8.82296 0.0946999
8.82648 0.0941921
8.83247 0.096149
8.83664 0.0942665
8.84132 0.0949118
8.84472 0.0942762
8.84866 0.0941853
8.85309 0.0945768
8.8567 0.0941584
8.85683 0.0942868
8.86071 0.0941326
8.86084 0.094261
8.86475 0.094139
8.86879 0.0941448
8.8751 0.0944108
8.87991 0.0951846
8.88401 0.0952507
8.88869 0.0958931
8.88882 0.0960215
8.89016 0.0901395
8.89218 0.0941759
8.89628 0.0942421
8.90057 0.0945023
8.90448 0.0943723
8.90835 0.0942107
8.91268 0.0945049
8.91636 0.0941572
8.923 0.096756
8.92697 0.0946754
8.93052 0.0941993
8.93456 0.0942022
8.93914 0.0947527
8.9428 0.0943709
8.94661 0.0941516
8.94674 0.09428
8.95097 0.0944764
8.95475 0.094226
8.96084 0.0962861
8.96482 0.0942095
8.96885 0.0942113
8.97289 0.0942137
8.977 0.0942857
8.98109 0.0943513
8.98641 0.0956357
8.99025 0.0902326
8.99051 0.0945229
8.99474 0.0947175
8.99899 0.0949346
9.00226 0.0941706
9.00659 0.094467
9.01268 0.0965202
9.01642 0.0942174
9.02113 0.0948928
9.02447 0.0941945
9.02863 0.0943263
9.03248 0.094138
9.03655 0.094171
9.03667 0.0942994
9.04103 0.0946218
9.04465 0.0942113
9.051 0.0965247
9.05478 0.0942575
9.05879 0.0942317
9.0628 0.0942059
9.06677 0.0941416
9.06722 0.0945895
9.0708 0.09414
9.07093 0.0942684
9.07483 0.0941408
9.07496 0.0942692
9.07935 0.0946256
9.08288 0.0941179
9.08877 0.0959781
9.09618 0.0941417
9.10224 0.0961643
9.10662 0.094499
9.11031 0.0941497
9.11473 0.0945383
9.1187 0.0944779
9.12274 0.0944813
9.12287 0.0946097
9.12648 0.0941913
9.13046 0.094132
9.13456 0.0942011
9.14119 0.0968029
9.14132 0.0969312
9.14485 0.0944073
9.14869 0.094219
9.15299 0.0944822
9.15674 0.0942001
9.16071 0.0941392
9.16475 0.0941416
9.16876 0.0941124
9.17286 0.0941809
9.17683 0.0941245
9.18414 0.0953778
9.18696 0.0941629
9.19029 0.0902665
9.19215 0.0961603
9.19625 0.0942096
9.20048 0.0944036
9.20483 0.0947215
9.20835 0.0942138
9.2123 0.0941223
9.21633 0.0941207
9.22037 0.09413
9.22441 0.0941334
9.23059 0.0962815
9.23456 0.0942054
9.23918 0.094787
9.24264 0.0942141
9.24661 0.0941542
9.25093 0.09444
9.25465 0.0941234
9.25872 0.0941638
9.26273 0.0941385
9.26876 0.0961334
9.2728 0.094123
9.27293 0.0942514
9.27703 0.0943194
9.28126 0.0945134
9.28645 0.0956694
9.29023 0.0902041
9.29048 0.0944945
9.29439 0.0943695
9.299 0.0949412
9.30227 0.0941772
9.30662 0.0944986
9.31031 0.0941498
9.3146 0.09441
9.3204 0.0961782
9.32444 0.0941649
9.32864 0.0943278
9.33248 0.0941356
9.33652 0.0941414
9.34107 0.0946578
9.34459 0.0941506
9.34863 0.094157
9.35289 0.094385
9.3587 0.0961572
9.36277 0.0941774
9.36716 0.0945338
9.37078 0.0941194
9.37498 0.0942852
9.37937 0.0946422
9.38392 0.0951562
9.38869 0.0958954
9.39016 0.0901417
9.39215 0.0941471
9.39625 0.0942132
9.40045 0.0943761
9.40058 0.0945045
9.40465 0.094542
9.41032 0.0961818
9.41433 0.0941368
9.41884 0.0946177
9.41897 0.094746
9.42313 0.0948778
9.42653 0.0942377
9.43053 0.0942095
9.43447 0.0941151
9.43909 0.0947007
9.44287 0.0944473
9.44867 0.0962166
9.4531 0.0945913
9.45669 0.0941498
9.46079 0.0942173
9.46473 0.0941224
9.46877 0.0941242
9.4728 0.0941266
9.47684 0.0941324
9.48114 0.0943926
9.48633 0.0955486
9.48645 0.095677
9.49023 0.0902117
9.49036 0.0943736
9.49049 0.094502
9.49472 0.0946966
9.50084 0.0967824
9.50458 0.0944761
9.50849 0.0943535
9.51272 0.0945505
9.51644 0.0942294
9.52041 0.094169
9.52445 0.0941724
9.52848 0.0941758
9.52861 0.0943042
9.53246 0.094116
9.53919 0.0968151
9.54265 0.0942254
9.54685 0.0943913
9.55101 0.0945215
9.55467 0.0941427
9.55867 0.0941129
9.56273 0.0941419
9.56674 0.0941166
9.57084 0.0941852
9.57719 0.0964991
9.58123 0.0944857
9.58424 0.093462
9.59013 0.0901108
9.59039 0.0955795
9.59475 0.094724
9.59909 0.0950385
9.60224 0.0941461
9.60656 0.0944363
9.61031 0.0941498
9.61447 0.0942816
9.6146 0.09441
9.61844 0.0942212
9.6229 0.0946409
9.6286 0.0963134
9.63248 0.0941395
9.63652 0.0941453
9.6413 0.0948874
9.64456 0.094119
9.6486 0.0941213
9.65292 0.0944156
9.65305 0.0945439
9.65668 0.0941335
9.66072 0.0941428
9.66716 0.096554
9.67082 0.0941579
9.67499 0.0942926
9.67918 0.0944584
9.6829 0.0941423
9.68867 0.0958717
9.68879 0.0960001
9.69014 0.090118
9.69219 0.0941856
9.69616 0.0941233
9.70046 0.0943835
9.70058 0.0945119
9.70452 0.094413
9.70836 0.0942203
9.71269 0.0945145
9.719 0.0967939
9.72297 0.0947178
9.72698 0.0946851
9.73053 0.094209
9.73447 0.0941146
9.73908 0.0946922
9.73921 0.0948206
9.74286 0.0944388
9.74668 0.0942195
9.75094 0.094451
9.75671 0.0961891
9.76078 0.0942088
9.76482 0.0942111
9.76876 0.0941197
9.7728 0.094126
9.77684 0.0941279
9.77697 0.0942563
9.78113 0.0943881
9.78645 0.0956724
9.79023 0.0902072
9.79049 0.0944975
9.79439 0.0943725
9.7991 0.0950455
9.80224 0.0941531
9.80849 0.0963658
9.80862 0.0964942
9.8123 0.0941292
9.81643 0.0942254
9.82143 0.0951892
9.82441 0.0941368
9.82848 0.0941713
9.83248 0.0941426
9.83649 0.0941173
9.84104 0.0946343
9.84672 0.0962751
9.85104 0.0945521
9.8547 0.0941732
9.85877 0.0942136
9.86271 0.0941222
9.86675 0.094124
9.87079 0.0941264
9.87483 0.0941327
9.87912 0.0943959
9.88431 0.0955518
9.88867 0.093858
9.89014 0.0901211
9.89251 0.0945082
9.89892 0.0968789
9.90232 0.0942265
9.90661 0.0944857
9.91071 0.0945537
9.91436 0.0941749
9.91843 0.0942079
9.92276 0.0944992
9.92648 0.094186
9.93045 0.0941267
9.93654 0.0961798
9.94131 0.0949052
9.94477 0.0943313
9.94868 0.0942053
9.95298 0.0944684
9.95669 0.0941433
9.96069 0.0941175
9.96473 0.0941238
9.96884 0.0941959
9.97512 0.0964476
9.97932 0.0945966
9.98403 0.0952702
9.98883 0.096041
9.98896 0.0961694
9.99018 0.0901589
9.99217 0.0941603
9.99627 0.0942264

