% time_sec delay_sec
1.12046 0.0204128
1.12046 0.0204128
1.22049 0.0204363
1.32048 0.0204315
1.41832 0.322284
1.42047 0.0204144
1.52048 0.0204316
1.62049 0.0204342
1.72056 0.020507
1.72107 0.322355
1.82048 0.0204297
1.91966 0.218941
1.92185 0.0217823
1.92389 0.0258311
1.92796 0.0258756
2.01968 0.113557
2.02186 0.0217863
2.02395 0.0258973
2.02797 0.0258791
2.0318 0.0256822
2.03586 0.0257065
2.04029 0.0260984
2.04042 0.0262268
2.04429 0.0260685
2.04798 0.025719
2.05208 0.0257903
2.05806 0.0257203
2.06211 0.0257329
2.06613 0.0257223
2.07015 0.0257082
2.07423 0.0257553
2.07848 0.0259704
2.08251 0.0259649
2.08632 0.0257415
2.09029 0.0256817
2.09636 0.0277224
2.10037 0.0256774
2.10444 0.0257094
2.1085 0.0257418
2.11283 0.026036
2.1177 0.0268739
2.12196 0.0218905
2.12209 0.0260525
2.12581 0.0257353
2.13003 0.0259293
2.13381 0.0256755
2.13789 0.0257153
2.14423 0.0280194
2.14791 0.0256549
2.15214 0.0258473
2.15227 0.0259757
2.15605 0.0257253
2.16009 0.0257306
2.16413 0.0257364
2.16823 0.0258084
2.17217 0.0257135
2.1723 0.0258419
2.17621 0.0257188
2.18073 0.0262012
2.18694 0.0283809
2.19097 0.0263636
2.19488 0.0262386
2.19917 0.0264908
2.20244 0.0257268
2.20676 0.0260171
2.21076 0.0259878
2.21458 0.0257685
2.21974 0.0268948
2.22185 0.0217801
2.22384 0.0257855
2.22817 0.0260767
2.2339 0.0277764
2.23784 0.0256631
2.242 0.0257949
2.24597 0.0257351
2.24995 0.0256742
2.25418 0.0258717
2.25803 0.0256864
2.26204 0.0256611
2.26608 0.0256704
2.27012 0.0256767
2.27627 0.0257788
2.28044 0.0259106
2.2846 0.0260424
2.28889 0.0262996
2.28902 0.026428
2.29236 0.0257297
2.29639 0.0257331
2.30075 0.026056
2.30479 0.0260624
2.3086 0.0258385
2.31453 0.0277362
2.31773 0.0248882
2.32187 0.0217932
2.32376 0.0277181
2.3281 0.0260157
2.33189 0.0257653
2.33593 0.0257711
2.3407 0.0265132
2.34429 0.0260717
2.34798 0.025724
2.35221 0.0259244
2.35603 0.025705
2.35616 0.0258334
2.36206 0.0276989
2.36616 0.0257497
2.37013 0.0256859
2.37419 0.0257188
2.37849 0.0259819
2.38256 0.0260165
2.38698 0.0264021
2.39089 0.0262771
2.39101 0.0264055
2.39486 0.0262178
2.39883 0.0261585
2.40476 0.0280487
2.4086 0.0258432
2.41277 0.0259739
2.4177 0.0268745
2.42196 0.0218877
2.42254 0.0264975
2.42581 0.0257365
2.43004 0.0259305
2.43388 0.0257428
2.43789 0.0257204
2.44212 0.025915
2.44609 0.0258551
2.45218 0.0279078
2.45609 0.025769
2.46003 0.025677
2.46407 0.0256788
2.46823 0.0258091
2.47227 0.0258154
2.47619 0.0256963
2.48083 0.0263071
2.48474 0.0261821
2.48897 0.0263767
2.49493 0.0262862
2.49921 0.0265385
2.50248 0.0257745
2.50678 0.0260336
2.51075 0.0259693
2.51452 0.0257149
2.51981 0.0269695
2.52193 0.0218549
2.52379 0.0257318
2.52808 0.025992
2.53186 0.0257376
2.5359 0.0257434
2.54215 0.0279571
2.54606 0.0258183
2.54994 0.0256641
2.55417 0.0258616
2.55802 0.0256763
2.56212 0.0257483
2.5661 0.0256919
2.57017 0.0257294
2.57415 0.025673
2.58049 0.027984
2.58466 0.026099
2.58895 0.0263562
2.59228 0.0256579
2.59305 0.0264253
2.59632 0.0256613
2.60071 0.0260148
2.60487 0.0261416
2.60862 0.0258596
2.61272 0.0259281
2.61772 0.0268949
2.62189 0.0218148
2.62259 0.026553
2.62618 0.0261075
2.63188 0.0277765
2.63582 0.0256643
2.64069 0.0265002
2.64422 0.025993
2.648 0.0257426
2.65223 0.025943
2.65605 0.0257236
2.65618 0.025852
2.66009 0.0257329
2.66407 0.0256765
2.67012 0.0276981
2.67413 0.0256521
2.67839 0.0258801
2.67852 0.0260085
2.68262 0.0260746
2.68652 0.0259497
2.68697 0.0263975
2.69088 0.0262726
2.69492 0.026276
2.69505 0.0264044
2.69937 0.0266957
2.70238 0.0256749
2.70668 0.0259346
2.71277 0.0259749
2.7152 0.0243734
2.72218 0.0221075
2.72301 0.0281524
2.7258 0.0257306
2.73 0.0258935
2.73384 0.0257058
2.73786 0.0256834
2.74228 0.0260691
2.7424 0.0261974
2.74609 0.0258497
2.75 0.0257306
2.75423 0.0259281
2.76004 0.0276963
2.76407 0.0256814
2.76817 0.0257454
2.77217 0.0257167
2.7723 0.0258451
2.77625 0.0257571
2.7808 0.0262706
2.7847 0.0261456
2.78861 0.0260206
2.78874 0.026149
2.79332 0.0266971
2.79921 0.0285533
2.80248 0.0257725
2.80671 0.0259694
2.80684 0.0260978
2.81081 0.0260375
2.81446 0.0256547
2.81972 0.0268742
2.82196 0.021888
2.82382 0.025765
2.82802 0.0259279
2.83193 0.0258058
2.83591 0.0257494
2.84074 0.0265538
2.84427 0.026046
2.85004 0.0277797
2.85414 0.025832
2.85808 0.02574
2.86206 0.0256836
2.8661 0.0256929
2.87017 0.0257304
2.87415 0.025674
2.87841 0.025902
2.87854 0.0260304
2.8827 0.0261622
2.88885 0.0282767
2.89334 0.0267107
2.89635 0.02569
2.90071 0.0260129
2.9047 0.0259762
2.90861 0.0258496
2.91271 0.0259182
2.91768 0.0268499
2.92197 0.0218982
2.9221 0.0260601
2.92585 0.0257741
2.93014 0.0260343
2.93386 0.0257182
2.9409 0.0287248
2.9443 0.0260725
2.94798 0.0257247
2.95221 0.0259212
2.95606 0.0257329
2.9601 0.0257422
2.96411 0.0257169
2.96821 0.0257889
2.97225 0.0257953
2.9784 0.0279101
2.97853 0.0280385
2.98276 0.0262163
2.98705 0.0264735
2.99096 0.0263485
2.99487 0.0262236
2.9989 0.0262225
3.00242 0.0257153
3.00669 0.0259494
3.01076 0.0259863
3.01455 0.0257359
3.01974 0.0248765
3.02195 0.0218753
3.02381 0.0257523
3.02999 0.0279003
3.0339 0.0257581
3.03797 0.0257939
3.042 0.0257974
3.04598 0.025741
3.05002 0.0257497
3.05425 0.0259472
3.05804 0.0256997
3.06211 0.0257401
3.06811 0.0276989
3.07221 0.0257496
3.07625 0.0257544
3.08041 0.0258852
3.08428 0.0257241
3.08441 0.0258525
3.08854 0.0259527
3.0923 0.0256701
3.09643 0.0257732
3.1005 0.0258072
3.10675 0.0280262
3.10688 0.0281546
3.11072 0.0259446
3.11457 0.0257569
3.1147 0.0258853
3.11979 0.0269448
3.12197 0.0218929
3.12383 0.0257699
3.12808 0.025995
3.13187 0.0257446
3.13591 0.0257504
3.14033 0.0261419
3.14427 0.026051
3.14806 0.0258005
3.15229 0.0260009
3.15242 0.0261293
3.15809 0.0277697
3.16216 0.0257898
3.16614 0.0257295
3.17011 0.0256696
3.17415 0.0256755
3.17851 0.0260008
3.18271 0.0261637
3.187 0.0264209
3.1909 0.026296
3.19645 0.027805
3.20074 0.0260484
3.20471 0.0259806
3.20858 0.025823
3.21275 0.0259577
3.21772 0.0268939
3.22198 0.0219105
3.22211 0.0260725
3.22583 0.0257593
3.23003 0.0259222
3.23387 0.0257345
3.23792 0.0257433
3.24253 0.026323
3.24798 0.0277381
3.25217 0.0258827
3.25608 0.0257607
3.26003 0.0256687
3.26413 0.0257367
3.26823 0.0258087
3.2724 0.0259395
3.27621 0.0257231
3.28083 0.0263028
3.28698 0.0284202
3.29089 0.0262785
3.29492 0.0262819
3.29931 0.0266314
3.30245 0.025739
3.30671 0.0259636
3.31077 0.0259926
3.31455 0.0257422
3.31971 0.026865
3.32195 0.0218787
3.32381 0.0257557
3.32823 0.0261443
3.33198 0.0258587
3.33791 0.0277553
3.34198 0.0257731
3.34608 0.0258416
3.35003 0.0257536
3.35413 0.0258227
3.35808 0.0257347
3.36211 0.0257405
3.36609 0.0256842
3.37013 0.0256905
3.37619 0.027712
3.38048 0.0259555
3.38465 0.0260872
3.38894 0.0263445
3.38906 0.0264729
3.39304 0.0264136
3.39644 0.025778
3.40073 0.0260382
3.4048 0.0260716
3.40858 0.0258167
3.41457 0.0277726
3.41774 0.0248935
3.42197 0.0218958
3.4221 0.0260577
3.42811 0.0280418
3.4319 0.0257746
3.43584 0.0256831
3.44071 0.0265191
3.44423 0.0260119
3.44802 0.0257614
3.45225 0.0259618
3.45607 0.0257425
3.46011 0.0257518
3.46614 0.0277457
3.47023 0.0257935
3.47421 0.0257331
3.4785 0.0259962
3.4826 0.0260624
3.48651 0.0259374
3.491 0.0263887
3.49484 0.026201
3.49927 0.0265896
3.50478 0.0280675
3.50859 0.0258309
3.50872 0.0259592
3.51279 0.0259967
3.51843 0.0275985
3.5222 0.0221327
3.52265 0.0266141
3.5258 0.0257247
3.53002 0.0259192
3.53387 0.0257315
3.53785 0.0256781
3.5424 0.0261921
3.54612 0.0258755
3.55003 0.0257524
3.55608 0.027775
3.56002 0.0256662
3.56406 0.025672
3.56816 0.0257401
3.57227 0.0258086
3.57624 0.0257517
3.58086 0.0263314
3.58476 0.0262064
3.58906 0.0264637
3.58918 0.0265921
3.59492 0.0282927
3.59892 0.0262438
3.60245 0.0257366
3.60683 0.0260895
3.61071 0.0259319
3.61452 0.0257126
3.61971 0.0268699
3.62196 0.0218837
3.62382 0.0257606
3.62804 0.0259546
3.63186 0.0257353
3.63199 0.0258637
3.6359 0.0257411
3.64077 0.0265806
3.64622 0.0279957
3.65 0.0257315
3.65411 0.0258005
3.65808 0.0257436
3.66212 0.0257495
3.6661 0.0256931
3.67017 0.0257305
3.67415 0.0256741
3.67848 0.0259684
3.68466 0.0281169
3.68895 0.0263574
3.69305 0.0264225
3.69645 0.0257869
3.70067 0.0259809
3.70464 0.0259171
3.70865 0.0258878
3.71272 0.0259253
3.71772 0.0268921
3.72198 0.0219087
3.72211 0.0260706
3.72586 0.0257846
3.73005 0.0259475
3.73018 0.0260759
3.73588 0.0277439
3.74075 0.0265591
3.74427 0.0260519
3.74793 0.0256731
3.74806 0.0258015
3.75223 0.0259357
3.75607 0.0257474
3.76011 0.0257567
3.76409 0.0257003
3.7682 0.0257724
3.77425 0.0277939
3.77851 0.0260052
3.78261 0.0260713
3.78697 0.0263942
3.79088 0.0262692
3.79491 0.0262726
3.79924 0.02656
3.79936 0.0266884
3.80238 0.0256676
3.8067 0.0259584
3.81285 0.0280777
3.81522 0.0243932
3.81977 0.0249126
3.82195 0.0218769
3.8258 0.0277424
3.82996 0.0258575
3.83381 0.0256698
3.83792 0.0257447
3.84195 0.0257481
3.84599 0.0257545
3.84994 0.0256665
3.8543 0.0259923
3.85802 0.0256786
3.86407 0.0276962
3.86817 0.0257474
3.87221 0.0257498
3.87625 0.0257591
3.88042 0.0258909
3.88471 0.0261511
3.88875 0.0261545
3.89333 0.0267026
3.89634 0.0256818
3.90249 0.0277947
3.90671 0.0259715
3.90684 0.0260999
3.91072 0.0259422
3.91469 0.0258829
3.91981 0.0269666
3.92218 0.0221058
3.92378 0.025726
3.92804 0.0259511
3.93185 0.0257318
3.93583 0.0256754
3.94083 0.0266432
3.94429 0.0260693
3.9482 0.0259433
3.9541 0.0278098
3.95808 0.0257361
3.96205 0.0256758
3.96615 0.0257473
3.97019 0.0257536
3.97417 0.0256972
3.9785 0.0259915
3.98266 0.0261233
3.98708 0.0265089
3.99304 0.0284352
3.99644 0.0257829
4.00067 0.0259769
4.00474 0.026012
4.00858 0.0258193
4.01275 0.025954
4.01771 0.0268857
4.02191 0.0218396
4.02204 0.0260016
4.02582 0.0257466
4.03011 0.0260068
4.03383 0.0256907
4.03793 0.0257617
4.04428 0.0280697
4.048 0.0257393
4.05219 0.0259006
4.05613 0.0258097
4.06008 0.0257212
4.06408 0.0256924
4.06421 0.0258208
4.06819 0.0257639
4.07226 0.0258043
4.07624 0.0257509
4.08246 0.0279329
4.08637 0.0257941
4.09041 0.025797
4.09435 0.0257061
4.09885 0.026179
4.10248 0.0257685
4.10674 0.0259955
4.11078 0.0260008
4.11456 0.0257504
4.11978 0.0269384
4.1219 0.0218237
4.12376 0.0257007
4.12831 0.0262176
4.13388 0.0277578
4.13798 0.025808
4.14202 0.0258114
4.14602 0.0257827
4.14996 0.0256907
4.15419 0.0258881
4.15804 0.0257028
4.16215 0.0257749
4.16619 0.0257841
4.17231 0.0278689
4.17622 0.0257291
4.18051 0.0259893
4.18471 0.0261522
4.189 0.0264094
4.19336 0.0267318
4.19637 0.025711
4.20076 0.0260651
4.20467 0.025943
4.21079 0.0280267
4.21457 0.0257595
4.21774 0.0248972
4.22197 0.0218996
4.22383 0.0277933
4.22806 0.0259665
4.22818 0.0260949
4.23187 0.0257472
4.23591 0.025753
4.24072 0.0265268
4.24431 0.0260852
4.24803 0.0257686
4.24815 0.025897
4.25226 0.025969
4.2562 0.0258781
4.26217 0.0278097
4.26614 0.0257326
4.27014 0.0256999
4.27421 0.0257368
4.27851 0.026
4.28261 0.0260656
4.28703 0.0264512
4.29093 0.0263263
4.2951 0.0264581
4.30077 0.028096
4.30468 0.0259492
4.30859 0.0258266
4.31279 0.0259925
4.31842 0.0275943
4.32198 0.0219063
4.32211 0.0260682
4.32583 0.025755
4.32999 0.0258868
4.33384 0.0256991
4.33794 0.0257701
4.34217 0.0259646
4.34624 0.0260021
4.35227 0.0279925
4.35608 0.0257564
4.36005 0.0256955
4.36409 0.0256974
4.36813 0.0257032
4.36826 0.0258316
4.3723 0.0258379
4.37621 0.0257188
4.38085 0.0263296
4.38476 0.0262047
4.38489 0.026333
4.39091 0.0283221
4.39104 0.0284505
4.39482 0.0261803
4.39495 0.0263087
4.39917 0.0264948
4.3993 0.0266232
4.40244 0.0257308
4.40683 0.0260838
4.41077 0.0259923
4.41455 0.0257379
4.41971 0.0268647
4.42195 0.0218784
4.42381 0.0257554
4.4281 0.0260156
4.43188 0.0257612
4.43201 0.0258896
4.43592 0.025767
4.44217 0.0279807
4.44611 0.025873
4.45003 0.0257539
4.45413 0.0258229
4.45804 0.0256999
4.46215 0.0257719
4.46612 0.025715
4.47016 0.0257213
4.47417 0.025696
4.48052 0.028007
4.48468 0.026122
4.48897 0.0263793
4.49307 0.0264484
4.49634 0.0256844
4.50076 0.0260695
4.50479 0.0260679
4.50864 0.0258791
4.51274 0.0259477
4.51774 0.0269145
4.52197 0.0219
4.5221 0.0260619
4.52588 0.025807
4.5319 0.0277955
4.53588 0.0257224
4.54075 0.0265584
4.54427 0.0260511
4.54796 0.0257034
4.55222 0.0259349
4.5561 0.0257778
4.55623 0.0259062
4.56014 0.0257871
4.56418 0.0257934
4.57024 0.027815
4.57422 0.0257418
4.57848 0.0259698
4.58271 0.0261644
4.58693 0.0263589
4.59087 0.026265
4.59491 0.0262684
4.59924 0.0265597
4.6025 0.0257957
4.60872 0.0279778
4.61279 0.0259985
4.61561 0.0247786
4.62221 0.022135
4.62304 0.02818
4.6258 0.025727
4.62999 0.0258864
4.63384 0.0256987
4.63788 0.0257075
4.6423 0.0260931
4.64624 0.0260022
4.64999 0.0257196
4.65422 0.0259171
4.65435 0.0260455
4.66015 0.0278137
4.66419 0.0257988
4.66819 0.0257655
4.67232 0.0258652
4.67627 0.0257772
4.68082 0.0262907
4.68472 0.0261657
4.68863 0.0260407
4.69334 0.0267172
4.69926 0.0286045
4.7024 0.0256953
4.70683 0.0260829
4.71083 0.0260536
4.71457 0.0257646
4.7198 0.0269576
4.72198 0.0219057
4.72384 0.0257826
4.72807 0.0259766
4.73188 0.0257573
4.73592 0.0257631
4.74079 0.0266026
4.74432 0.0260948
4.74999 0.0277352
4.75422 0.0259159
4.7581 0.0257617
4.76208 0.0257013
4.76612 0.0257106
4.77019 0.025748
4.77417 0.0256917
4.77843 0.0259197
4.77856 0.0260481
4.78272 0.0261799
4.78887 0.0282944
4.79307 0.02644
4.79646 0.0258044
4.80069 0.0259984
4.80472 0.0259968
4.8085 0.0257419
4.80863 0.0258703
4.81273 0.0259388
4.81286 0.0260672
4.81843 0.0276068
4.82221 0.0221415
4.82292 0.0268798
4.8259 0.0258268
4.83013 0.0260214
4.83384 0.0257053
4.84089 0.0287159
4.84435 0.0261257
4.848 0.0257469
4.8523 0.0260055
4.85608 0.0257551
4.86012 0.0257644
4.86422 0.0258329
4.86435 0.0259613
4.8682 0.0257766
4.87224 0.0257829
4.87237 0.0259113
4.87849 0.027999
4.88272 0.0261768
4.88695 0.0263713
4.89098 0.0263747
4.89476 0.0261213
4.89893 0.0262526
4.90245 0.0257454
4.90672 0.025974
4.91079 0.0260109
4.91556 0.026749
4.91979 0.0249322
4.92191 0.0218343
4.9238 0.0257423
4.93004 0.027956
4.93386 0.0257165
4.93793 0.0257563
4.942 0.0257909
4.946 0.0257621
4.95004 0.0257674
4.95427 0.0259649
4.95806 0.0257174
4.96216 0.0257894
4.96828 0.0278737
4.97232 0.0258593
4.9762 0.0257051
4.98049 0.0259653
4.98469 0.0261282
4.98866 0.0260659
4.99334 0.0267113
4.99635 0.0256905
5.0009 0.026204
5.00683 0.0281074
5.01074 0.0259641
5.01452 0.0257136
5.01981 0.0269643
5.02192 0.0218492
5.02381 0.0257572
5.02807 0.0259823
5.03198 0.0258603
5.03596 0.0258039
5.0407 0.0265149
5.04433 0.0261045
5.04801 0.0257557
5.05241 0.0261156
5.05804 0.0277209
5.06218 0.0258027
5.06618 0.0257774
5.07026 0.0258144
5.0742 0.0257258
5.07853 0.026019
5.08257 0.0260254
5.08638 0.0258061
5.09039 0.0257778
5.09638 0.0277332
5.10051 0.0258131
5.10454 0.02581
5.10854 0.0257842
5.11284 0.0260473
5.11771 0.0268852
5.12223 0.0221552
5.12268 0.0266366
5.12582 0.0257471
5.12998 0.0258789
5.13011 0.0260073
5.13386 0.0257223
5.13797 0.0257933
5.14219 0.0259878
5.148 0.0277571
5.15226 0.0259678
5.15604 0.0257174
5.16018 0.02582
5.16412 0.0257285
5.16816 0.0257344
5.17242 0.0259624
5.17624 0.025746
5.18088 0.0263568
5.1869 0.0283459
5.19091 0.0262974
5.19494 0.0263008
5.19919 0.026518
5.19932 0.0266464
5.20246 0.025754
5.20675 0.0260092
5.20688 0.0261376
5.21081 0.0260382
5.21469 0.0258816
5.21979 0.0269416
5.2219 0.021827
5.22376 0.0257039
5.22818 0.0260925
5.23203 0.0259043
5.23789 0.0277307
5.24205 0.0258458
5.24606 0.025817
5.2501 0.0258223
5.2542 0.0258914
5.25811 0.0257683
5.26215 0.0257742
5.26613 0.0257178
5.27023 0.0257863
5.27628 0.0278079
5.28045 0.0259229
5.28058 0.0260513
5.28474 0.0261831
5.28903 0.0264403
5.29333 0.0267005
5.29647 0.0258081
5.30076 0.0260683
5.3048 0.0260707
5.30858 0.0258158
5.3146 0.0278027
5.31841 0.0255627
5.322 0.021923
5.3227 0.0266613
5.32843 0.0283534
5.33198 0.0258606
5.33586 0.0257029
5.34076 0.0265734
5.34429 0.0260662
5.34801 0.0257496
5.35227 0.0259811
5.35609 0.0257618
5.36013 0.0257711
5.36613 0.0277344
5.37022 0.0257822
5.3742 0.0257258
5.3785 0.0259889
5.38263 0.0260861
5.38654 0.0259612
5.39102 0.0264125
5.39487 0.0262248
5.39916 0.026481
5.39929 0.0266094
5.40482 0.0281144
5.40858 0.0258156
5.4087 0.025944
5.41277 0.0259814
5.41771 0.0268865
5.42223 0.022157
5.42268 0.0266384
5.42582 0.025749
5.42999 0.0258808
5.43011 0.0260092
5.43396 0.0258215
5.43794 0.025764
5.44242 0.0262154
5.44614 0.0258987
5.45005 0.0257757
5.45611 0.0277982
5.46014 0.0257868
5.46414 0.0257541
5.46818 0.0257599
5.47226 0.0257973
5.4762 0.0257093
5.48081 0.026289
5.48472 0.026164
5.48895 0.0263586
5.49494 0.028316
5.49913 0.0264582
5.50253 0.0258225
5.50679 0.0260506
5.51073 0.0259552
5.51461 0.025798
5.51983 0.026987
5.52201 0.0219351
5.52387 0.0258121
5.528 0.0259088
5.53191 0.0257867
5.53204 0.0259151
5.53595 0.0257926
5.54082 0.026632
5.54624 0.0280121
5.55002 0.0257478
5.55412 0.0258169
5.5581 0.025756
5.5621 0.0257307
5.56618 0.0257711
5.57022 0.0257775
5.5742 0.0257211
5.57855 0.0260464
5.58471 0.0281639
5.589 0.0264043
5.59306 0.0264383
5.59646 0.0258027
5.60072 0.0260278
5.60469 0.025968
5.60866 0.0259037
5.6128 0.0260033
5.6184 0.027574
5.62199 0.0219176
5.62269 0.0266559
5.6259 0.0258246
5.63006 0.0259564
5.63019 0.0260848
5.63593 0.0277879
5.64073 0.0265409
5.64435 0.0261304
5.64801 0.0257516
5.65227 0.0259831
5.65612 0.0257949
5.66013 0.0257691
5.6642 0.0258066
5.66817 0.0257502
5.6742 0.0277446
5.6785 0.025987
5.68272 0.0261815
5.68701 0.0264387
5.68714 0.0265671
5.69092 0.0263138
5.69496 0.0263172
5.69928 0.0266085
5.69941 0.0267368
5.70243 0.0257161
5.70678 0.0260414
5.71277 0.0279933
5.7129 0.0281217
5.71559 0.0247612
5.71982 0.0249616
5.722 0.0219264
5.72585 0.027792
5.73001 0.025907
5.73389 0.0257504
5.7379 0.0257281
5.74207 0.0258599
5.74604 0.0258
5.74999 0.025712
5.75434 0.0260379
5.75816 0.0258215
5.76425 0.0278786
5.76826 0.0258326
5.77223 0.0257727
5.77627 0.025782
5.78044 0.0259138
5.78473 0.026174
5.78864 0.026049
5.79322 0.0265971
5.79636 0.0257047
5.80241 0.0277204
5.8068 0.0260606
5.81084 0.0260624
5.81462 0.025812
5.81981 0.0269693
5.82199 0.0219174
5.82388 0.0258215
5.82807 0.0259844
5.83189 0.0257651
5.83202 0.0258935
5.83593 0.0257709
5.8408 0.0266069
5.84092 0.0267353
5.84432 0.0260991
5.84823 0.0259731
5.85419 0.0279019
5.85804 0.0256958
5.86208 0.0257016
5.86618 0.0257697
5.87022 0.025776
5.87423 0.0257507
5.87858 0.0260761
5.88262 0.0260795
5.88275 0.0262079
5.88704 0.0264651
5.89332 0.028711
5.89646 0.0258018
5.90075 0.026062
5.90472 0.0259942
5.90859 0.0258326
5.91276 0.0259673
5.91773 0.0269035
5.92221 0.0221429
5.92292 0.0268811
5.92577 0.0256998
5.93007 0.02596
5.93385 0.0257061
5.93795 0.0257771
5.94433 0.0281197
5.94801 0.0257552
5.95231 0.0260178
5.95609 0.0257674
5.96013 0.0257767
5.96411 0.0257168
5.96828 0.025851
5.97235 0.0258885
5.97626 0.0257694
5.98266 0.0281396
5.98279 0.028268
5.98657 0.0259979
5.99093 0.0263168
5.99105 0.0264452
5.99496 0.0263202
5.99919 0.0265103
5.99931 0.0266386
6.00246 0.0257463
6.00675 0.0260073
6.01072 0.0259469
6.01463 0.0258249
6.01979 0.0269511
6.02197 0.0219022
6.02383 0.0257791
6.02826 0.0261677
6.03399 0.0278673
6.0379 0.0257269
6.04206 0.0258587
6.04598 0.0257362
6.05001 0.0257409
6.05412 0.02581
6.05809 0.0257531
6.06217 0.0257935
6.06614 0.0257371
6.0722 0.0277581
6.07633 0.0258434
6.08037 0.0258424
6.0805 0.0259707
6.08443 0.0258758
6.08882 0.0262293
6.09241 0.0257873
6.09639 0.0257269
6.10049 0.0257925
6.10449 0.0257662
6.11083 0.0280711
6.11461 0.0258039
6.11843 0.0255841
6.12202 0.0219445
6.12388 0.0278382
6.12819 0.0261048
6.13194 0.0258192
6.13595 0.025794
6.14076 0.0265677
6.14431 0.0260916
6.14812 0.0258683
6.14825 0.0259967
6.15226 0.0259714
6.15239 0.0260998
6.15611 0.0257832
6.16217 0.0278082
6.16614 0.025731
6.17027 0.0258307
6.17421 0.0257392
6.17844 0.0259362
6.17857 0.0260646
6.18264 0.0260991
6.18706 0.0264847
6.18719 0.0266131
6.19052 0.0259119
6.19097 0.0263598
6.19513 0.0264916
6.20077 0.0280984
6.20471 0.0259827
6.20484 0.0261111
6.20858 0.0258251
6.21288 0.0260882
6.21845 0.0276278
6.22201 0.0219398
6.22214 0.0261017
6.22583 0.0257535
6.23005 0.025948
6.2339 0.0257603
6.23797 0.0258001
6.2422 0.0259947
6.24617 0.0259348
6.2463 0.0260632
6.2523 0.0280225
6.25611 0.0257864
6.26009 0.0257295
6.26415 0.025763
6.26822 0.0258
6.27233 0.0258685
6.27627 0.0257805
6.28089 0.0263602
6.28479 0.0262352
6.29063 0.0280331
6.29485 0.0262109
6.29498 0.0263393
6.29917 0.0264943
6.2993 0.0266226
6.30244 0.0257303
6.30683 0.0260827
6.31076 0.0259873
6.31458 0.025768
6.31983 0.0269875
6.32201 0.0219356
6.32387 0.0258126
6.32816 0.0260728
6.33191 0.0257872
6.33204 0.0259156
6.33591 0.025758
6.34226 0.028069
6.34604 0.0258018
6.34617 0.0259302
6.35008 0.025811
6.35419 0.0258801
6.35816 0.0258232
6.36217 0.0257979
6.36615 0.0257416
6.37025 0.0258101
6.37423 0.0257537
6.38083 0.028318
6.38461 0.0260479
6.38473 0.0261763
6.38903 0.0264335
6.39332 0.0266937
6.39646 0.0258013
6.40066 0.0259642
6.40482 0.026095
6.40867 0.0259062
6.41277 0.0259748
6.41844 0.0276122
6.42203 0.0219558
6.4226 0.0265656
6.42273 0.026694
6.42581 0.0257344
6.43196 0.0278513
6.43599 0.0258364
6.44073 0.026544
6.44433 0.0261024
6.44801 0.0257547
6.45224 0.0259511
6.45612 0.025794
6.45625 0.0259224
6.46016 0.0258033
6.4642 0.0258096
6.47022 0.0278001
6.4742 0.0257269
6.47846 0.025955
6.48269 0.0261495
6.48692 0.026344
6.49064 0.0260279
6.49486 0.0262225
6.49928 0.0266071
6.50255 0.0258431
6.50867 0.0279273
6.51284 0.0260453
6.51559 0.0247632
6.522 0.0219285
6.52271 0.0278451
6.52585 0.0257773
6.53001 0.0259091
6.53386 0.0257213
6.53797 0.0257963
6.54207 0.0258624
6.54617 0.025931
6.55002 0.0257457
6.55425 0.0259432
6.55438 0.0260715
6.56015 0.0278086
6.56425 0.0258565
6.56822 0.0257921
6.57235 0.0258918
6.57623 0.0257376
6.58084 0.0263173
6.58475 0.0261923
6.58898 0.0263868
6.5933 0.0266781
6.59929 0.0286276
6.60256 0.0258468
6.60681 0.0260714
6.61085 0.0260733
6.61472 0.0259127
6.61985 0.0270039
6.62202 0.021952
6.62388 0.0258289
6.62808 0.0259918
6.63193 0.0258036
6.63597 0.0258094
6.64084 0.0266488
6.64433 0.02611
6.65003 0.0277775
6.65414 0.0258298
6.65811 0.0257689
6.66221 0.0258369
6.66619 0.0257806
6.67026 0.025818
6.6742 0.0257265
6.67846 0.0259546
6.68263 0.0260864
6.68276 0.0262148
6.6889 0.0283293
6.69326 0.0266349
6.6964 0.0257425
6.7007 0.0260027
6.70476 0.0260322
6.70867 0.0259057
6.71277 0.0259742
6.71847 0.0276467
6.722 0.0219276
6.72213 0.0260895
6.72581 0.0257373
6.73017 0.0260602
6.73388 0.0257441
6.74087 0.0286926
6.74394 0.0257202
6.74801 0.0257542
6.75221 0.0259195
6.75612 0.0257974
6.76016 0.0258067
6.76427 0.0258753
6.76818 0.0257527
6.77238 0.0259185
6.77846 0.0279712
6.78269 0.0261489
6.78692 0.0263435
6.79064 0.0260274
6.79486 0.0262219
6.79928 0.0266065
6.80255 0.0258425
6.80668 0.0259422
6.81082 0.0260413
6.81559 0.0267794
6.81982 0.0249631
6.822 0.0219279
6.82386 0.0258049
6.83001 0.0279253
6.83386 0.0257208
6.838 0.0258268
6.8421 0.025893
6.84604 0.025802
6.85005 0.0257762
6.85428 0.0259737
6.85806 0.0257222
6.86217 0.0257942
6.86829 0.0278785
6.86841 0.0280069
6.87232 0.0258641
6.87629 0.0258032
6.88081 0.0262856
6.88472 0.0261606
6.88901 0.0264179
6.8933 0.0266781
6.89644 0.0257857
6.90067 0.0259802
6.9008 0.0261086
6.90683 0.0281035
6.91084 0.0260615
6.91468 0.0258738
6.91981 0.026965
6.92192 0.0218503
6.92378 0.0257273
6.92807 0.0259835
6.93205 0.0259237
6.93599 0.0258322
6.94073 0.0265432
6.94432 0.0261017
6.9481 0.0258473
6.9524 0.0261099
6.95807 0.0277462
6.96217 0.0257975
6.96618 0.0257722
6.97015 0.0257124
6.97419 0.0257182
6.97849 0.0259813
6.98278 0.0262415
6.98707 0.0264988
6.99053 0.0259259
6.99098 0.0263738
6.99646 0.0278206
7.00063 0.0259356
7.00076 0.026064
7.00505 0.0263217
7.00857 0.0258139
7.01287 0.0260771
7.01774 0.0269115
7.02203 0.0219587
7.02216 0.0261206
7.02581 0.0257373
7.03004 0.0259318
7.03388 0.0257441
7.03799 0.0258151
7.04222 0.0260096
7.04805 0.0278129
7.05228 0.0259926
7.05607 0.0257421
7.06014 0.025782
7.06421 0.0258195
7.06819 0.0257631
7.07223 0.0257684
7.07624 0.025746
7.08059 0.0260679
7.08639 0.0278332
7.09043 0.0258193
7.09443 0.0257906
7.09932 0.0266492
7.1025 0.0257908
7.10685 0.0261112
7.11083 0.0260503
7.11461 0.0257998
7.11983 0.0269838
7.122 0.0219319
7.12386 0.0258089
7.12829 0.0261974
7.13207 0.025943
7.1379 0.0277423
7.14245 0.0262396
7.1461 0.0258608
7.15008 0.0258039
7.15418 0.0258729
7.15812 0.025781
7.16219 0.0258179
7.16616 0.0257575
7.17027 0.0258261
7.17626 0.0277854
7.18055 0.0260288
7.18068 0.0261572
7.18472 0.0261606
7.18901 0.0264179
7.1933 0.0266781
7.19343 0.0268065
7.19644 0.0257857
7.2008 0.0261086
7.20487 0.0261421
7.20855 0.0257938
7.21461 0.0278119
7.21845 0.025603
7.22204 0.0219633
7.22274 0.0267015
7.22824 0.0281715
7.23203 0.0259043
7.236 0.0258439
7.24081 0.0266177
7.24436 0.0261416
7.24802 0.0257628
7.24815 0.0258912
7.25241 0.0261227
7.25613 0.025806
7.2602 0.0258464
7.26616 0.0277707
7.27026 0.0258185
7.27424 0.0257621
7.27847 0.025959
7.2786 0.0260874
7.2827 0.0261536
7.28692 0.0263481
7.29096 0.0263515
7.29513 0.0264833
7.29922 0.0265489
7.30505 0.0283424
7.30858 0.0258179
7.30871 0.0259462
7.31287 0.026081
7.31845 0.0276206
7.32204 0.0219642
7.32274 0.0267024
7.32585 0.0257779
7.33002 0.0259097
7.33389 0.0257531
7.338 0.025824
7.34222 0.0260186
7.3463 0.026056
7.35008 0.0258045
7.35613 0.0278271
7.36017 0.0258117
7.36417 0.0257829
7.36821 0.0257848
7.37228 0.0258222
7.37625 0.0257614
7.38087 0.0263411
7.38099 0.0264695
7.38465 0.0260877
7.38477 0.0262161
7.38903 0.0264417
7.39499 0.028368
7.39918 0.0265062
7.40245 0.0257422
7.40681 0.0260636
7.41087 0.0260965
7.41462 0.025811
7.41984 0.0269995
7.42202 0.0219476
7.42388 0.0258245
7.42804 0.0259524
7.43195 0.0258303
7.43208 0.0259587
7.43596 0.025805
7.44087 0.0266756
7.44628 0.0280557
7.4501 0.0258225
7.4542 0.0258916
7.45811 0.0257685
7.46221 0.0258405
7.46619 0.0257801
7.47026 0.0258176
7.47423 0.0257572
7.47856 0.0260515
7.48471 0.0281689
7.489 0.0264094
7.49329 0.0266656
7.49342 0.026794
7.49643 0.0257732
7.50073 0.0260334
7.50473 0.0260047
7.50857 0.0258119
7.51277 0.0259778
7.51844 0.0276107
7.52203 0.0219543
7.5226 0.0265641
7.52273 0.0266925
7.5258 0.0257329
7.5301 0.0259931
7.53023 0.0261215
7.53596 0.0278246
7.54073 0.0265425
7.54439 0.0261631
7.54804 0.0257843
7.55218 0.0258874
7.55231 0.0260158
7.55615 0.0258276
7.56019 0.0258329
7.56416 0.0257691
7.5682 0.0257749
7.57422 0.0277653
7.57845 0.0259455
7.58268 0.02614
7.58659 0.0260151
7.59063 0.0260185
7.59489 0.0262441
7.5993 0.0266287
7.60245 0.0257363
7.60671 0.0259644
7.61279 0.0280175
7.61561 0.0247854
7.61574 0.0249138
7.61981 0.0249542
7.62199 0.021919
7.62584 0.0277846
7.63001 0.0258996
7.63391 0.0257741
7.63799 0.025814
7.64209 0.0258801
7.64606 0.0258203
7.65004 0.0257634
7.65427 0.0259608
7.65808 0.0257444
7.66427 0.0278949
7.6683 0.02588
7.67237 0.0259134
7.67625 0.0257592
7.68054 0.0260194
7.68474 0.0261823
7.68897 0.0263769
7.69326 0.026637
7.6964 0.0257447
7.70245 0.0277603
7.70681 0.0260694
7.71085 0.0260713
7.71469 0.0258836
7.71985 0.0270058
7.72203 0.0219539
7.72388 0.0258269
7.72808 0.0259898
7.73192 0.0258016
7.73205 0.02593
7.73596 0.0258074
7.74087 0.0266779
7.74436 0.0261351
7.74827 0.0260091
7.75423 0.0279378
7.7581 0.0257629
7.76221 0.0258349
7.76619 0.0257785
7.77023 0.0257849
7.77423 0.0257596
7.77859 0.0260849
7.78266 0.0261194
7.78708 0.0265051
7.79326 0.0286536
7.79339 0.028782
7.7964 0.0257445
7.8007 0.0260047
7.80473 0.0260031
7.8086 0.0258414
7.81277 0.0259762
7.81847 0.0276447
7.82203 0.0219567
7.82216 0.0261186
7.82581 0.0257353
7.8301 0.0259955
7.83388 0.0257416
7.83799 0.0258125
7.84433 0.028124
7.84802 0.0257595
7.85231 0.0260222
7.8561 0.0257717
7.86017 0.0258121
7.86414 0.0257523
7.86831 0.0258865
7.87235 0.0258889
7.87629 0.0258009
7.88276 0.0282373
7.88654 0.0259671
7.88699 0.026415
7.89061 0.0260017
7.89484 0.0261962
7.89922 0.0265417
7.89935 0.0266701
7.90249 0.0257777
7.90681 0.026068
7.91085 0.0260738
7.9147 0.0258861
7.91982 0.0269773
7.922 0.0219254
7.92386 0.0258023
7.92831 0.026222
7.93398 0.0258426
7.93802 0.0258474
7.94231 0.0261047
7.94606 0.0258192
7.95 0.0257312
7.95414 0.0258313
7.95811 0.0257744
7.96212 0.0257492
7.96623 0.0258212
7.97234 0.027902
7.97247 0.0280304
7.97625 0.0257621
7.98055 0.0260223
7.98471 0.0261541
7.989 0.0264114
7.99326 0.0266365
7.9964 0.0257441
8.00082 0.0261292
8.00477 0.0260404
8.01086 0.028097
8.01464 0.0258298
8.01845 0.0256065
8.02198 0.0219041
8.02387 0.0278289
8.02809 0.0259982
8.02822 0.0261266
8.03196 0.0258411
8.03594 0.0257807
8.04074 0.026554
8.04437 0.0261435
8.04802 0.0257637
8.05238 0.0260885
8.05616 0.025838
8.06218 0.0278274
8.06616 0.0257503
8.07026 0.0258189
8.07433 0.0258587
8.07853 0.0260235
8.08257 0.0260259
8.08638 0.0258066
8.09045 0.0258406
8.09445 0.0258118
8.10048 0.0277993
8.1006 0.0279277
8.10454 0.0258105
8.10854 0.0257807
8.11287 0.026075
8.11844 0.027614
8.12225 0.0221799
8.12296 0.0269181
8.12584 0.0257718
8.13007 0.0259664
8.13392 0.0257787
8.13799 0.0258185
8.14254 0.0263326
8.14632 0.0260821
8.15231 0.0260167
8.15615 0.0258285
8.16019 0.0258378
8.16414 0.0257469
8.16427 0.0258752
8.16824 0.0258189
8.17238 0.0259185
8.17629 0.0257994
8.18103 0.0265075
8.18481 0.0262541
8.19064 0.0280521
8.195 0.0263582
8.19935 0.0266727
8.20249 0.0257803
8.20684 0.0261016
8.21088 0.0261035
8.21473 0.0259158
8.21985 0.0270109
8.22203 0.021959
8.22389 0.025836
8.22822 0.0261273
8.23196 0.0258417
8.23799 0.0278317
8.24209 0.025881
8.24609 0.0258523
8.25013 0.0258576
8.25423 0.0259267
8.25811 0.0257725
8.26221 0.0258405
8.26619 0.0257802
8.27029 0.0258487
8.27426 0.0257884
8.28058 0.0280682
8.28474 0.0261833
8.28903 0.0264405
8.29345 0.0268291
8.29647 0.0258083
8.30082 0.0261307
8.30489 0.0261642
8.30858 0.0258159
8.31284 0.026044
8.31844 0.0276147
8.32203 0.0219583
8.32261 0.0265681
8.32274 0.0266965
8.32827 0.0281976
8.33192 0.025802
8.33205 0.0259304
8.33599 0.0258389
8.3408 0.0266127
8.34401 0.0257859
8.34801 0.0257577
8.35225 0.0259581
8.35616 0.0258361
8.36011 0.0257481
8.36421 0.0258166
8.37026 0.0258174
8.37422 0.0257491
8.37858 0.0260744
8.38268 0.0261406
8.38659 0.0260156
8.39063 0.026019
8.39511 0.0264703
8.39899 0.0263137
8.40252 0.0258065
8.40873 0.0279846
8.4129 0.0261026
8.41847 0.0276422
8.42206 0.0219858
8.42276 0.026724
8.42591 0.0258345
8.4301 0.0259974
8.43395 0.0258097
8.43799 0.0258185
8.44241 0.0262041
8.44619 0.0259497
8.44632 0.0260781
8.4501 0.0258266
8.45615 0.0278452
8.46018 0.0258258
8.46428 0.0258904
8.46822 0.0257989
8.47239 0.0259337
8.47633 0.0258417
8.48082 0.026293
8.48095 0.0264214
8.48473 0.026168
8.48902 0.0264253
8.49331 0.0266855
8.49933 0.028666
8.50247 0.0257569
8.50259 0.0258853
8.50682 0.0260783
8.50695 0.0262066
8.51089 0.0261112
8.51473 0.0259235
8.51986 0.0270187
8.52204 0.0219667
8.5239 0.0258437
8.52809 0.0260026
8.53194 0.0258144
8.53598 0.0258202
8.54094 0.0267535
8.54629 0.0280714
8.55008 0.0258071
8.55421 0.0259073
8.55809 0.0257531
8.5622 0.0258251
8.56618 0.0257687
8.57028 0.0258373
8.57426 0.0257809
8.57858 0.0260751
8.58275 0.0262069
8.5889 0.0263046
8.58902 0.026433
8.59328 0.0266581
8.59341 0.0267865
8.59642 0.0257658
8.60072 0.0260259
8.60475 0.0260283
8.6086 0.0258356
8.61279 0.0260014
8.61846 0.0276343
8.62205 0.021978
8.62263 0.0265878
8.62583 0.0257566
8.63012 0.0260168
8.63599 0.0278482
8.64076 0.0265661
8.64438 0.0261557
8.64803 0.0257769
8.6522 0.0259111
8.65614 0.0258201
8.66021 0.0258565
8.66416 0.0257656
8.66823 0.0258025
8.67422 0.0277579
8.67857 0.0260665
8.68267 0.0261326
8.68658 0.0260076
8.68703 0.0264555
8.69062 0.026011
8.69491 0.0262678
8.69933 0.0266524
8.70247 0.02576
8.70676 0.0260191
8.71074 0.0259588
8.71086 0.0260872
8.71564 0.0268258
8.71984 0.0249778
8.72201 0.0219427
8.72586 0.0278082
8.73003 0.0259233
8.734 0.0258639
8.73792 0.0257443
8.74234 0.0261299
8.74608 0.0258444
8.75006 0.0257875
8.75416 0.0258566
8.75429 0.025985
8.75821 0.0258659
8.76429 0.0279151
8.76829 0.025869
8.77233 0.0258714
8.77624 0.0257523
8.78073 0.0262036
8.78477 0.026207
8.78899 0.0264016
8.79328 0.0266578
8.79642 0.0257654
8.80078 0.0260883
8.80684 0.0260976
8.81084 0.0260683
8.81463 0.0258179
8.81982 0.0269752
8.82225 0.0221801
8.82386 0.0258003
8.82808 0.0259943
8.83196 0.0258372
8.836 0.025843
8.84081 0.0266167
8.84093 0.0267451
8.84433 0.0261095
8.84815 0.0258902
8.85418 0.0278851
8.85811 0.0257724
8.86218 0.0258093
8.86616 0.0257529
8.87026 0.0258215
8.87427 0.0257962
8.87857 0.0260593
8.88267 0.0261255
8.88709 0.0265111
8.8934 0.028788
8.89641 0.0257505
8.9007 0.0260107
8.90083 0.0261391
8.90474 0.0260091
8.90861 0.0258475
8.91281 0.0260133
8.91848 0.0276507
8.92203 0.0219627
8.92216 0.0261246
8.92581 0.0257413
8.93001 0.0259042
8.93014 0.0260326
8.93392 0.0257787
8.93799 0.0258186
8.9444 0.0281928
8.94802 0.0257621
8.95219 0.0258963
8.95231 0.0260247
8.9561 0.0257743
8.9602 0.0258458
8.96418 0.0257859
8.96834 0.0259162
8.97238 0.0259186
8.97629 0.0257995
8.98276 0.0282359
8.98699 0.0264136
8.99064 0.0260314
8.99487 0.0262259
8.995 0.0263543
8.99925 0.0265714
9.00252 0.0258074
9.00685 0.0261038
9.01088 0.0261057
9.01467 0.0258553
9.01985 0.0270087
9.02197 0.021894
9.02383 0.025771
9.02838 0.0262879
9.03402 0.0278942
9.03802 0.0258472
9.04212 0.0259133
9.046 0.0257596
9.05004 0.0257649
9.05427 0.0259624
9.05815 0.0258082
9.06216 0.0257824
9.0662 0.0257883
9.07234 0.0278991
9.07637 0.0258832
9.08044 0.0259172
9.08057 0.0260456
9.08442 0.0258573
9.0889 0.0263081
9.09243 0.0258038
9.09644 0.0257786
9.10047 0.025782
9.10457 0.025849
9.10855 0.0257881
9.11498 0.0261751
9.11844 0.0256012
9.12203 0.0219615
9.12389 0.0278553
9.12808 0.0259935
9.13199 0.0258714
9.13594 0.02578
9.14036 0.0261715
9.14081 0.0266194
9.14402 0.0257926
9.14805 0.0257955
9.15229 0.0259959
9.1562 0.0258739
9.16219 0.0278327
9.16616 0.0257556
9.17023 0.025789
9.17427 0.0257949
9.17857 0.026058
9.18267 0.0261241
9.18279 0.0262525
9.18721 0.0266382
9.19055 0.0259369
9.19099 0.0263848
9.19503 0.0263882
9.20073 0.0280572
9.20508 0.0263584
9.20861 0.0258506
9.21287 0.0260787
9.21819 0.027361
9.22203 0.0219614
9.22261 0.0265712
9.22585 0.025775
9.23008 0.0259696
9.23392 0.0257819
9.23803 0.0258528
9.24225 0.0260474
9.24636 0.0261159
9.25228 0.0280051
9.25612 0.0258001
9.2602 0.0258405
9.26427 0.0258779
9.26825 0.0258215
9.27241 0.0259563
9.27632 0.0258332
9.281 0.0264751
9.28491 0.0263501
9.29061 0.0280197
9.29497 0.0263258
9.29925 0.026578
9.30252 0.025814
9.30688 0.0261354
9.31088 0.0261062
9.31473 0.0259184
9.31989 0.0270447
9.32206 0.0219928
9.32393 0.0258697
9.32825 0.026161
9.33196 0.0258404
9.33209 0.0259688
9.336 0.0258463
9.3426 0.028414
9.34613 0.02589
9.35014 0.0258642
9.35424 0.0259333
9.35819 0.0258453
9.36226 0.0258822
9.3662 0.0257908
9.3703 0.0258593
9.37427 0.025799
9.38091 0.0283984
9.38469 0.0261282
9.38882 0.0262255
9.39337 0.0267424
9.39651 0.02585
9.40071 0.0260129
9.40478 0.0260504
9.4049 0.0261788
9.40859 0.0258305
9.41285 0.0260586
9.41846 0.0276293
9.42204 0.0219729
9.42275 0.0267111
9.42595 0.0258799
9.43207 0.0279657
9.43601 0.0258575
9.44069 0.0265028
9.44082 0.0266312
9.44403 0.0258045
9.44803 0.0257763
9.45227 0.0259767
9.45618 0.0258547
9.45631 0.025983
9.46022 0.02586
9.46419 0.0258001
9.47024 0.0278177
9.47434 0.025869
9.47857 0.0260659
9.48267 0.026132
9.48658 0.026007
9.49062 0.0260105
9.49498 0.0263334
9.4993 0.0266247
9.50257 0.0258607
9.50862 0.0278787
9.51285 0.0260589
9.51567 0.0248391
9.52207 0.0220004
9.52278 0.0279169
9.52592 0.0258491
9.53002 0.0259147
9.53399 0.0258554
9.53804 0.0258642
9.54214 0.0259303
9.54634 0.0260962
9.55005 0.0257785
9.55428 0.025976
9.56015 0.0278064
9.56427 0.0258813
9.56828 0.025856
9.57238 0.0259246
9.57636 0.0258677
9.58084 0.026319
9.58475 0.026194
9.58904 0.0264513
9.59334 0.0267115
9.59935 0.0286921
9.60249 0.0257829
9.60682 0.0260732
9.61088 0.0261061
9.61473 0.0259184
9.61989 0.0270447
9.62206 0.0219927
9.62393 0.0258697
9.62809 0.0260015
9.63197 0.0258444
9.63601 0.0258502
9.64091 0.0267207
9.64398 0.0257611
9.65014 0.0278805
9.65427 0.0259639
9.65822 0.0258759
9.66219 0.0258195
9.6662 0.0257942
9.6703 0.0258627
9.67428 0.0258064
9.67861 0.0261006
9.68277 0.0262324
9.68892 0.0283469
9.69328 0.0266525
9.69341 0.0267809
9.69642 0.0257601
9.69655 0.0258885
9.70071 0.0260203
9.70478 0.0260498
9.70862 0.0258571
9.71282 0.0260229
9.71849 0.0276604
9.72201 0.0219412
9.72214 0.0261032
9.72595 0.0258793
9.73015 0.0260422
9.73393 0.0257883
9.74094 0.0287679
9.74437 0.0261466
9.74806 0.0257989
9.75229 0.0259993
9.7562 0.0258772
9.76014 0.0257853
9.76431 0.025916
9.76822 0.0257935
9.77242 0.0259593
9.77857 0.0280781
9.7828 0.0262559
9.78703 0.0264504
9.79061 0.0260059
9.79484 0.0262004
9.79497 0.0263288
9.79936 0.0266823
9.8025 0.0257899
9.80673 0.0259869
9.81083 0.026051
9.81566 0.0268518
9.81983 0.0249688
9.82201 0.0219336
9.82387 0.0258106
9.83008 0.0279932
9.83402 0.025882
9.83803 0.0258596
9.84213 0.0259258
9.8462 0.0259632
9.85008 0.025809
9.85431 0.0260065
9.85813 0.0257901
9.86224 0.0258621
9.86829 0.0278802
9.86842 0.0280086
9.87245 0.0259942
9.87637 0.0258751
9.88066 0.0261353
9.8847 0.0261387
9.88893 0.0263332
9.89328 0.0266556
9.89341 0.026784
9.89642 0.0257632
9.90084 0.0261483
9.90687 0.0281393
9.91084 0.0260622
9.91462 0.0258117
9.91987 0.0270313
9.92205 0.0219794
9.92391 0.0258563
9.92808 0.0259881
9.93198 0.0258621
9.93602 0.0258679
9.9408 0.0266101
9.94439 0.0261645
9.94817 0.0259101
9.9524 0.0261105
9.9581 0.027774
9.96217 0.0257942
9.96627 0.0258662
9.97031 0.0258725
9.97429 0.0258162
9.97862 0.0261104
9.98269 0.0261449
9.98281 0.0262733
9.98711 0.0265305
9.99057 0.0259577
9.99652 0.02788

