% time_sec delay_sec
1.11658 0.0164262
1.11658 0.0164262
1.21657 0.0164101
1.31656 0.0164053
1.41441 0.318263
1.41656 0.016408
1.51656 0.0164054
1.61688 0.016719
1.71656 0.0164027
1.7172 0.318379
1.81656 0.0164035
1.91576 0.214935
1.91824 0.0180665
1.91979 0.0216312
1.92389 0.0216932
2.01588 0.109657
2.01795 0.0177724
2.01981 0.0216482
2.02395 0.0217594
2.0281 0.0218696
2.03193 0.0216728
2.03599 0.0216971
2.04042 0.0220889
2.04429 0.0219306
2.0481 0.0217096
2.05409 0.021644
2.05819 0.0217108
2.06224 0.0217234
2.06626 0.0217128
2.07028 0.0216988
2.07436 0.0217459
2.07848 0.0218326
2.08251 0.021827
2.08645 0.0217321
2.0931 0.0243581
2.09323 0.0244865
2.09649 0.0216962
2.09662 0.0218246
2.1005 0.021668
2.10063 0.0217964
2.10456 0.0216999
2.10863 0.0217323
2.11392 0.022988
2.11802 0.0178436
2.11815 0.0220056
2.12209 0.0219146
2.12254 0.0223625
2.12626 0.0220454
2.13016 0.0219199
2.13394 0.021666
2.14083 0.0245171
2.14435 0.0219932
2.14817 0.0217738
2.15239 0.0219663
2.15618 0.0217158
2.16022 0.0217211
2.16426 0.021727
2.16823 0.0216706
2.1723 0.0217041
2.17634 0.0217094
2.18265 0.0239863
2.18278 0.0241147
2.18707 0.0223547
2.1911 0.0223541
2.19501 0.0222291
2.19929 0.0224814
2.20256 0.0217174
2.20676 0.0218792
2.21076 0.02185
2.21089 0.0219784
2.21589 0.0229422
2.21804 0.0178616
2.21987 0.0217069
2.22384 0.0216476
2.23015 0.0239275
2.23403 0.0217501
2.23809 0.021782
2.24213 0.0217855
2.2461 0.0217256
2.25008 0.0216647
2.25431 0.0218622
2.25816 0.0216769
2.26216 0.0216516
2.26621 0.0216609
2.27232 0.0217289
2.2764 0.0217693
2.28056 0.0219011
2.28473 0.0220329
2.28902 0.0222902
2.28915 0.0224186
2.29312 0.0223592
2.29652 0.0217236
2.30088 0.0220465
2.30492 0.0220529
2.31087 0.0239771
2.31389 0.0209396
2.31402 0.021068
2.31805 0.0178747
2.31988 0.0237368
2.32388 0.0216918
2.32401 0.0218202
2.32823 0.0220063
2.33202 0.0217558
2.33606 0.0217617
2.34083 0.0225038
2.34429 0.0219338
2.34442 0.0220622
2.34811 0.0217145
2.35221 0.0217865
2.35234 0.0219149
2.35821 0.0237498
2.36218 0.0216727
2.36231 0.0218011
2.36629 0.0217402
2.37026 0.0216764
2.37038 0.0218048
2.37464 0.0220289
2.37849 0.0218441
2.37894 0.022292
2.38269 0.022007
2.38698 0.0222642
2.38711 0.0223926
2.39101 0.0222677
2.39486 0.0220799
2.40089 0.0240719
2.40489 0.0220225
2.40873 0.0218337
2.40886 0.0219621
2.41386 0.0229259
2.41802 0.0178443
2.41828 0.0221346
2.42266 0.0224881
2.42626 0.0220465
2.43016 0.021921
2.43401 0.0217333
2.43802 0.021711
2.44212 0.0217771
2.44821 0.0238343
2.45231 0.0218815
2.45622 0.0217595
2.46016 0.0216675
2.46029 0.0217959
2.4642 0.0216694
2.46823 0.0216712
2.46836 0.0217996
2.47227 0.0216776
2.47632 0.0216868
2.48083 0.0221693
2.48487 0.0221727
2.49102 0.0222733
2.49506 0.0222767
2.49934 0.022529
2.50261 0.021765
2.5069 0.0220241
2.51087 0.0219598
2.51587 0.0229236
2.51795 0.0177769
2.51981 0.0216533
2.51994 0.0217817
2.52392 0.0217224
2.52821 0.0219826
2.53199 0.0217281
2.53805 0.0237531
2.54227 0.0219309
2.54619 0.0218089
2.54631 0.0219372
2.55019 0.0217831
2.5543 0.0218521
2.55815 0.0216668
2.56225 0.0217388
2.56623 0.0216825
2.5703 0.0217199
2.57633 0.0237143
2.57646 0.0238427
2.58062 0.0219577
2.58479 0.0220895
2.58908 0.0223468
2.59305 0.0222875
2.59318 0.0224159
2.59645 0.0216519
2.60071 0.021877
2.60084 0.0220054
2.605 0.0221321
2.60862 0.0217217
2.60875 0.0218501
2.61394 0.0230085
2.61804 0.0178646
2.61817 0.0220265
2.62272 0.0225435
2.62817 0.0239552
2.63201 0.0217502
2.63608 0.0217832
2.64082 0.0224908
2.64434 0.0219836
2.64813 0.0217331
2.65223 0.0218051
2.65618 0.0217142
2.66022 0.0217235
2.66628 0.0237485
2.67025 0.0216719
2.67038 0.0218002
2.67425 0.0216426
2.6747 0.0220905
2.67852 0.0218706
2.68274 0.0220652
2.68697 0.0222597
2.69101 0.0222631
2.69505 0.0222665
2.69937 0.0225578
2.70251 0.0216654
2.70873 0.0218307
2.71155 0.0206188
2.71827 0.0180986
2.71853 0.0235673
2.72314 0.0229646
2.72625 0.0220406
2.73013 0.021884
2.73397 0.0216963
2.73798 0.021674
2.7424 0.0220596
2.74622 0.0218403
2.75013 0.0217212
2.75622 0.0237788
2.76017 0.0216701
2.76029 0.0217984
2.7642 0.0216719
2.76433 0.0218003
2.7683 0.021736
2.77243 0.0218356
2.77638 0.0217476
2.7808 0.0221327
2.7847 0.0220078
2.78874 0.0220112
2.79499 0.0242254
2.79934 0.022527
2.80261 0.021763
2.80697 0.0220884
2.81126 0.0223475
2.81587 0.0229257
2.81805 0.0178722
2.81985 0.0216864
2.82395 0.0217555
2.82815 0.0219184
2.83193 0.021668
2.83206 0.0217963
2.83603 0.02174
2.84087 0.0225443
2.84619 0.0238311
2.85016 0.0217534
2.85427 0.0218225
2.85821 0.0217305
2.86219 0.0216742
2.86623 0.0216834
2.8703 0.0217209
2.8746 0.021984
2.87854 0.0218926
2.88469 0.02401
2.88898 0.0222505
2.89346 0.0227013
2.89648 0.0216805
2.89661 0.0218089
2.90083 0.0220034
2.90483 0.0219667
2.90861 0.0217118
2.90874 0.0218402
2.91386 0.0229324
2.918 0.0178196
2.91844 0.0223011
2.9221 0.0219222
2.92255 0.0223701
2.92585 0.0216362
2.93014 0.0218964
2.93604 0.023759
2.94103 0.0226986
2.94442 0.022063
2.94811 0.0217153
2.95234 0.0219117
2.95618 0.0217235
2.96023 0.0217327
2.96424 0.0217075
2.96821 0.0216511
2.96834 0.0217795
2.97462 0.0240272
2.97475 0.0241556
2.97853 0.0218839
2.98321 0.0225263
2.98718 0.0224641
2.99109 0.0223391
2.99499 0.0222141
2.99903 0.022213
3.00255 0.0217058
3.00682 0.0219399
3.01076 0.0218484
3.01602 0.0210523
3.01804 0.0178601
3.01987 0.0217054
3.02621 0.0240158
3.02634 0.0241442
3.03012 0.0218741
3.03403 0.0217486
3.0381 0.0217845
3.04213 0.0217879
3.04611 0.0217315
3.05015 0.0217403
3.05425 0.0218093
3.05438 0.0219377
3.05817 0.0216902
3.0642 0.0236841
3.06432 0.0238125
3.06823 0.0216727
3.06836 0.0218011
3.07234 0.0217402
3.07637 0.021745
3.08054 0.0218757
3.08441 0.0217146
3.08854 0.0218148
3.08867 0.0219432
3.09306 0.0222996
3.09643 0.0216353
3.10255 0.0237196
3.10268 0.023848
3.10688 0.022
3.10701 0.0221284
3.11085 0.0219351
3.11585 0.022903
3.11799 0.0178144
3.11992 0.021757
3.12395 0.0217604
3.12821 0.0219855
3.132 0.0217351
3.13603 0.0217409
3.14078 0.022452
3.14427 0.0219131
3.1444 0.0220415
3.14819 0.0217911
3.15421 0.023786
3.15822 0.0217434
3.16229 0.0217804
3.16627 0.02172
3.17024 0.0216602
3.17428 0.021666
3.17851 0.0218629
3.18283 0.0221542
3.18712 0.0224115
3.19305 0.0243027
3.19318 0.0244311
3.19658 0.0217787
3.20087 0.0220389
3.20484 0.0219711
3.20871 0.0218135
3.21416 0.0232292
3.21804 0.0178636
3.21817 0.0220256
3.22211 0.0219346
3.22256 0.0223825
3.22628 0.0220694
3.23016 0.0219127
3.234 0.021725
3.23804 0.0217338
3.24442 0.0240764
3.24823 0.0218403
3.2523 0.0218733
3.25621 0.0217512
3.26015 0.0216592
3.26426 0.0217273
3.26823 0.0216709
3.2724 0.0218016
3.27634 0.0217136
3.2832 0.0245358
3.28711 0.022394
3.29102 0.022269
3.29505 0.0222724
3.29944 0.022622
3.30258 0.0217296
3.30683 0.0219542
3.31077 0.0218548
3.3109 0.0219831
3.31589 0.022947
3.31795 0.0177691
3.31984 0.0216771
3.32394 0.0217462
3.32823 0.0220064
3.33403 0.0237722
3.33804 0.0217291
3.34211 0.0217636
3.34224 0.021892
3.34621 0.0218322
3.35016 0.0217442
3.35426 0.0218133
3.3582 0.0217252
3.36224 0.0217311
3.36622 0.0216747
3.37234 0.0237595
3.37631 0.0216858
3.37644 0.0218142
3.38061 0.021946
3.38477 0.0220778
3.38906 0.022335
3.38919 0.0224634
3.39317 0.0224041
3.39644 0.0216401
3.39657 0.0217685
3.40086 0.0220287
3.4048 0.0219338
3.41091 0.0240135
3.41405 0.0211044
3.41806 0.01788
3.41818 0.0220419
3.42396 0.0237801
3.42824 0.0220155
3.42837 0.0221439
3.43203 0.0217651
3.43597 0.0216737
3.44084 0.0225096
3.44436 0.0220024
3.44815 0.021752
3.45238 0.0219524
3.45619 0.021733
3.46219 0.0236958
3.46232 0.0238242
3.46626 0.0217194
3.47036 0.021784
3.47466 0.0220432
3.47927 0.0226258
3.4826 0.0219245
3.48273 0.0220529
3.48696 0.0222474
3.491 0.0222508
3.49484 0.0220631
3.5008 0.0239895
3.50093 0.0241178
3.50491 0.0220412
3.50885 0.0219498
3.51388 0.0229487
3.51798 0.0178008
3.51855 0.0224107
3.52278 0.0226047
3.52624 0.0220347
3.53015 0.0219098
3.534 0.021722
3.53798 0.0216686
3.54253 0.0221826
3.54624 0.021866
3.5523 0.0238875
3.55621 0.0217487
3.56015 0.0216568
3.56028 0.0217851
3.56419 0.0216626
3.56829 0.0217306
3.57227 0.0216708
3.57637 0.0217423
3.58086 0.0221936
3.58476 0.0220686
3.58553 0.022836
3.59101 0.0242799
3.59505 0.0222665
3.59905 0.0222343
3.60257 0.0217271
3.60696 0.0220801
3.61084 0.0219224
3.61577 0.0228241
3.61804 0.0178679
3.61984 0.0216821
3.62394 0.0217512
3.62817 0.0219452
3.63199 0.0217259
3.63603 0.0217317
3.64212 0.0237893
3.64635 0.0219695
3.65013 0.021722
3.65424 0.0217911
3.65821 0.0217342
3.66225 0.02174
3.66623 0.0216836
3.6703 0.0217211
3.67428 0.0216647
3.68049 0.0238473
3.68062 0.0239757
3.68479 0.0220907
3.68908 0.0223479
3.69318 0.022413
3.69657 0.0217774
3.7008 0.0219714
3.70477 0.0219076
3.70865 0.02175
3.71394 0.0230057
3.71804 0.0178618
3.71817 0.0220237
3.72211 0.0219328
3.72256 0.0223807
3.72586 0.0216468
3.73198 0.0237326
3.73601 0.0217177
3.73614 0.0218461
3.74088 0.0225496
3.7444 0.0220424
3.74806 0.0216636
3.74819 0.021792
3.75223 0.0217978
3.75235 0.0219262
3.7562 0.021738
3.76024 0.0217473
3.76422 0.0216909
3.77025 0.0236853
3.77038 0.0238137
3.7747 0.0220872
3.77851 0.0218673
3.77928 0.0226347
3.78274 0.0220618
3.7871 0.0223848
3.79101 0.0222598
3.79491 0.0221348
3.79504 0.0222632
3.79936 0.0225505
3.80251 0.0216581
3.80891 0.0240308
3.81164 0.0207048
3.81592 0.02096
3.81605 0.0210884
3.81804 0.0178651
3.82208 0.0239177
3.82253 0.0243656
3.82625 0.0220357
3.83009 0.021848
3.83394 0.0216603
3.83805 0.0217352
3.84208 0.0217387
3.84612 0.021745
3.85007 0.021657
3.8543 0.0218545
3.86016 0.0236849
3.86029 0.0238133
3.8642 0.02167
3.86433 0.0217983
3.8683 0.021738
3.87234 0.0217404
3.87638 0.0217496
3.88054 0.0218814
3.88484 0.0221416
3.88875 0.0220166
3.89333 0.0225647
3.89346 0.0226931
3.89922 0.0244209
3.90262 0.0217685
3.90697 0.0220904
3.91085 0.0219328
3.91129 0.0223806
3.91591 0.0229633
3.91795 0.0177735
3.91994 0.0217788
3.92391 0.0217166
3.92817 0.0219417
3.93198 0.0217223
3.93596 0.021666
3.94083 0.0225054
3.94429 0.0219315
3.94442 0.0220598
3.95013 0.0237313
3.95025 0.0238597
3.95423 0.0217836
3.9582 0.0217267
3.96218 0.0216663
3.96628 0.0217378
3.97032 0.0217442
3.9743 0.0216878
3.97895 0.0223015
3.98266 0.0219854
3.98894 0.0242283
3.99317 0.022409
3.99657 0.0217734
4.0008 0.0219674
4.00487 0.0220025
4.00871 0.0218098
4.0139 0.0229682
4.01803 0.0178555
4.01816 0.0220174
4.02204 0.0218637
4.02249 0.0223116
4.02627 0.0220567
4.03024 0.0219974
4.03396 0.0216813
4.04088 0.0245675
4.0444 0.0220435
4.04812 0.0217298
4.04825 0.0218582
4.05232 0.0218912
4.05613 0.0216718
4.05626 0.0218002
4.06021 0.0217117
4.06421 0.021683
4.06832 0.0217545
4.07226 0.0216665
4.07848 0.0238544
4.07925 0.0246218
4.08259 0.0219067
4.0865 0.0217847
4.09085 0.0221071
4.09448 0.0216966
4.09461 0.021825
4.09898 0.0221695
4.10261 0.0217591
4.10687 0.0219861
4.11078 0.021863
4.1159 0.0229547
4.11802 0.017843
4.11991 0.0217505
4.12388 0.0216912
4.13004 0.0238116
4.13017 0.02394
4.13401 0.0217315
4.13811 0.0217985
4.14215 0.0218019
4.14615 0.0217732
4.15009 0.0216812
4.15432 0.0218787
4.15817 0.0216934
4.16228 0.0217654
4.16827 0.0237287
4.17244 0.0218427
4.17635 0.0217196
4.18051 0.0218514
4.18064 0.0219798
4.18484 0.0221427
4.18913 0.0223999
4.19336 0.022594
4.19349 0.0227223
4.1965 0.0217016
4.20089 0.0220556
4.20691 0.0240465
4.21091 0.0220005
4.21393 0.0209797
4.21406 0.0211081
4.21806 0.0178837
4.21999 0.0238431
4.22396 0.021767
4.22818 0.0219571
4.232 0.0217377
4.23604 0.0217436
4.24084 0.0225173
4.24431 0.0219474
4.24444 0.0220758
4.24815 0.0217592
4.25239 0.0219596
4.25813 0.0236661
4.25826 0.0237945
4.2623 0.0217835
4.26627 0.0217232
4.27027 0.0216905
4.27466 0.0220469
4.27851 0.0218621
4.27896 0.02231
4.28274 0.0220561
4.28715 0.0224418
4.29106 0.0223168
4.29658 0.0237952
4.3009 0.0220697
4.30103 0.0221981
4.3048 0.0219397
4.30493 0.0220681
4.30871 0.0218172
4.30884 0.0219456
4.31388 0.0229445
4.31829 0.0181161
4.31855 0.0224065
4.32211 0.0219303
4.32255 0.0223782
4.32628 0.0220651
4.33012 0.0218774
4.33397 0.0216897
4.33807 0.0217606
4.34217 0.0218268
4.3481 0.0237244
4.34823 0.0238528
4.35239 0.0219663
4.35621 0.0217469
4.36018 0.0216861
4.36422 0.0216879
4.36826 0.0216937
4.3723 0.0217001
4.37242 0.0218285
4.37634 0.0217094
4.38085 0.0221918
4.38098 0.0223202
4.38701 0.0243092
4.39104 0.0222959
4.39117 0.0224243
4.39495 0.0221709
4.39508 0.0222993
4.3993 0.0224853
4.39943 0.0226137
4.40257 0.0217213
4.40695 0.0220743
4.4109 0.0219829
4.4158 0.0228494
4.41826 0.0180883
4.41984 0.0216769
4.42394 0.0217459
4.42823 0.0220061
4.43201 0.0217517
4.43807 0.0237767
4.4423 0.0219545
4.44624 0.0218635
4.45016 0.0217444
4.45426 0.0218135
4.45817 0.0216904
4.46227 0.0217624
4.46625 0.0217055
4.47029 0.0217118
4.47635 0.0237374
4.48064 0.0219808
4.48481 0.0221126
4.4891 0.0223698
4.4932 0.0224389
4.49647 0.0216749
4.50076 0.0219316
4.50479 0.02193
4.50492 0.0220584
4.50864 0.0217413
4.51396 0.0230281
4.51806 0.0178842
4.51819 0.0220461
4.5221 0.0219241
4.52255 0.022372
4.52818 0.0239743
4.53203 0.0217693
4.53601 0.0217129
4.53614 0.0218413
4.54088 0.0225489
4.5444 0.0220417
4.54809 0.021694
4.55235 0.0219255
4.55623 0.0217683
4.56014 0.0216492
4.56627 0.0237409
4.57037 0.0217887
4.57434 0.0217323
4.57925 0.0225994
4.58315 0.0224744
4.58693 0.022221
4.58706 0.0223494
4.591 0.0222556
4.59504 0.022259
4.59936 0.0225503
4.60523 0.0243788
4.60885 0.0219516
4.61157 0.0206424
4.61798 0.0178026
4.61856 0.0235908
4.62317 0.0229921
4.62625 0.022037
4.63012 0.021877
4.63397 0.0216893
4.63801 0.021698
4.64243 0.0220837
4.64637 0.0219927
4.65012 0.0217102
4.65621 0.0237678
4.66028 0.0217874
4.66432 0.0217893
4.66832 0.0217561
4.67245 0.0218557
4.6764 0.0217677
4.68082 0.0221529
4.68472 0.0220279
4.68485 0.0221563
4.68876 0.0220313
4.69488 0.0241171
4.69501 0.0242455
4.69939 0.0225782
4.70266 0.0218142
4.70695 0.0220734
4.71128 0.0223637
4.71592 0.0229734
4.71826 0.0180839
4.71993 0.0217698
4.72397 0.0217732
4.72819 0.0219672
4.73201 0.0217479
4.73605 0.0217537
4.74092 0.0225931
4.74624 0.0238799
4.75012 0.0217089
4.75025 0.0218373
4.75435 0.0219064
4.75823 0.0217522
4.7622 0.0216918
4.76625 0.0217011
4.77032 0.0217386
4.77429 0.0216822
4.77856 0.0219102
4.78458 0.0238993
4.78471 0.0240277
4.789 0.0222682
4.79319 0.0224306
4.79659 0.0217949
4.80082 0.021989
4.80485 0.0219874
4.80863 0.0217324
4.81395 0.0230192
4.81799 0.0178092
4.81843 0.0222906
4.81856 0.022419
4.82292 0.0227419
4.82305 0.0228703
4.8259 0.021689
4.83013 0.0218835
4.83026 0.0220119
4.83605 0.0237772
4.84102 0.0226897
4.84448 0.0221163
4.84813 0.0217374
4.85242 0.0219961
4.85621 0.0217456
4.86025 0.0217549
4.86435 0.0218235
4.86833 0.0217671
4.87433 0.0237304
4.87926 0.0226118
4.88317 0.0224868
4.88707 0.0223618
4.89111 0.0223652
4.89489 0.0221119
4.89906 0.0222432
4.90258 0.0217359
4.90672 0.0218361
4.90685 0.0219645
4.91162 0.0227061
4.91594 0.0209796
4.91806 0.0178847
4.91992 0.0217611
4.92588 0.0236864
4.93017 0.0219298
4.93398 0.021707
4.93806 0.0217469
4.94213 0.0217814
4.94613 0.0217527
4.95017 0.021758
4.95427 0.021827
4.95819 0.0217079
4.96425 0.023734
4.96841 0.0218474
4.97245 0.0218498
4.97632 0.0216956
4.98062 0.0219558
4.98481 0.0221187
4.98879 0.0220565
4.99334 0.0225734
4.99347 0.0227018
4.99648 0.021681
5.00263 0.023798
5.00696 0.0220812
5.01087 0.0219546
5.01587 0.0229224
5.016 0.0230508
5.01801 0.0178339
5.01994 0.0217765
5.02394 0.0217478
5.0282 0.0219729
5.03198 0.0217224
5.03211 0.0218508
5.03596 0.0216661
5.03609 0.0217944
5.04083 0.0225055
5.04433 0.0219666
5.04814 0.0217463
5.0542 0.0237723
5.05433 0.0239007
5.05817 0.0216946
5.0583 0.021823
5.06231 0.0217933
5.06631 0.021768
5.07026 0.0216765
5.07038 0.0218049
5.07433 0.0217164
5.07853 0.0218812
5.08257 0.0218875
5.0827 0.0220159
5.08638 0.0216682
5.09317 0.0244231
5.0965 0.021707
5.10063 0.0218037
5.10466 0.0218005
5.10867 0.0217747
5.11393 0.0229993
5.11803 0.0178549
5.11816 0.0220168
5.12268 0.0224987
5.1228 0.0226271
5.12627 0.0220572
5.13011 0.0218695
5.13399 0.0217129
5.13797 0.0216554
5.14434 0.023998
5.14447 0.0241264
5.14813 0.0217308
5.15239 0.0219584
5.15617 0.0217079
5.16018 0.0216821
5.16031 0.0218105
5.16425 0.0217191
5.16829 0.0217249
5.17242 0.0218246
5.17637 0.0217365
5.18312 0.0244614
5.18703 0.0223196
5.18716 0.022448
5.19103 0.022288
5.19116 0.0224164
5.19507 0.0222914
5.19945 0.0226369
5.20259 0.0217445
5.20688 0.0219997
5.21081 0.0219003
5.21094 0.0220287
5.21581 0.0228647
5.21802 0.0178463
5.21991 0.0217538
5.22389 0.0216945
5.22831 0.0220831
5.23395 0.0236894
5.23802 0.0217045
5.24218 0.0218363
5.24619 0.0218076
5.2501 0.0216845
5.25022 0.0218129
5.25433 0.021882
5.25824 0.0217589
5.26228 0.0217647
5.26625 0.0217083
5.27244 0.0238593
5.27641 0.0217816
5.28058 0.0219134
5.2807 0.0220418
5.28487 0.0221736
5.28916 0.0224309
5.28929 0.0225593
5.29345 0.0226911
5.2966 0.0217987
5.30076 0.0219305
5.30089 0.0220589
5.3048 0.0219328
5.31091 0.0240126
5.31395 0.0210062
5.31408 0.0211346
5.31828 0.0181013
5.31841 0.0222632
5.32386 0.0236789
5.32855 0.0223272
5.33198 0.0217227
5.33599 0.0216935
5.34089 0.022564
5.34429 0.0219284
5.34442 0.0220568
5.34813 0.0217401
5.3524 0.0219716
5.35621 0.0217523
5.36228 0.0237813
5.36625 0.0217081
5.37035 0.0217727
5.37433 0.0217163
5.37926 0.0226185
5.38263 0.0219483
5.38276 0.0220767
5.38698 0.0222712
5.39102 0.0222746
5.39115 0.022403
5.39487 0.0220869
5.40082 0.0240093
5.40095 0.0241377
5.40495 0.0220882
5.40883 0.0219345
5.41418 0.0232529
5.41803 0.0178562
5.41848 0.0223377
5.42281 0.022629
5.42627 0.022059
5.43011 0.0218713
5.43396 0.0216836
5.43807 0.0217546
5.44255 0.0222059
5.44627 0.0218893
5.45229 0.0238797
5.45623 0.021772
5.46027 0.0217773
5.46427 0.0217446
5.46831 0.0217504
5.47238 0.0217879
5.47633 0.0216999
5.48094 0.0222796
5.48485 0.0221546
5.49103 0.0243031
5.49507 0.0222898
5.49926 0.0224487
5.49939 0.0225771
5.50266 0.0218131
5.50692 0.0220411
5.51086 0.0219457
5.51579 0.0228433
5.51797 0.0177939
5.51983 0.0216708
5.52387 0.0216742
5.52813 0.0218993
5.53204 0.0217773
5.53595 0.0216547
5.54217 0.0238408
5.54636 0.0219859
5.55015 0.0217384
5.55425 0.0218074
5.55822 0.0217466
5.56223 0.0217213
5.56631 0.0217617
5.57035 0.021768
5.57432 0.0217116
5.58054 0.0238942
5.58067 0.0240226
5.58483 0.0221376
5.58912 0.0223949
5.59319 0.0224289
5.59659 0.0217933
5.60085 0.0220184
5.60482 0.0219585
5.60866 0.0217658
5.60879 0.0218942
5.61392 0.0229864
5.61827 0.0180959
5.6184 0.0222578
5.62269 0.022518
5.6259 0.0216868
5.63198 0.0237415
5.63606 0.0217617
5.64086 0.0225314
5.64448 0.022121
5.64814 0.0217422
5.65227 0.0218453
5.65612 0.021657
5.66025 0.0217596
5.6642 0.0216687
5.67035 0.0237915
5.67433 0.0217183
5.67926 0.0226165
5.68317 0.0224915
5.68727 0.0225577
5.69105 0.0223043
5.69509 0.0223077
5.69941 0.022599
5.70255 0.0217066
5.70889 0.0240126
5.71168 0.0207488
5.71597 0.0210085
5.71796 0.0177852
5.72257 0.0244152
5.7227 0.0245436
5.7263 0.0220852
5.73014 0.0218975
5.73402 0.0217409
5.73803 0.0217186
5.74219 0.0218504
5.74617 0.0217906
5.75011 0.0217025
5.75434 0.0219
5.76028 0.0238006
5.76438 0.0218524
5.76839 0.0218231
5.77236 0.0217633
5.7764 0.0217726
5.78057 0.0219044
5.78486 0.0221645
5.78877 0.0220396
5.79335 0.0225876
5.79914 0.0243465
5.80267 0.0218225
5.80693 0.0220511
5.81129 0.0223725
5.81584 0.0228924
5.81802 0.0178389
5.81981 0.0216531
5.81994 0.0217815
5.82388 0.0216837
5.82807 0.0218466
5.8282 0.021975
5.83202 0.0217556
5.83606 0.0217615
5.84092 0.0225974
5.84432 0.0219613
5.85009 0.0236949
5.85022 0.0238233
5.85432 0.0218756
5.85816 0.0216864
5.85829 0.0218148
5.8622 0.0216922
5.86631 0.0217602
5.87035 0.0217666
5.87435 0.0217413
5.87858 0.0219382
5.88275 0.02207
5.88903 0.0243129
5.89345 0.0226847
5.89358 0.0228131
5.89659 0.0217924
5.90088 0.0220525
5.90485 0.0219848
5.90872 0.0218231
5.91417 0.0232388
5.91805 0.0178733
5.91818 0.0220352
5.92292 0.0227433
5.9259 0.0216904
5.93019 0.0219505
5.93397 0.0216967
5.94086 0.0245518
5.94445 0.0220935
5.94814 0.0217457
5.95231 0.02188
5.95244 0.0220083
5.95622 0.0217579
5.96026 0.0217672
5.96424 0.0217074
5.96828 0.0217132
5.9684 0.0218416
5.97247 0.021879
5.97856 0.0239356
5.98279 0.0221134
5.98388 0.0232003
5.98702 0.0223079
5.99118 0.0224357
5.99509 0.0223108
5.99931 0.0225008
6.00258 0.0217368
6.00688 0.0219978
6.01085 0.0219375
6.01582 0.0228702
6.01806 0.0178869
6.01992 0.0217633
6.02396 0.0217696
6.03012 0.02389
6.03399 0.0217127
6.03412 0.0218411
6.03803 0.0217175
6.04219 0.0218493
6.0461 0.0217267
6.05014 0.0217315
6.05425 0.0218006
6.05822 0.0217437
6.0623 0.021784
6.06832 0.0237784
6.07233 0.0217319
6.07633 0.0217056
6.07646 0.021834
6.0805 0.0218329
6.08456 0.0218664
6.08882 0.0220915
6.08895 0.0222199
6.09318 0.0224168
6.09651 0.0217174
6.10061 0.0217831
6.10686 0.0239942
6.10699 0.0241225
6.11128 0.0223644
6.11397 0.0210241
6.1141 0.0211525
6.11798 0.0178032
6.11984 0.0236969
6.12388 0.0216836
6.12401 0.021812
6.12832 0.0220953
6.13194 0.0216814
6.13608 0.0217845
6.14076 0.0224299
6.14431 0.0219538
6.14825 0.0218588
6.15239 0.0219619
6.15819 0.0237307
6.16229 0.0217819
6.16627 0.0217216
6.17027 0.0216929
6.17434 0.0217298
6.17857 0.0219267
6.18264 0.0219612
6.18277 0.0220896
6.18719 0.0224753
6.19097 0.0222219
6.19648 0.0237003
6.19661 0.0238287
6.2009 0.0220721
6.20484 0.0219732
6.20497 0.0221016
6.20871 0.0218156
6.21397 0.0230402
6.21801 0.0178301
6.21845 0.0223116
6.21858 0.02244
6.22214 0.0219638
6.22627 0.0220635
6.23005 0.0218101
6.23018 0.0219385
6.23403 0.0217508
6.23797 0.0216623
6.2422 0.0218568
6.24816 0.0237856
6.25242 0.0219963
6.25624 0.021777
6.26022 0.0217201
6.26428 0.0217536
6.26822 0.0216621
6.27233 0.0217307
6.27245 0.021859
6.2764 0.021771
6.28089 0.0222223
6.28704 0.0243398
6.29107 0.0223264
6.29498 0.0222014
6.29511 0.0223298
6.29943 0.0226132
6.30257 0.0217208
6.3027 0.0218492
6.30695 0.0220733
6.31089 0.0219778
6.31582 0.0228755
6.318 0.017826
6.31983 0.0216713
6.32387 0.0216747
6.32816 0.0219349
6.33204 0.0217778
6.338 0.0237055
6.34226 0.0219143
6.34617 0.0217923
6.35008 0.0216732
6.35021 0.0218016
6.35432 0.0218707
6.35816 0.0216854
6.36217 0.0216601
6.36628 0.0217321
6.37025 0.0216723
6.37631 0.0236978
6.37644 0.0238262
6.38095 0.0222918
6.38473 0.0220384
6.38486 0.0221668
6.38915 0.0224241
6.39345 0.0226843
6.39659 0.0217919
6.40079 0.0219548
6.40495 0.0220855
6.40867 0.0217684
6.41418 0.0232463
6.41799 0.0178146
6.41844 0.022296
6.42273 0.0225562
6.42817 0.0239639
6.4283 0.0240923
6.43196 0.0216967
6.43209 0.0218251
6.43599 0.0216986
6.43612 0.021827
6.44073 0.0224061
6.44433 0.0219646
6.44445 0.022093
6.44814 0.0217453
6.45237 0.0219417
6.45625 0.0217846
6.46016 0.0216654
6.46625 0.023726
6.47035 0.0217738
6.47433 0.0217175
6.47859 0.0219455
6.48314 0.0224595
6.48705 0.0223346
6.49064 0.0218901
6.49499 0.022213
6.49941 0.0225976
6.50495 0.0241026
6.5088 0.0219011
6.51162 0.0206892
6.51828 0.0181067
6.51841 0.023447
6.52283 0.0226572
6.5263 0.0220873
6.53014 0.0218996
6.53399 0.0217119
6.53797 0.0216584
6.5422 0.021853
6.5463 0.0219215
6.55015 0.0217362
6.55624 0.0237939
6.56028 0.0217824
6.56425 0.0217186
6.56834 0.0217827
6.57248 0.0218823
6.57636 0.0217281
6.58084 0.0221794
6.58475 0.0220545
6.58488 0.0221829
6.58898 0.022249
6.59497 0.0242064
6.59941 0.0226014
6.60268 0.0218374
6.60694 0.022062
6.6113 0.0223833
6.61581 0.0228647
6.61799 0.0178112
6.61985 0.0216877
6.62388 0.0216911
6.62808 0.021854
6.62821 0.0219824
6.63193 0.0216658
6.63597 0.0216716
6.64084 0.022511
6.64619 0.0238289
6.65016 0.0217512
6.65427 0.0218203
6.65824 0.0217594
6.66221 0.0216991
6.66632 0.0217711
6.67026 0.0216802
6.67433 0.0217171
6.67859 0.0219451
6.68461 0.0239342
6.68903 0.0223031
6.69339 0.0226255
6.69653 0.0217331
6.69666 0.0218615
6.70082 0.0219933
6.70489 0.0220228
6.70867 0.0217678
6.70879 0.0218962
6.71418 0.0232457
6.71803 0.0178491
6.71847 0.0223305
6.72213 0.0219517
6.72594 0.0217278
6.73017 0.0219224
6.736 0.0237227
6.74099 0.0226663
6.74439 0.0220302
6.74814 0.0217447
6.75234 0.02191
6.75612 0.0216596
6.76016 0.0216689
6.76427 0.0217374
6.76439 0.0218658
6.76831 0.0217432
6.77436 0.0237687
6.77859 0.0219449
6.78314 0.022459
6.78705 0.022334
6.79108 0.0223374
6.79499 0.0222124
6.79928 0.0224686
6.79941 0.022597
6.80255 0.0217046
6.80681 0.0219327
6.81152 0.0226081
6.81165 0.0227365
6.81597 0.02101
6.81828 0.0181062
6.81982 0.0216636
6.8263 0.0241035
6.83014 0.021899
6.83399 0.0217113
6.838 0.021689
6.83813 0.0218174
6.84223 0.0218835
6.84604 0.0216642
6.84617 0.0217926
6.85018 0.0217668
6.85428 0.0218358
6.85819 0.0217128
6.86422 0.0237077
6.86841 0.0218523
6.87245 0.0218546
6.87642 0.0217938
6.88094 0.0222762
6.88472 0.0220228
6.88485 0.0221512
6.88914 0.0224084
6.89343 0.0226686
6.89657 0.0217762
6.90253 0.0237026
6.90266 0.0238309
6.90696 0.0220773
6.91129 0.0223715
6.9159 0.0229542
6.91801 0.0178345
6.91994 0.0217771
6.92391 0.0217178
6.92807 0.0218456
6.9282 0.021974
6.93205 0.0217858
6.93599 0.0216943
6.94086 0.0225338
6.94432 0.0219638
6.94823 0.0218378
6.95419 0.0237665
6.9582 0.02172
6.9623 0.021788
6.96631 0.0217628
6.97028 0.0217029
6.97432 0.0217087
6.97862 0.0219719
6.98278 0.0221037
6.9872 0.0224893
6.99319 0.0244467
6.99659 0.0217944
7.00076 0.0219262
7.00088 0.0220545
7.00518 0.0223122
7.0087 0.0218045
7.01396 0.0230291
7.01806 0.0178812
7.01819 0.0220431
7.02216 0.0219828
7.02594 0.0217279
7.03017 0.0219224
7.03401 0.0217347
7.03799 0.0216773
7.04436 0.0240199
7.04818 0.0217867
7.05228 0.0218547
7.05241 0.0219831
7.05619 0.0217327
7.06027 0.0217725
7.06421 0.0216816
7.06832 0.0217536
7.07235 0.0217589
7.07637 0.0217366
7.08255 0.0238836
7.08267 0.024012
7.08652 0.021807
7.09056 0.0218099
7.09456 0.0217811
7.09945 0.0226397
7.10263 0.0217814
7.10685 0.0219733
7.10698 0.0221017
7.11083 0.0219124
7.11096 0.0220408
7.11579 0.0228446
7.11806 0.0178884
7.11983 0.0216676
7.12386 0.021671
7.12829 0.0220596
7.13399 0.0237281
7.13803 0.0217161
7.14245 0.0221018
7.14623 0.0218513
7.15008 0.021666
7.15021 0.0217944
7.15431 0.0218635
7.15825 0.0217715
7.16219 0.02168
7.16629 0.0217481
7.17241 0.0238329
7.17639 0.0217592
7.18068 0.0220194
7.18485 0.0221512
7.18914 0.0224084
7.19343 0.0226686
7.19657 0.0217762
7.2008 0.0219708
7.20093 0.0220992
7.20487 0.0220042
7.21089 0.0239907
7.21409 0.0211437
7.218 0.0178221
7.21845 0.0223035
7.2239 0.0237192
7.22837 0.0221453
7.23203 0.0217665
7.236 0.0217061
7.24081 0.0224798
7.24094 0.0226082
7.24436 0.0220037
7.24815 0.0217533
7.25241 0.0219848
7.25626 0.0217966
7.26229 0.0237905
7.26629 0.0217444
7.27039 0.021809
7.27436 0.0217526
7.2786 0.0219496
7.2827 0.0220157
7.28692 0.0222102
7.28705 0.0223386
7.29109 0.022342
7.29513 0.0223454
7.29525 0.0224738
7.30076 0.0239488
7.30089 0.0240772
7.30518 0.0223161
7.30871 0.0218084
7.30883 0.0219368
7.31396 0.023033
7.318 0.0178229
7.31845 0.0223044
7.31858 0.0224327
7.32274 0.0225645
7.3263 0.0220879
7.33014 0.0219002
7.33402 0.0217436
7.338 0.0216862
7.34222 0.0218807
7.3463 0.0219182
7.34642 0.0220465
7.35226 0.0238464
7.35626 0.0218009
7.3603 0.0218022
7.3643 0.0217735
7.36834 0.0217753
7.37228 0.0216844
7.37241 0.0218128
7.37638 0.0217519
7.38099 0.0223316
7.38477 0.0220782
7.39064 0.0239073
7.39108 0.0243552
7.39512 0.0223418
7.39931 0.0224968
7.40258 0.0217328
7.40693 0.0220541
7.41132 0.0224066
7.41584 0.0228874
7.41801 0.0178379
7.41984 0.0216833
7.42388 0.0216867
7.42817 0.0219429
7.43208 0.0218209
7.43596 0.0216672
7.44221 0.0238843
7.44628 0.021901
7.44641 0.0220294
7.45022 0.021813
7.45433 0.0218821
7.45824 0.021759
7.46221 0.0217026
7.46632 0.0217707
7.47026 0.0216797
7.47436 0.0217478
7.48067 0.0240276
7.48484 0.0221427
7.48913 0.0223999
7.49342 0.0226561
7.49355 0.0227845
7.49656 0.0217637
7.50073 0.0218955
7.50486 0.0219952
7.5087 0.0218025
7.51395 0.0230231
7.51831 0.0181325
7.51844 0.0222945
7.52273 0.0225547
7.52593 0.0217234
7.53202 0.0237782
7.53609 0.0217983
7.54086 0.022533
7.54439 0.0220253
7.54817 0.0217748
7.55231 0.021878
7.55615 0.0216897
7.56019 0.021695
7.56429 0.0217596
7.57035 0.0237851
7.57435 0.0217391
7.57858 0.0219361
7.58313 0.0224501
7.58704 0.0223251
7.59063 0.0218806
7.59108 0.0223285
7.59501 0.0222346
7.59943 0.0226192
7.60257 0.0217269
7.60888 0.0240017
7.61158 0.0206447
7.616 0.0210327
7.61802 0.0178405
7.6227 0.0245362
7.62629 0.0220778
7.63013 0.0218901
7.63404 0.0217646
7.63799 0.0216761
7.63812 0.0218045
7.64209 0.0217422
7.64221 0.0218706
7.64619 0.0218108
7.65017 0.0217539
7.65427 0.021823
7.66026 0.0237858
7.6644 0.0218686
7.6683 0.0217421
7.66843 0.0218705
7.67237 0.0217756
7.67638 0.0217498
7.68067 0.02201
7.68487 0.0221729
7.6891 0.0223674
7.69339 0.0226276
7.69918 0.0243865
7.70258 0.0217341
7.70694 0.0220599
7.7113 0.0223813
7.71581 0.0228667
7.71805 0.0178754
7.71985 0.0216896
7.72388 0.0216891
7.72821 0.0219803
7.73205 0.0217921
7.73596 0.0216696
7.74087 0.0225401
7.74436 0.0219973
7.75009 0.0236998
7.75436 0.0219116
7.75823 0.0217534
7.76221 0.0216971
7.76234 0.0218254
7.76631 0.0217691
7.77035 0.0217754
7.77436 0.0217501
7.77859 0.0219471
7.78266 0.0219816
7.78279 0.02211
7.78907 0.0243529
7.79339 0.0226274
7.79352 0.0227558
7.79653 0.021735
7.80083 0.0219952
7.80486 0.0219936
7.8086 0.0217036
7.80873 0.021832
7.81418 0.0232477
7.81802 0.017847
7.81847 0.0223285
7.82216 0.0219807
7.82594 0.0217258
7.83023 0.021986
7.83401 0.0217321
7.84087 0.0245561
7.84446 0.0220978
7.84814 0.0217501
7.85231 0.0218843
7.85622 0.0217623
7.86017 0.0216743
7.86427 0.0217428
7.86831 0.0217486
7.86844 0.021877
7.87247 0.0218794
7.8793 0.0246723
7.88321 0.0225306
7.88699 0.0222772
7.88712 0.0224056
7.89106 0.0223117
7.89497 0.0221867
7.89935 0.0225323
7.90262 0.0217683
7.90694 0.0220585
7.91085 0.021936
7.91588 0.0229314
7.91806 0.0178819
7.91995 0.0217895
7.92399 0.0217929
7.93004 0.0217992
7.93017 0.0219276
7.93398 0.0217048
7.93411 0.0218332
7.93802 0.0217096
7.94231 0.0219668
7.94244 0.0220952
7.94619 0.0218097
7.95013 0.0217217
7.95427 0.0218219
7.95824 0.021765
7.96225 0.0217397
7.96824 0.0236995
7.97247 0.0218758
7.97638 0.0217527
7.98068 0.0220129
7.98484 0.0221447
7.98913 0.0224019
7.99339 0.022627
7.99653 0.0217346
8.00082 0.0219914
8.00688 0.0240195
8.01098 0.0220707
8.014 0.02105
8.018 0.0178256
8.01986 0.0237193
8.02387 0.0216743
8.024 0.0218027
8.02822 0.0219888
8.03196 0.0217032
8.03607 0.0217713
8.04074 0.0224161
8.04437 0.0220057
8.04815 0.0217542
8.05238 0.0219506
8.05818 0.0237194
8.06231 0.0218012
8.06629 0.0217408
8.07026 0.021681
8.07039 0.0218094
8.07433 0.0217209
8.07866 0.0220141
8.08257 0.021888
8.08651 0.0217971
8.09045 0.0217027
8.09657 0.0237865
8.1006 0.0217731
8.10466 0.021801
8.10867 0.0217713
8.11396 0.023027
8.11831 0.0181359
8.11844 0.0222978
8.11857 0.0224262
8.12296 0.0227802
8.12309 0.0229086
8.12597 0.0217624
8.13007 0.0218285
8.1302 0.0219569
8.13405 0.0217692
8.13799 0.0216807
8.14254 0.0221947
8.14808 0.0216904
8.14821 0.0218188
8.15231 0.0218789
8.15244 0.0220073
8.15615 0.0216907
8.15628 0.021819
8.16019 0.0216999
8.16032 0.0218283
8.16427 0.0217374
8.16824 0.021681
8.17238 0.0217807
8.1725 0.0219091
8.17642 0.0217899
8.18103 0.0223696
8.18661 0.0239108
8.19109 0.0223453
8.195 0.0222204
8.19935 0.0225348
8.20262 0.0217708
8.20684 0.0219638
8.20697 0.0220922
8.21088 0.0219656
8.21133 0.0224135
8.21585 0.0228989
8.21803 0.0178494
8.21985 0.0216947
8.22389 0.0216981
8.22822 0.0219894
8.23402 0.0237552
8.23812 0.0218054
8.24222 0.0218716
8.24622 0.0218428
8.25013 0.0217197
8.25026 0.0218481
8.25423 0.0217888
8.25436 0.0219172
8.25824 0.021763
8.26221 0.0217027
8.26632 0.0217707
8.27029 0.0217109
8.27641 0.0237986
8.2807 0.022042
8.28487 0.0221738
8.28916 0.0224311
8.29345 0.0226912
8.2966 0.0217989
8.30082 0.0219929
8.30489 0.0220263
8.30858 0.0216781
8.3087 0.0218065
8.31393 0.022996
8.31831 0.0181365
8.31844 0.0222985
8.32389 0.0237142
8.3284 0.0221713
8.33205 0.0217925
8.33599 0.0217011
8.33612 0.0218295
8.3408 0.0224748
8.34446 0.022096
8.34814 0.0217483
8.35238 0.0219487
8.35629 0.0218266
8.36023 0.0217386
8.36626 0.0217123
8.37039 0.021808
8.37435 0.0217397
8.37935 0.022704
8.38281 0.0221311
8.38704 0.0223256
8.39063 0.0218812
8.39511 0.0223325
8.39899 0.0221759
8.40507 0.0242261
8.40873 0.02183
8.40886 0.0219584
8.41399 0.0230546
8.41802 0.0178445
8.41847 0.0223259
8.42276 0.0225861
8.42591 0.0216967
8.4301 0.0218596
8.43023 0.021988
8.43408 0.0218003
8.43799 0.0216806
8.44254 0.0221947
8.44632 0.0219403
8.45234 0.0239307
8.45628 0.021819
8.46018 0.021688
8.46031 0.0218164
8.46428 0.0217525
8.46835 0.0217895
8.47239 0.0217958
8.47633 0.0217038
8.48095 0.0222835
8.48473 0.0220302
8.48902 0.0222874
8.49498 0.0242137
8.49945 0.0226398
8.50259 0.0217474
8.50695 0.0220688
8.51134 0.0224213
8.51585 0.0229066
8.51803 0.0178571
8.51986 0.0217024
8.5239 0.0217058
8.52809 0.0218648
8.52822 0.0219932
8.53207 0.0218049
8.53598 0.0216824
8.54229 0.0239622
8.54629 0.0219167
8.54642 0.0220451
8.55021 0.0217976
8.55434 0.0218978
8.55822 0.0217436
8.5622 0.0216872
8.5663 0.0217592
8.57028 0.0216994
8.57438 0.0217714
8.57858 0.0219373
8.58461 0.0219095
8.58473 0.0220379
8.58902 0.0222952
8.59341 0.0226487
8.59655 0.0217563
8.60085 0.0220165
8.60475 0.0218905
8.6086 0.0216977
8.61395 0.0230156
8.61801 0.0178367
8.61846 0.0223181
8.62275 0.0225783
8.62596 0.0217471
8.63205 0.0238018
8.63599 0.0216936
8.63612 0.021822
8.64088 0.0225567
8.64438 0.0220178
8.64451 0.0221462
8.64816 0.0217674
8.65233 0.0219016
8.65614 0.0216823
8.66021 0.0217187
8.66428 0.0217561
8.67037 0.0238088
8.67434 0.0217317
8.67934 0.022696
8.6828 0.0221231
8.68703 0.0223177
8.69062 0.0218732
8.69107 0.0223211
8.69504 0.0222583
8.69946 0.0226429
8.7026 0.0217505
8.70676 0.0218813
8.70689 0.0220097
8.71157 0.022654
8.71602 0.0210564
8.71801 0.0178331
8.72259 0.0244314
8.72272 0.0245598
8.72631 0.0221015
8.73016 0.0219138
8.734 0.0217261
8.73805 0.0217348
8.74234 0.0219921
8.74246 0.0221205
8.74621 0.021835
8.75019 0.0217781
8.75429 0.0218471
8.76023 0.0237477
8.76442 0.0218888
8.76842 0.0218596
8.77246 0.021862
8.77637 0.0217429
8.78086 0.0221942
8.78489 0.0221976
8.78899 0.0222637
8.79328 0.0225199
8.79341 0.0226483
8.79655 0.0217559
8.80264 0.0217939
8.80697 0.0220881
8.81129 0.0223783
8.81585 0.0228983
8.81802 0.0178448
8.81995 0.0217874
8.82398 0.0217908
8.82808 0.0218564
8.82821 0.0219848
8.83196 0.0216993
8.836 0.0217051
8.84093 0.0226073
8.84433 0.0219717
8.8502 0.0238066
8.8543 0.0218589
8.85824 0.0217629
8.86231 0.0217999
8.86629 0.0217435
8.87026 0.0216836
8.8744 0.0217867
8.87933 0.0226889
8.88267 0.0219876
8.8828 0.022116
8.88894 0.0242305
8.88907 0.0243589
8.8934 0.0226334
8.89654 0.021741
8.90083 0.0220012
8.90486 0.0219996
8.90861 0.0217096
8.90874 0.021838
8.91422 0.0232848
8.91803 0.0178531
8.91848 0.0223345
8.92216 0.0219868
8.92594 0.0217318
8.93014 0.0218947
8.93405 0.0217692
8.94087 0.0245622
8.9444 0.0220382
8.94453 0.0221666
8.94815 0.0217527
8.95231 0.0218869
8.95623 0.0217648
8.9602 0.0217079
8.96431 0.0217765
8.96834 0.0217783
8.96847 0.0219067
8.9725 0.0219091
8.97866 0.0240319
8.98385 0.0231682
8.98699 0.0222758
8.99109 0.0223414
8.995 0.0222164
8.99925 0.0224336
9.00265 0.021798
9.00685 0.021966
9.01088 0.0219678
9.01591 0.0229628
9.01803 0.0178511
9.01985 0.0216924
9.02395 0.0217615
9.03011 0.0238819
9.03402 0.0217396
9.03802 0.0217093
9.03815 0.0218377
9.04212 0.0217755
9.04225 0.0219038
9.04613 0.0217502
9.05017 0.0217555
9.0544 0.021953
9.05828 0.0217988
9.06228 0.021773
9.06831 0.0237599
9.07234 0.0217445
9.07637 0.0217453
9.08057 0.0219077
9.08454 0.0218479
9.0889 0.0221703
9.08903 0.0222987
9.0932 0.0224334
9.09657 0.0217691
9.1006 0.0217725
9.10457 0.0217111
9.11088 0.0219682
9.11434 0.0213953
9.11832 0.0181398
9.11986 0.023714
9.12389 0.0217007
9.12821 0.021984
9.13199 0.0217336
9.13606 0.0217705
9.14081 0.0224815
9.14446 0.0221027
9.14818 0.0217861
9.15229 0.0218581
9.15241 0.0219865
9.15828 0.0238214
9.16232 0.0218065
9.16629 0.0217461
9.17036 0.0217796
9.1744 0.0217854
9.17933 0.0226875
9.18279 0.0221147
9.18721 0.0225003
9.19099 0.0222469
9.19651 0.0237254
9.20086 0.022031
9.20521 0.0223489
9.20874 0.0218412
9.21396 0.0230307
9.21806 0.0178828
9.21819 0.0220448
9.22261 0.0224333
9.22274 0.0225617
9.22598 0.0217656
9.23008 0.0218317
9.2302 0.0219601
9.23405 0.0217724
9.23803 0.021715
9.24225 0.0219095
9.24812 0.023741
9.25228 0.0218505
9.25241 0.0219789
9.25625 0.0217906
9.2602 0.0217026
9.26033 0.021831
9.26427 0.0217401
9.26837 0.0218121
9.27241 0.0218184
9.27254 0.0219468
9.27632 0.0216953
9.281 0.0223372
9.28702 0.0243263
9.29074 0.0219934
9.29497 0.022188
9.2951 0.0223163
9.29938 0.0225686
9.30265 0.0218046
9.30688 0.0219976
9.31088 0.0219683
9.31133 0.0224162
9.31585 0.0229015
9.31806 0.0178832
9.31989 0.0217285
9.32393 0.0217319
9.32825 0.0220232
9.33209 0.021831
9.33812 0.0238249
9.3426 0.0222594
9.34626 0.0218806
9.35014 0.0217264
9.35027 0.0218548
9.35437 0.0219239
9.35819 0.0217075
9.36226 0.0217444
9.36633 0.0217813
9.3703 0.0217215
9.37642 0.0238092
9.38091 0.0222437
9.38103 0.0223721
9.38481 0.0221188
9.38895 0.022216
9.39337 0.0226046
9.3935 0.022733
9.39651 0.0217122
9.39664 0.0218406
9.40083 0.0220035
9.4049 0.0220409
9.40859 0.0216927
9.40872 0.0218211
9.41394 0.0230106
9.41801 0.0178316
9.41846 0.0223131
9.41858 0.0224415
9.42275 0.0225733
9.42826 0.0240472
9.43207 0.0218111
9.43601 0.0217196
9.43614 0.021848
9.44082 0.0224934
9.44448 0.0221146
9.44816 0.0217668
9.4524 0.0219672
9.45631 0.0218452
9.46022 0.0217221
9.46627 0.0237436
9.47037 0.0217915
9.47434 0.0217311
9.47447 0.0218595
9.47934 0.0226954
9.4828 0.0221226
9.48658 0.0218692
9.49062 0.0218726
9.49498 0.0221955
9.49943 0.0226152
9.50484 0.0239919
9.50875 0.0218525
9.51163 0.0207028
9.51804 0.0178591
9.51848 0.0235189
9.52278 0.0226007
9.52291 0.0227291
9.52592 0.0217113
9.53015 0.0219053
9.53399 0.0217176
9.53804 0.0217263
9.54226 0.0219209
9.54646 0.0220867
9.55018 0.021769
9.55617 0.0237294
9.5563 0.0238578
9.56028 0.0217802
9.56427 0.0217435
9.56828 0.0217182
9.56841 0.0218466
9.57251 0.0219151
9.57636 0.0217298
9.58097 0.0223095
9.58475 0.0220562
9.58488 0.0221846
9.58904 0.0223134
9.58917 0.0224418
9.595 0.0242398
9.59935 0.0225374
9.59948 0.0226658
9.60262 0.0217734
9.60694 0.0220637
9.61133 0.0224162
9.61585 0.0229015
9.61806 0.0178831
9.61989 0.0217284
9.62393 0.0217318
9.62809 0.0218636
9.62822 0.021992
9.63197 0.0217065
9.63601 0.0217123
9.64091 0.0225829
9.64635 0.0239941
9.65014 0.0217258
9.65027 0.0218542
9.65427 0.021826
9.6544 0.0219544
9.65822 0.021738
9.66232 0.02181
9.66633 0.0217847
9.6703 0.0217249
9.67441 0.0217969
9.67861 0.0219627
9.68463 0.0239518
9.68905 0.0223207
9.69341 0.0226431
9.69655 0.0217507
9.70084 0.0220109
9.70478 0.021912
9.7049 0.0220404
9.70862 0.0217193
9.71423 0.0232945
9.71804 0.0178627
9.71849 0.0223441
9.72214 0.0219653
9.72259 0.0224132
9.72595 0.0217415
9.73015 0.0219044
9.73601 0.0237358
9.74107 0.0227417
9.74437 0.0220088
9.7445 0.0221372
9.74818 0.0217894
9.75229 0.0218614
9.75242 0.0219898
9.7562 0.0217394
9.76027 0.0217758
9.76431 0.0217782
9.76835 0.021784
9.77434 0.0237433
9.77934 0.0226909
9.7828 0.022118
9.78388 0.0232049
9.78703 0.0223126
9.79074 0.0219965
9.79497 0.022191
9.79936 0.0225445
9.79949 0.0226729
9.80263 0.0217805
9.80673 0.021849
9.80686 0.0219774
9.81166 0.0227462
9.81605 0.0210824
9.81807 0.0178902
9.81996 0.0217977
9.82592 0.0237235
9.83021 0.0219669
9.83402 0.0217441
9.83803 0.0217218
9.83816 0.0218502
9.84226 0.0219163
9.8462 0.0218254
9.85021 0.0217996
9.85431 0.0218687
9.85826 0.0217806
9.86425 0.0237405
9.86842 0.021854
9.87258 0.0219847
9.87637 0.0217372
9.88066 0.0219974
9.88079 0.0221258
9.8847 0.0220008
9.88483 0.0221292
9.88893 0.0221954
9.89341 0.0226461
9.89655 0.0217538
9.90257 0.0237423
9.90687 0.0219847
9.90699 0.0221131
9.91097 0.0220527
9.91584 0.0228921
9.91805 0.0178697
9.91987 0.0217151
9.92391 0.0217185
9.92808 0.0218503
9.92821 0.0219787
9.93198 0.0217243
9.93602 0.0217301
9.9408 0.0224722
9.94093 0.0226006
9.94439 0.0220267
9.9483 0.0219007
9.9542 0.0237672
9.95432 0.0238956
9.95823 0.0217478
9.9623 0.0217847
9.96627 0.0217283
9.9664 0.0218567
9.97031 0.0217347
9.97044 0.0218631
9.97442 0.0218067
9.97862 0.0219725
9.98281 0.0221354
9.98723 0.0225211
9.99338 0.0246346
9.99652 0.0217254
9.99665 0.0218538

