% time_sec delay_sec
1.21407 0.113961
1.21407 0.113961
1.31406 0.113956
1.41406 0.113951
1.51266 0.416562
1.51407 0.113956
1.61406 0.113951
1.71406 0.113954
1.81406 0.113951
1.81481 0.416039
1.91407 0.113961
2.01404 0.113928
2.11148 0.410705
2.11161 0.410833
2.2116 0.207435
2.21563 0.115505
2.21576 0.119667
2.21961 0.119481
2.22358 0.119422
2.22804 0.119842
2.2339 0.12167
2.23768 0.119397
2.24187 0.11956
2.242 0.119688
2.24597 0.119628
2.24982 0.119439
2.25418 0.119765
2.2579 0.119451
2.26191 0.119426
2.26595 0.119435
2.26999 0.119442
2.27601 0.119415
2.28031 0.119675
2.28044 0.119804
2.28447 0.119807
2.28876 0.120064
2.28889 0.120193
2.29223 0.119495
2.29626 0.119498
2.30062 0.119821
2.30075 0.119949
2.30479 0.119956
2.30847 0.119603
2.31376 0.120859
2.31389 0.120987
2.31562 0.115491
2.3176 0.119491
2.32363 0.121483
2.32798 0.119781
2.3281 0.119909
2.33176 0.11953
2.33567 0.119408
2.34025 0.119959
2.34385 0.119517
2.34785 0.119489
2.35209 0.119689
2.35603 0.119598
2.36193 0.121464
2.36603 0.119515
2.37 0.119451
2.37406 0.119484
2.37836 0.119747
2.38256 0.11991
2.38653 0.119847
2.39089 0.12017
2.39473 0.119983
2.39871 0.119923
2.40463 0.121814
2.40847 0.119608
2.41373 0.120829
2.41565 0.115518
2.41757 0.119461
2.42254 0.120391
2.42568 0.119501
2.43004 0.119824
2.43375 0.119508
2.43776 0.119485
2.44199 0.11968
2.44597 0.11962
2.45205 0.121673
2.45596 0.119534
2.45991 0.119442
2.46394 0.119444
2.4681 0.119574
2.47214 0.11958
2.47606 0.119461
2.4807 0.120072
2.48461 0.119947
2.48884 0.120142
2.48897 0.12027
2.4948 0.120051
2.49909 0.120303
2.50223 0.119411
2.50665 0.119798
2.51158 0.120696
2.51561 0.115486
2.51574 0.119648
2.51956 0.119428
2.52366 0.119497
2.52763 0.119437
2.53173 0.119502
2.53186 0.119631
2.53577 0.119508
2.54202 0.121722
2.54606 0.119712
2.54981 0.119429
2.55404 0.119626
2.55789 0.119441
2.56199 0.119513
2.56597 0.119457
2.57004 0.119494
2.57402 0.119438
2.58036 0.121749
2.58453 0.119864
2.58882 0.120121
2.59215 0.119423
2.59619 0.119426
2.60058 0.11978
2.60474 0.119906
2.60849 0.119624
2.61381 0.120911
2.61554 0.115414
2.61759 0.119481
2.62246 0.120318
2.62259 0.120446
2.62573 0.119553
2.63175 0.121541
2.63188 0.12167
2.63566 0.119398
2.64024 0.119946
2.64377 0.119438
2.64787 0.119507
2.6521 0.119708
2.65605 0.119617
2.65996 0.119498
2.66394 0.119441
2.66999 0.121463
2.674 0.119417
2.67826 0.119645
2.67839 0.119773
2.68249 0.119839
2.68608 0.119395
2.69043 0.119718
2.69492 0.120169
2.69924 0.120461
2.70226 0.11944
2.70668 0.119828
2.71181 0.118907
2.71193 0.119035
2.71565 0.115519
2.7159 0.11981
2.72301 0.122884
2.72567 0.119495
2.73 0.119787
2.73372 0.119471
2.73773 0.119448
2.74228 0.119962
2.74596 0.119615
2.74609 0.119743
2.74988 0.119495
2.75411 0.119693
2.75991 0.121461
2.76394 0.119446
2.76804 0.11951
2.76817 0.119639
2.77217 0.11961
2.77599 0.119394
2.78067 0.120035
2.78458 0.11991
2.78861 0.119914
2.79224 0.119503
2.79908 0.122318
2.80222 0.119409
2.80658 0.119734
2.81165 0.120764
2.81178 0.120892
2.81549 0.11536
2.81562 0.119522
2.81574 0.11965
2.81959 0.119461
2.82356 0.119401
2.82802 0.119821
2.8318 0.119571
2.83578 0.119514
2.84074 0.120447
2.84382 0.119491
2.84978 0.121416
2.85401 0.119597
2.85414 0.119725
2.85795 0.119505
2.86193 0.119448
2.86597 0.119458
2.87004 0.119495
2.87402 0.119439
2.87841 0.119795
2.88258 0.119927
2.88872 0.122042
2.89225 0.119517
2.89622 0.119455
2.90058 0.119778
2.90457 0.119741
2.90848 0.119615
2.91373 0.120835
2.91566 0.115529
2.91755 0.119436
2.92165 0.119505
2.92572 0.119539
2.93001 0.119799
2.93373 0.119483
2.93386 0.119611
2.94077 0.12249
2.94385 0.119518
2.94785 0.11949
2.95208 0.119686
2.95593 0.119498
2.95997 0.119507
2.96398 0.119482
2.96808 0.119554
2.97225 0.119689
2.97827 0.121675
2.9784 0.121803
2.98263 0.119981
2.98692 0.120238
2.99083 0.120113
2.99474 0.119988
2.99877 0.119987
3.0023 0.11948
3.00669 0.119843
3.0116 0.120713
3.01576 0.115631
3.01589 0.119793
3.01961 0.11948
3.02368 0.119517
3.02999 0.121794
3.03377 0.119523
3.03771 0.11943
3.042 0.119691
3.04585 0.119506
3.04977 0.119386
3.05413 0.119712
3.05791 0.119465
3.06199 0.119505
3.06798 0.121464
3.07208 0.119515
3.07599 0.119391
3.08028 0.11965
3.08428 0.119617
3.08842 0.119718
3.09217 0.119435
3.09618 0.11941
3.10037 0.119572
3.10662 0.121791
3.10902 0.118141
3.11418 0.119265
3.12357 0.119406
3.12764 0.11944
3.13174 0.119509
3.13187 0.119638
3.13565 0.119387
3.14033 0.120035
3.14383 0.119496
3.14793 0.119565
3.15216 0.119766
3.15229 0.119894
3.15784 0.121406
3.16191 0.119426
3.16601 0.119494
3.16998 0.119434
3.17402 0.11944
3.17838 0.119766
3.18258 0.119929
3.18655 0.119866
3.187 0.120314
3.19046 0.119741
3.19619 0.121441
3.20061 0.119813
3.20458 0.119745
3.20845 0.119588
3.21403 0.121132
3.21567 0.115538
3.21759 0.11948
3.22153 0.119389
3.22166 0.119518
3.22557 0.119396
3.2257 0.119524
3.23003 0.119815
3.23375 0.119499
3.23766 0.11938
3.24227 0.119959
3.2424 0.120088
3.24785 0.121503
3.25204 0.119648
3.25596 0.119526
3.2599 0.119434
3.264 0.119502
3.2681 0.119574
3.27227 0.119704
3.27609 0.119488
3.2807 0.120068
3.28083 0.120196
3.28608 0.121418
3.29044 0.119724
3.29435 0.119599
3.29905 0.120268
3.30232 0.119504
3.30658 0.119728
3.3116 0.120719
3.31564 0.115509
3.31577 0.119671
3.31958 0.119451
3.32355 0.119392
3.32368 0.119521
3.3281 0.119909
3.33185 0.119624
3.33778 0.12152
3.34198 0.119666
3.34595 0.119607
3.34608 0.119735
3.34977 0.11939
3.354 0.119588
3.35413 0.119716
3.35795 0.1195
3.36186 0.119377
3.36199 0.119505
3.36596 0.119449
3.37 0.119455
3.37606 0.121477
3.38035 0.11972
3.38452 0.119852
3.38881 0.120109
3.39214 0.119411
3.39618 0.119414
3.4006 0.119803
3.40467 0.119836
3.40845 0.119582
3.41392 0.121024
3.41553 0.115399
3.41761 0.119497
3.42165 0.119503
3.42811 0.121935
3.43177 0.119539
3.4319 0.119668
3.43571 0.119448
3.44026 0.119964
3.44071 0.120412
3.44379 0.119457
3.44789 0.119526
3.45212 0.119727
3.45225 0.119855
3.45594 0.119507
3.45985 0.119388
3.46601 0.121511
3.46998 0.11943
3.47408 0.119498
3.47838 0.119761
3.48248 0.119827
3.48606 0.119383
3.49055 0.119834
3.49471 0.119966
3.49914 0.120354
3.50465 0.121832
3.50846 0.119596
3.5117 0.1188
3.51573 0.115603
3.51753 0.121434
3.52265 0.120507
3.52567 0.11949
3.53002 0.119812
3.53374 0.119496
3.53772 0.119443
3.54227 0.119957
3.5424 0.120085
3.54599 0.11964
3.54977 0.119389
3.5499 0.119517
3.55595 0.12154
3.55608 0.121668
3.55989 0.119431
3.56393 0.119437
3.56804 0.119505
3.56816 0.119633
3.57214 0.119573
3.57599 0.119388
3.58073 0.120096
3.58464 0.119971
3.58906 0.120357
3.59479 0.122058
3.59879 0.120009
3.60232 0.119501
3.60658 0.119726
3.61167 0.120787
3.61552 0.115386
3.61564 0.119548
3.61958 0.119456
3.62356 0.119397
3.6276 0.1194
3.63186 0.119629
3.63564 0.119378
3.64064 0.120345
3.64609 0.121761
3.64988 0.119496
3.65398 0.119565
3.65783 0.11938
3.66187 0.119386
3.66597 0.119458
3.67004 0.119495
3.67402 0.119439
3.67835 0.119733
3.68453 0.121882
3.68882 0.120122
3.69215 0.11942
3.69619 0.119423
3.70055 0.119746
3.70451 0.119682
3.70852 0.119653
3.71381 0.120908
3.71567 0.11554
3.71759 0.119479
3.72166 0.119516
3.72573 0.119549
3.72961 0.119393
3.73575 0.121509
3.7403 0.120004
3.74383 0.119497
3.74793 0.119566
3.7521 0.119701
3.75594 0.119512
3.75986 0.119393
3.76396 0.119465
3.76807 0.119537
3.77399 0.12143
3.77838 0.11977
3.78248 0.119836
3.78607 0.119392
3.79043 0.119715
3.79479 0.120038
3.79911 0.120325
3.80225 0.119432
3.80625 0.119404
3.81189 0.121009
3.81567 0.115539
3.8158 0.119701
3.81964 0.119516
3.82567 0.121507
3.82996 0.119751
3.83368 0.119435
3.83766 0.119381
3.84183 0.119513
3.84195 0.119641
3.84599 0.119648
3.84981 0.119431
3.84994 0.11956
3.85417 0.119757
3.85789 0.119443
3.86394 0.121461
3.86804 0.119512
3.87208 0.119515
3.87221 0.119643
3.87599 0.119396
3.88029 0.119656
3.88458 0.119916
3.88862 0.119919
3.89211 0.119381
3.89621 0.119447
3.89634 0.119575
3.90223 0.121431
3.90659 0.119736
3.90896 0.118073
3.91553 0.115397
3.91565 0.120738
3.91578 0.120866
3.91955 0.119425
3.92365 0.119491
3.92759 0.119396
3.93173 0.119497
3.9357 0.11944
3.9407 0.120408
3.94372 0.119386
3.94794 0.11958
3.94807 0.119708
3.95397 0.121575
3.9541 0.121703
3.95795 0.119501
3.96192 0.119441
3.9659 0.119384
3.96994 0.11939
3.97404 0.119462
3.97837 0.119756
3.9785 0.119885
3.98254 0.119888
3.98696 0.120274
3.99215 0.121433
3.99619 0.119419
4.00054 0.119742
4.00461 0.119777
4.00845 0.119584
4.01377 0.120871
4.01566 0.11553
4.01758 0.119472
4.02159 0.119447
4.02569 0.119512
4.02998 0.119772
4.03011 0.1199
4.0337 0.119456
4.03768 0.119398
4.03781 0.119527
4.04383 0.121515
4.04774 0.119376
4.05206 0.119665
4.056 0.119575
4.05995 0.119486
4.06408 0.119586
4.06793 0.1194
4.06806 0.119529
4.07201 0.119441
4.07611 0.119516
4.08233 0.121698
4.08611 0.119431
4.09015 0.119433
4.09422 0.119471
4.09873 0.119944
4.10222 0.119405
4.10629 0.119441
4.11161 0.120727
4.12363 0.119466
4.12805 0.119854
4.12818 0.119982
4.13388 0.121651
4.13766 0.119382
4.14189 0.119576
4.14602 0.119676
4.14984 0.119456
4.15419 0.119781
4.15791 0.119468
4.16189 0.119411
4.16593 0.119421
4.17231 0.121762
4.17596 0.119366
4.18039 0.119754
4.18458 0.119917
4.18887 0.120174
4.19214 0.11941
4.19624 0.119476
4.20063 0.11983
4.20454 0.119708
4.20893 0.12006
4.2138 0.118882
4.21553 0.115402
4.21748 0.119372
4.21761 0.1195
4.22358 0.12143
4.22806 0.11986
4.23174 0.119512
4.23565 0.11939
4.24027 0.119972
4.24373 0.119402
4.2479 0.119533
4.24803 0.119662
4.25213 0.119734
4.25594 0.119515
4.25607 0.119643
4.26191 0.121446
4.26588 0.119369
4.27001 0.119465
4.27395 0.119373
4.27408 0.119502
4.27838 0.119765
4.28261 0.119959
4.2869 0.120216
4.29049 0.119772
4.29497 0.120223
4.30064 0.121861
4.30455 0.119714
4.30846 0.119592
4.31375 0.120847
4.31547 0.115342
4.31753 0.119413
4.32153 0.119385
4.3257 0.11952
4.32999 0.11978
4.33371 0.119464
4.33769 0.119407
4.34204 0.119729
4.34611 0.119767
4.35214 0.121757
4.35595 0.119521
4.35992 0.11946
4.36396 0.119462
4.36813 0.119596
4.37217 0.119603
4.37608 0.119484
4.38073 0.120094
4.38476 0.120098
4.39047 0.121767
4.39437 0.119626
4.39904 0.12026
4.40231 0.119496
4.40625 0.119401
4.4067 0.119849
4.4116 0.120719
4.41541 0.115283
4.41567 0.119574
4.41958 0.119451
4.42355 0.119392
4.42766 0.119461
4.43176 0.119526
4.43567 0.119403
4.44204 0.121746
4.44611 0.119766
4.44977 0.11939
4.45413 0.119716
4.45791 0.119465
4.46189 0.119408
4.46599 0.11948
4.47003 0.119486
4.47404 0.119461
4.48039 0.121772
4.48455 0.119887
4.48884 0.120144
4.49218 0.119446
4.49621 0.119449
4.50063 0.119834
4.50467 0.119833
4.50851 0.119644
4.51383 0.120931
4.5155 0.115368
4.51761 0.119501
4.52152 0.119379
4.52575 0.119572
4.5319 0.121689
4.53575 0.119487
4.5403 0.120004
4.5437 0.119368
4.54383 0.119496
4.54796 0.119597
4.5521 0.1197
4.55222 0.119828
4.5561 0.119671
4.55989 0.119424
4.56406 0.119558
4.56998 0.121451
4.57396 0.119378
4.57835 0.119735
4.58258 0.119929
4.58649 0.119804
4.59043 0.11971
4.59087 0.120158
4.59478 0.120033
4.59911 0.120325
4.60225 0.119432
4.60846 0.121614
4.60859 0.121743
4.61183 0.11893
4.61548 0.115348
4.61573 0.119639
4.62291 0.122783
4.62304 0.122912
4.62567 0.119492
4.62999 0.11978
4.63371 0.119464
4.63775 0.119472
4.6423 0.119986
4.64611 0.119767
4.64986 0.119484
4.6541 0.119682
4.6599 0.12145
4.66393 0.119435
4.66806 0.11953
4.67219 0.11963
4.67601 0.119414
4.68069 0.120056
4.6846 0.119931
4.6885 0.119806
4.68863 0.119934
4.69213 0.119395
4.69914 0.122369
4.70228 0.11946
4.70625 0.1194
4.7067 0.119848
4.71166 0.12078
4.71554 0.115407
4.71566 0.119569
4.71579 0.119698
4.71954 0.119416
4.72358 0.119419
4.72762 0.119422
4.73175 0.119522
4.73566 0.1194
4.74066 0.120367
4.74374 0.119412
4.74986 0.1215
4.75409 0.119681
4.75785 0.119398
4.76195 0.119466
4.76599 0.119475
4.76993 0.119385
4.77404 0.119457
4.77843 0.119813
4.78259 0.119945
4.78874 0.122059
4.79217 0.119437
4.79621 0.119441
4.80056 0.119763
4.80459 0.119762
4.80837 0.119507
4.8085 0.119635
4.81382 0.120922
4.81555 0.115421
4.81754 0.119426
4.82279 0.120645
4.82577 0.119592
4.83 0.119786
4.83372 0.11947
4.84076 0.122481
4.84371 0.11938
4.84788 0.119512
4.85217 0.11977
4.85595 0.11952
4.85986 0.119401
4.86422 0.119726
4.86807 0.119541
4.87224 0.119676
4.87836 0.121764
4.88259 0.119942
4.88605 0.119369
4.8865 0.119817
4.89085 0.12014
4.89432 0.119567
4.8988 0.120017
4.90233 0.11951
4.90659 0.119739
4.91175 0.120866
4.91543 0.115302
4.91582 0.119721
4.91954 0.119407
4.92354 0.119379
4.92367 0.119507
4.9296 0.121401
4.93373 0.119481
4.93386 0.11961
4.93767 0.119393
4.942 0.119684
4.94587 0.119527
4.946 0.119655
4.94978 0.119404
4.95414 0.11973
4.95793 0.119482
4.96191 0.119426
4.96815 0.121639
4.96828 0.121767
4.97219 0.119624
4.97607 0.11947
4.98036 0.11973
4.98456 0.119893
4.98853 0.119831
4.99212 0.119389
4.99225 0.119518
4.99622 0.119455
5.00077 0.119969
5.00671 0.121872
5.00904 0.118161
5.01388 0.118965
5.01561 0.115485
5.01955 0.121439
5.02356 0.119394
5.02762 0.119428
5.03185 0.119625
5.0357 0.11944
5.0407 0.120408
5.04375 0.119421
5.04776 0.119392
5.04788 0.119521
5.05215 0.119752
5.05792 0.121486
5.06192 0.119439
5.06593 0.119414
5.07 0.119451
5.07407 0.119491
5.0784 0.119784
5.08244 0.11979
5.08612 0.119443
5.09013 0.119414
5.09625 0.121498
5.10038 0.119578
5.10428 0.119446
5.10829 0.119421
5.1138 0.120902
5.12159 0.119443
5.12556 0.119384
5.12998 0.119772
5.13373 0.119487
5.13771 0.11943
5.14207 0.119753
5.14787 0.121522
5.15213 0.119733
5.15591 0.119482
5.15992 0.119456
5.16386 0.119365
5.16803 0.119499
5.16816 0.119628
5.17229 0.119727
5.17598 0.119382
5.17611 0.119511
5.18075 0.120122
5.18646 0.121791
5.19046 0.119743
5.19469 0.119937
5.19907 0.120283
5.20221 0.11939
5.2063 0.119455
5.21165 0.120764
5.21543 0.115299
5.21568 0.119589
5.21953 0.1194
5.22363 0.119469
5.22805 0.119857
5.23177 0.119541
5.2319 0.119669
5.23763 0.121367
5.24192 0.119611
5.24593 0.119582
5.24984 0.119459
5.25407 0.119656
5.25785 0.119405
5.26189 0.119411
5.26202 0.119539
5.266 0.119483
5.26997 0.119423
5.27603 0.121444
5.28045 0.119816
5.28448 0.11982
5.28461 0.119948
5.2889 0.120205
5.29211 0.119378
5.29621 0.119445
5.3005 0.119705
5.30063 0.119833
5.30467 0.119836
5.30845 0.119581
5.31383 0.120926
5.31556 0.115429
5.31751 0.119399
5.32257 0.120426
5.32843 0.122247
5.33185 0.119625
5.33573 0.119468
5.34031 0.120019
5.34371 0.119383
5.34788 0.119514
5.35214 0.119746
5.35596 0.119527
5.35987 0.119408
5.36 0.119536
5.366 0.121499
5.36997 0.119419
5.37394 0.119362
5.37837 0.119754
5.3825 0.119851
5.38641 0.119726
5.39089 0.120177
5.39474 0.11999
5.39903 0.120246
5.40457 0.121751
5.40845 0.11958
5.41156 0.118656
5.41168 0.118785
5.4154 0.115274
5.41758 0.12149
5.42159 0.119445
5.42268 0.120532
5.42556 0.119385
5.42999 0.119774
5.4337 0.119458
5.43383 0.119586
5.43768 0.119401
5.44229 0.11998
5.44601 0.119664
5.44979 0.119412
5.45598 0.121563
5.45989 0.119423
5.46402 0.119519
5.46806 0.119525
5.46818 0.119653
5.47213 0.119562
5.47607 0.119474
5.48069 0.120054
5.48459 0.119929
5.48882 0.120123
5.49468 0.121952
5.49481 0.122081
5.49901 0.120223
5.50228 0.119459
5.50622 0.119368
5.50667 0.119815
5.51169 0.12081
5.51541 0.115277
5.51566 0.119568
5.51957 0.119445
5.52361 0.119449
5.52755 0.119354
5.528 0.119802
5.53178 0.119552
5.53191 0.11968
5.53569 0.119429
5.54069 0.120397
5.54611 0.121777
5.54976 0.119384
5.554 0.119582
5.55784 0.119392
5.56185 0.119367
5.56592 0.119408
5.56996 0.119414
5.57407 0.119486
5.57843 0.119811
5.58458 0.121929
5.58887 0.120169
5.59217 0.119436
5.5962 0.119439
5.60059 0.119793
5.60457 0.119733
5.60841 0.11954
5.60853 0.119669
5.61379 0.120889
5.61558 0.115454
5.6175 0.119393
5.62257 0.120421
5.62577 0.119589
5.62961 0.119402
5.63564 0.121393
5.64028 0.119986
5.64378 0.119447
5.64788 0.119516
5.65214 0.119748
5.65599 0.11956
5.65987 0.119406
5.66 0.119534
5.66407 0.119571
5.66805 0.119515
5.67395 0.121381
5.67837 0.119752
5.68259 0.119946
5.68657 0.119884
5.69047 0.119759
5.6947 0.119954
5.69483 0.120082
5.69916 0.120373
5.70217 0.119353
5.7023 0.119481
5.70621 0.119358
5.71194 0.121053
5.71546 0.115331
5.71572 0.119621
5.71956 0.119436
5.72559 0.121428
5.72572 0.121557
5.72956 0.119352
5.73363 0.119387
5.73376 0.119515
5.73764 0.119365
5.74194 0.119625
5.74604 0.119693
5.74986 0.119477
5.75422 0.119803
5.75791 0.119458
5.76412 0.121643
5.76813 0.119597
5.7721 0.119538
5.77602 0.119418
5.78031 0.119679
5.7846 0.119939
5.78851 0.119814
5.79214 0.119403
5.79624 0.11947
5.80228 0.121485
5.80623 0.119378
5.80667 0.119825
5.80895 0.118064
5.81558 0.115455
5.81571 0.120795
5.81956 0.119427
5.82362 0.119458
5.82763 0.11943
5.83189 0.119658
5.83567 0.119407
5.84067 0.120372
5.8408 0.1205
5.84375 0.119416
5.84797 0.11961
5.85406 0.121667
5.85791 0.119461
5.86195 0.119467
5.86592 0.119406
5.86996 0.119413
5.87397 0.119387
5.87846 0.119841
5.88262 0.119973
5.88691 0.12023
5.8921 0.121389
5.89223 0.121517
5.8962 0.119438
5.9005 0.119698
5.90063 0.119827
5.90446 0.119631
5.90459 0.119759
5.90846 0.119597
5.91404 0.121142
5.91555 0.115419
5.91747 0.119362
5.92279 0.120646
5.92564 0.119465
5.92577 0.119593
5.92962 0.119405
5.93372 0.119471
5.93769 0.119414
5.94375 0.121437
5.94788 0.11952
5.95218 0.119783
5.95596 0.119532
5.95988 0.119413
5.96398 0.119482
5.96411 0.11961
5.96815 0.119616
5.97222 0.119653
5.97235 0.119782
5.976 0.119406
5.98254 0.121904
5.98644 0.119763
5.99048 0.119762
5.99471 0.119957
5.99483 0.120085
5.99906 0.120275
6.0022 0.119383
6.0063 0.119453
6.01168 0.120802
6.01543 0.115304
6.01569 0.119595
6.01954 0.119409
6.02358 0.119416
6.02813 0.119933
6.03386 0.121632
6.03764 0.119363
6.04194 0.119624
6.04572 0.119373
6.04976 0.119377
6.05399 0.119575
6.05412 0.119703
6.05797 0.119518
6.06191 0.11943
6.06602 0.119502
6.07194 0.121395
6.07595 0.119352
6.08024 0.119607
6.08418 0.119512
6.08869 0.119994
6.09216 0.119424
6.09613 0.119363
6.10036 0.119557
6.10424 0.119403
6.10897 0.120104
6.11384 0.118927
6.12362 0.121475
6.12807 0.11987
6.13181 0.119584
6.13569 0.11943
6.14031 0.120013
6.14374 0.119409
6.148 0.119633
6.15213 0.119736
6.15585 0.11942
6.15598 0.119548
6.16191 0.121445
6.16588 0.119368
6.17001 0.119467
6.17396 0.119376
6.178 0.119382
6.17844 0.119829
6.18251 0.119864
6.18693 0.12025
6.19039 0.119677
6.19501 0.120256
6.20052 0.121735
6.20458 0.119748
6.20846 0.11959
6.21384 0.120943
6.2155 0.115376
6.21756 0.119447
6.22156 0.119419
6.22557 0.11939
6.2257 0.119518
6.22961 0.119393
6.23377 0.119525
6.23772 0.119437
6.24194 0.119631
6.24207 0.11976
6.24605 0.1197
6.25217 0.121787
6.25598 0.119551
6.25983 0.119366
6.26403 0.119528
6.2681 0.119565
6.2722 0.119633
6.27602 0.119417
6.28076 0.120125
6.28454 0.119872
6.28467 0.12
6.2905 0.121798
6.29472 0.119976
6.29904 0.120259
6.30218 0.119367
6.30625 0.1194
6.3116 0.120714
6.31544 0.115309
6.31569 0.1196
6.31957 0.119446
6.32361 0.119449
6.32803 0.119838
6.33178 0.119552
6.33566 0.119394
6.34213 0.121834
6.34604 0.119695
6.34983 0.119448
6.35406 0.119645
6.35791 0.11946
6.36192 0.119434
6.36602 0.119506
6.36999 0.119447
6.37397 0.11939
6.38057 0.121954
6.3807 0.122083
6.38448 0.119813
6.38877 0.12007
6.3921 0.119372
6.3962 0.119438
6.40053 0.119729
6.40456 0.119731
6.40469 0.11986
6.40854 0.119671
6.41405 0.121149
6.41552 0.115395
6.41754 0.119431
6.42216 0.120011
6.42555 0.119371
6.42568 0.119499
6.43183 0.121616
6.43567 0.119411
6.44029 0.119989
6.44375 0.119419
6.44788 0.11952
6.45211 0.119716
6.45599 0.119559
6.4599 0.11944
6.46407 0.119575
6.46997 0.121437
6.47394 0.119363
6.47802 0.1194
6.48256 0.119914
6.48647 0.119789
6.49038 0.119664
6.49474 0.119987
6.49915 0.120372
6.50217 0.119351
6.50854 0.121692
6.51175 0.118849
6.51188 0.118977
6.51546 0.115333
6.51572 0.119623
6.52258 0.122448
6.52572 0.119542
6.52957 0.119354
6.53373 0.119486
6.53771 0.119433
6.54194 0.119627
6.54207 0.119756
6.54604 0.119696
6.54976 0.119382
6.54989 0.119511
6.55412 0.119708
6.55989 0.121445
6.56412 0.119621
6.56809 0.119557
6.57222 0.119657
6.57597 0.119374
6.58059 0.119954
6.58449 0.119829
6.58872 0.120023
6.58885 0.120152
6.59209 0.119356
6.59903 0.122264
6.60217 0.119355
6.60624 0.119388
6.61168 0.1208
6.61556 0.115427
6.61568 0.119589
6.61959 0.119462
6.62363 0.119465
6.62763 0.119437
6.6318 0.119568
6.63571 0.119446
6.64058 0.120285
6.64071 0.120414
6.64376 0.119427
6.64978 0.121414
6.65401 0.119595
6.65785 0.119405
6.66183 0.119345
6.66593 0.119417
6.67 0.119454
6.67407 0.119491
6.67801 0.1194
6.6825 0.119851
6.68865 0.121966
6.68878 0.122094
6.69217 0.119441
6.69614 0.119379
6.70057 0.119768
6.7045 0.119669
6.70841 0.119542
6.71405 0.121148
6.71552 0.115395
6.71758 0.119466
6.72155 0.119406
6.72568 0.119502
6.72959 0.119377
6.73375 0.119509
6.74074 0.122457
6.74378 0.119454
6.74775 0.119391
6.75208 0.119684
6.75599 0.119562
6.75991 0.119443
6.76414 0.11964
6.76805 0.119518
6.77225 0.119683
6.77801 0.121417
6.78256 0.119914
6.78647 0.119789
6.79038 0.119664
6.79474 0.119987
6.79903 0.120243
6.80217 0.119351
6.80656 0.119707
6.81178 0.120896
6.81546 0.115332
6.81572 0.119623
6.81585 0.119751
6.81957 0.119438
6.8236 0.119441
6.82957 0.121371
6.83373 0.119486
6.83774 0.119463
6.84197 0.119658
6.84591 0.119567
6.84979 0.119413
6.85415 0.119739
6.85781 0.119359
6.85793 0.119487
6.86191 0.119431
6.86816 0.121643
6.87219 0.119629
6.87604 0.11944
6.88068 0.12005
6.88446 0.119797
6.88459 0.119926
6.88888 0.120183
6.89209 0.119356
6.89619 0.119422
6.89632 0.119551
6.90054 0.119745
6.90625 0.121421
6.90895 0.118063
6.91417 0.119253
6.91552 0.115388
6.91955 0.12144
6.92353 0.119364
6.92762 0.119429
6.93192 0.119689
6.93573 0.119469
6.94028 0.119989
6.94073 0.120436
6.94375 0.119419
6.94798 0.119612
6.95214 0.119746
6.95781 0.121383
6.96191 0.119434
6.96592 0.119409
6.9699 0.119349
6.97394 0.119355
6.97804 0.119427
6.98253 0.119878
6.98695 0.120264
6.99041 0.119691
6.99621 0.121457
7.0005 0.1197
7.00479 0.119958
7.00845 0.119579
7.01383 0.120932
7.01546 0.115334
7.01748 0.11937
7.02155 0.119407
7.02555 0.119374
7.02959 0.119377
7.03375 0.119509
7.03773 0.119452
7.04209 0.119774
7.0478 0.121449
7.05215 0.119757
7.05581 0.119379
7.05594 0.119507
7.05988 0.119418
7.06395 0.119456
7.06806 0.119528
7.06819 0.119656
7.07197 0.119405
7.07598 0.119383
7.07611 0.119511
7.08034 0.119704
7.08046 0.119833
7.08613 0.12147
7.09017 0.119456
7.09418 0.119427
7.09907 0.120286
7.10224 0.119427
7.1066 0.119748
7.11166 0.120777
7.12361 0.119445
7.12803 0.119834
7.13181 0.119579
7.13764 0.121379
7.14232 0.120004
7.14597 0.119626
7.14982 0.11944
7.15405 0.119638
7.15786 0.119417
7.16194 0.119454
7.16591 0.119394
7.16988 0.119334
7.176 0.121422
7.18043 0.119794
7.18446 0.119797
7.18875 0.120054
7.18888 0.120183
7.19209 0.119356
7.19619 0.119422
7.20054 0.119745
7.20461 0.119779
7.20474 0.119907
7.2083 0.11943
7.21383 0.120935
7.21544 0.11531
7.21755 0.119439
7.22216 0.120019
7.22812 0.121936
7.2319 0.119669
7.23561 0.119352
7.24036 0.120063
7.24366 0.11933
7.24789 0.119528
7.25216 0.119759
7.256 0.119571
7.25982 0.119355
7.25995 0.119483
7.2659 0.121407
7.26987 0.119327
7.27398 0.119399
7.27802 0.119404
7.28244 0.11979
7.28603 0.119346
7.29038 0.119668
7.295 0.120248
7.29897 0.120185
7.30479 0.121979
7.30845 0.119583
7.31166 0.118756
7.31547 0.115338
7.31752 0.121425
7.32261 0.120467
7.32559 0.119414
7.32957 0.119355
7.33364 0.11939
7.33761 0.119332
7.34197 0.119655
7.34604 0.119692
7.34617 0.119821
7.34982 0.119441
7.35601 0.121592
7.35991 0.119448
7.36405 0.119548
7.36808 0.11955
7.37215 0.119587
7.376 0.119398
7.38074 0.120106
7.38452 0.119853
7.38878 0.120078
7.39474 0.122005
7.39893 0.120143
7.40219 0.119379
7.40623 0.119381
7.41171 0.120823
7.41545 0.115321
7.41558 0.119483
7.41946 0.119329
7.42349 0.119333
7.42759 0.119398
7.43182 0.119595
7.4357 0.119442
7.44061 0.120312
7.44074 0.12044
7.44615 0.121821
7.44971 0.119331
7.45407 0.119656
7.45785 0.119405
7.46183 0.119349
7.46593 0.119417
7.47 0.119454
7.47397 0.119394
7.47798 0.119368
7.47811 0.119497
7.48445 0.121805
7.48874 0.120046
7.48887 0.120174
7.49208 0.119344
7.49618 0.11941
7.50047 0.11967
7.50447 0.119641
7.50831 0.119448
7.50844 0.119577
7.51383 0.120926
7.51539 0.115265
7.51754 0.11943
7.52215 0.120009
7.52568 0.119498
7.52965 0.119438
7.53568 0.12143
7.54028 0.119988
7.54368 0.119352
7.54778 0.119421
7.55173 0.119333
7.55602 0.119592
7.5598 0.119341
7.56403 0.119534
7.56807 0.11954
7.57397 0.121402
7.57801 0.119391
7.58242 0.119777
7.58255 0.119905
7.58601 0.119332
7.59037 0.119655
7.59431 0.119561
7.59905 0.120265
7.59918 0.120394
7.60219 0.119373
7.60658 0.119729
7.61183 0.120949
7.61548 0.115355
7.61574 0.119645
7.61956 0.119429
7.62558 0.119404
7.62956 0.119345
7.63366 0.119411
7.6376 0.119322
7.64196 0.119645
7.64593 0.119585
7.64978 0.1194
7.65401 0.119597
7.65414 0.119726
7.65783 0.119381
7.66414 0.12166
7.66805 0.119516
7.67211 0.11955
7.67224 0.119678
7.67599 0.119396
7.68042 0.119784
7.68448 0.119819
7.68461 0.119947
7.68871 0.120013
7.69218 0.119443
7.69615 0.119381
7.7022 0.121397
7.70624 0.119386
7.70899 0.118104
7.71543 0.115301
7.71569 0.120769
7.71946 0.119336
7.7235 0.119335
7.72763 0.119435
7.73192 0.119695
7.73571 0.119444
7.74029 0.119995
7.74378 0.119452
7.74801 0.119646
7.7541 0.121703
7.75785 0.119399
7.76182 0.119343
7.76593 0.119415
7.76997 0.119421
7.77398 0.119396
7.77802 0.119402
7.78253 0.119884
7.78695 0.12027
7.79218 0.12146
7.79615 0.119381
7.80044 0.119641
7.80447 0.11964
7.80834 0.119478
7.81405 0.12115
7.81546 0.115331
7.81745 0.119335
7.82155 0.119404
7.82555 0.119372
7.82965 0.119441
7.83375 0.119506
7.83773 0.119449
7.84375 0.119424
7.84776 0.119396
7.84789 0.119524
7.85174 0.119339
7.85584 0.119408
7.85597 0.119537
7.85991 0.119449
7.86401 0.119517
7.86805 0.119523
7.87222 0.119654
7.87604 0.119437
7.88251 0.121874
7.88263 0.122002
7.88641 0.119732
7.89035 0.119638
7.89426 0.119513
7.89896 0.120178
7.89909 0.120307
7.90223 0.119414
7.90623 0.119385
7.91168 0.1208
7.91549 0.115365
7.91575 0.119656
7.91956 0.119435
7.9236 0.119439
7.92959 0.121399
7.93385 0.119608
7.93763 0.119356
7.94218 0.11987
7.94593 0.119584
7.94975 0.119368
7.95401 0.119596
7.95786 0.119411
7.96187 0.119386
7.96584 0.119329
7.97221 0.121667
7.976 0.119399
7.98042 0.119787
7.98446 0.119791
7.98875 0.120048
7.99217 0.119443
7.99615 0.119381
8.00069 0.119894
8.00451 0.119677
8.00887 0.120002
8.01342 0.118505
8.01387 0.118953
8.01547 0.115344
8.01948 0.121365
8.02358 0.119418
8.02809 0.119891
8.03171 0.119478
8.03568 0.119417
8.0403 0.119999
8.04379 0.11946
8.04776 0.1194
8.04789 0.119529
8.05212 0.119725
8.0559 0.119475
8.06193 0.119447
8.0659 0.119387
8.06987 0.119327
8.07395 0.119367
8.07796 0.11934
8.08199 0.119343
8.08612 0.119443
8.09006 0.119349
8.09407 0.11932
8.10022 0.121436
8.10415 0.119319
8.10828 0.119417
8.11383 0.12093
8.12283 0.120683
8.12559 0.119408
8.12962 0.119412
8.13366 0.119415
8.13761 0.119327
8.14228 0.119969
8.14796 0.12161
8.15173 0.119334
8.1559 0.119465
8.15602 0.119593
8.15981 0.119346
8.16401 0.119512
8.16799 0.119455
8.16811 0.119584
8.17212 0.119555
8.17225 0.119683
8.17603 0.119436
8.18078 0.120144
8.18456 0.119891
8.19039 0.121689
8.1943 0.119547
8.19474 0.119995
8.19896 0.120181
8.20223 0.119417
8.20659 0.119738
8.21158 0.120701
8.21171 0.12083
8.21546 0.115333
8.21572 0.119623
8.21947 0.119341
8.22351 0.119344
8.22764 0.119444
8.23184 0.119607
8.2376 0.12134
8.24196 0.119646
8.24596 0.119617
8.24975 0.119366
8.25411 0.119692
8.25786 0.119409
8.26183 0.119349
8.26593 0.119417
8.2699 0.119357
8.27401 0.119425
8.28045 0.119816
8.28448 0.11982
8.28878 0.120077
8.29211 0.119379
8.29621 0.119445
8.30057 0.119767
8.30463 0.119801
8.30832 0.119452
8.3138 0.120899
8.31543 0.115305
8.31755 0.119434
8.32216 0.120013
8.32814 0.121962
8.33192 0.119695
8.33561 0.119347
8.34035 0.120058
8.34375 0.119422
8.34789 0.119523
8.35212 0.119723
8.3559 0.119473
8.35603 0.119601
8.35985 0.119385
8.36587 0.121375
8.36987 0.119326
8.37397 0.119386
8.37801 0.119391
8.38243 0.119777
8.38601 0.119333
8.39037 0.119655
8.39486 0.120107
8.39873 0.11995
8.40213 0.119315
8.40847 0.121621
8.41168 0.118778
8.41549 0.115359
8.41754 0.121447
8.42263 0.120489
8.42565 0.119471
8.42953 0.119314
8.43369 0.119446
8.43761 0.119327
8.44228 0.119969
8.44606 0.119715
8.44971 0.119335
8.45602 0.12161
8.4598 0.119334
8.46402 0.119527
8.46809 0.119564
8.47226 0.119699
8.47595 0.11935
8.48069 0.120058
8.48447 0.119804
8.48876 0.120062
8.4921 0.119363
8.49907 0.120286
8.50221 0.119393
8.50624 0.119395
8.51159 0.120709
8.51172 0.120838
8.51547 0.115341
8.5156 0.119503
8.51948 0.119348
8.52351 0.119352
8.52764 0.119448
8.53181 0.119579
8.53559 0.119328
8.54069 0.12039
8.54617 0.121836
8.5497 0.119315
8.55409 0.119672
8.55784 0.11939
8.56181 0.119333
8.56592 0.119405
8.56989 0.119345
8.574 0.119417
8.57801 0.119392
8.58435 0.121701
8.58864 0.119941
8.59207 0.119336
8.59617 0.119402
8.60046 0.119662
8.6045 0.119665
8.60834 0.119472
8.61382 0.120918
8.61542 0.115289
8.61744 0.119325
8.62218 0.120033
8.62557 0.119393
8.62955 0.119334
8.6356 0.121356
8.64031 0.120011
8.64367 0.119344
8.64778 0.119413
8.65175 0.119356
8.65589 0.119457
8.65983 0.119365
8.66403 0.11953
8.66797 0.119439
8.67396 0.121394
8.678 0.119383
8.68242 0.119769
8.68255 0.119897
8.68601 0.119325
8.69036 0.119647
8.69433 0.119585
8.69907 0.120289
8.70221 0.119396
8.70619 0.119336
8.7117 0.120813
8.71551 0.115379
8.71576 0.119669
8.71945 0.119324
8.72561 0.121445
8.72958 0.119369
8.73375 0.1195
8.73766 0.119381
8.74221 0.119895
8.74596 0.119609
8.7498 0.119424
8.75404 0.119621
8.75782 0.119374
8.76416 0.12168
8.76816 0.119634
8.7722 0.119636
8.77599 0.119389
8.78047 0.11984
8.7806 0.119968
8.78451 0.119843
8.78874 0.120038
8.79207 0.119336
8.79617 0.119402
8.80052 0.119725
8.80658 0.119734
8.80886 0.117973
8.81546 0.115332
8.81572 0.120801
8.81956 0.119433
8.82347 0.119308
8.82764 0.11944
8.83183 0.119602
8.83561 0.119351
8.84068 0.120382
8.84376 0.119426
8.84789 0.119527
8.85405 0.12165
8.85786 0.119409
8.8618 0.119317
8.8659 0.119389
8.86988 0.11933
8.87401 0.119433
8.87799 0.119376
8.88241 0.119762
8.88254 0.11989
8.88651 0.119828
8.89205 0.121338
8.89615 0.119387
8.90045 0.119647
8.90448 0.119646
8.90835 0.119484
8.91409 0.121188
8.91534 0.115208
8.91745 0.119341
8.92156 0.11941
8.92556 0.119378
8.92956 0.11935
8.93366 0.119415
8.93761 0.119327
8.94369 0.121381
8.94789 0.119527
8.95174 0.119342
8.95584 0.119411
8.95982 0.119354
8.96405 0.119551
8.96808 0.119553
8.97225 0.119683
8.97603 0.119436
8.9825 0.121872
8.98263 0.122001
8.98641 0.119731
8.99038 0.119668
8.99429 0.119543
8.99886 0.12008
8.99899 0.120208
9.00213 0.119316
9.00659 0.11974
9.01159 0.120704
9.01172 0.120832
9.01553 0.115397
9.01565 0.119559
9.01578 0.119687
9.01947 0.119338
9.02357 0.119407
9.02812 0.119924
9.03389 0.121659
9.0377 0.119421
9.04199 0.119678
9.04574 0.119396
9.04978 0.119401
9.05414 0.119727
9.05776 0.119316
9.0619 0.119419
9.06594 0.119425
9.07195 0.121407
9.07599 0.119391
9.08031 0.119682
9.08416 0.119494
9.08429 0.119622
9.08864 0.119945
9.09217 0.11944
9.09618 0.119415
9.10035 0.119547
9.10419 0.119357
9.10829 0.119425
9.11409 0.11917
9.12351 0.121363
9.12763 0.119439
9.12808 0.119887
9.13174 0.119508
9.13187 0.119636
9.13568 0.119416
9.13959 0.119297
9.14363 0.119301
9.1478 0.119432
9.15171 0.119313
9.15581 0.119382
9.15594 0.11951
9.16193 0.121469
9.16591 0.119392
9.16984 0.119297
9.17388 0.119303
9.17799 0.119375
9.18254 0.119889
9.18651 0.119827
9.18696 0.120275
9.19042 0.119702
9.1949 0.120153
9.20048 0.121694
9.20483 0.119995
9.20835 0.119487
9.21339 0.120485
9.21543 0.1153
9.21748 0.119371
9.22216 0.120017
9.22559 0.119412
9.22963 0.119415
9.23366 0.119418
9.23764 0.119361
9.242 0.119684
9.2461 0.119752
9.2517 0.121322
9.256 0.119565
9.25981 0.119349
9.26401 0.119514
9.26799 0.119458
9.26812 0.119586
9.27216 0.119593
9.27229 0.119721
9.27594 0.119341
9.28074 0.120112
9.28465 0.119987
9.29035 0.121656
9.29439 0.119643
9.29887 0.120086
9.299 0.120215
9.30214 0.119322
9.30617 0.119324
9.31159 0.120704
9.31172 0.120832
9.31546 0.115336
9.31572 0.119626
9.3195 0.119374
9.32354 0.119378
9.32767 0.119478
9.33183 0.119605
9.33562 0.119354
9.34235 0.122051
9.34248 0.122179
9.346 0.119655
9.34975 0.119372
9.35411 0.119698
9.3578 0.119353
9.36187 0.11939
9.36581 0.119299
9.36992 0.119367
9.37389 0.119307
9.38065 0.122035
9.38443 0.119765
9.38856 0.119862
9.39215 0.11942
9.39612 0.119358
9.40045 0.119649
9.40452 0.119687
9.40833 0.119467
9.40846 0.119595
9.41381 0.120913
9.41532 0.115191
9.41743 0.11932
9.42217 0.120028
9.42557 0.119388
9.43194 0.121731
9.43563 0.119366
9.43961 0.119309
9.44364 0.119313
9.44778 0.119413
9.45214 0.119742
9.45592 0.119491
9.45605 0.11962
9.45983 0.119368
9.46393 0.119437
9.46986 0.121326
9.47396 0.119377
9.478 0.119383
9.48242 0.119769
9.48633 0.119644
9.49036 0.119647
9.49472 0.11997
9.49917 0.12039
9.50218 0.119369
9.50836 0.121515
9.51176 0.118862
9.51554 0.115409
9.51579 0.119699
9.52265 0.12252
9.52566 0.119486
9.52579 0.119614
9.52957 0.11936
9.53387 0.11962
9.53765 0.119372
9.54201 0.119695
9.54608 0.119733
9.5498 0.119415
9.55403 0.119612
9.55976 0.121314
9.56402 0.119518
9.56802 0.119493
9.57225 0.119689
9.57597 0.119376
9.58059 0.119955
9.5845 0.11983
9.58879 0.120088
9.59212 0.119389
9.59897 0.1222
9.60224 0.119419
9.60656 0.11971
9.61172 0.120832
9.61546 0.115336
9.61572 0.119626
9.6195 0.119374
9.62354 0.119378
9.62764 0.119447
9.63184 0.119609
9.63562 0.119358
9.64033 0.120038
9.64373 0.119398
9.64975 0.121389
9.65414 0.119729
9.65783 0.119384
9.66181 0.119328
9.66582 0.119302
9.66992 0.119371
9.6739 0.119314
9.67803 0.119418
9.68252 0.119869
9.68867 0.121983
9.69206 0.11933
9.69616 0.119397
9.70046 0.119657
9.70452 0.119686
9.70836 0.119494
9.7141 0.121197
9.71532 0.115187
9.71746 0.119351
9.72157 0.11942
9.72557 0.119387
9.72957 0.119359
9.73367 0.119425
9.74081 0.122533
9.74363 0.119304
9.7478 0.119435
9.75171 0.119316
9.75594 0.119514
9.75989 0.119422
9.76405 0.119552
9.76796 0.11943
9.76809 0.119558
9.77216 0.119596
9.77229 0.119724
9.77799 0.121395
9.78254 0.119892
9.786 0.119319
9.79036 0.119642
9.79427 0.119517
9.7991 0.120319
9.80211 0.119298
9.80615 0.119304
9.81179 0.120906
9.81553 0.115405
9.81579 0.119695
9.81944 0.119315
9.82348 0.119319
9.82963 0.121439
9.83389 0.119647
9.83765 0.119368
9.842 0.119691
9.84607 0.119728
9.8497 0.119317
9.85406 0.119643
9.85775 0.119298
9.86185 0.11937
9.86816 0.121645
9.87232 0.119759
9.87598 0.119383
9.8804 0.119772
9.88444 0.119775
9.88854 0.119841
9.88867 0.11997
9.89207 0.119334
9.89617 0.1194
9.89629 0.119528
9.90058 0.119785
9.90616 0.121328
9.90885 0.117967
9.9134 0.118487
9.91385 0.118935
9.91545 0.115326
9.91949 0.121378
9.92353 0.119364
9.92763 0.119433
9.93186 0.119627
9.93564 0.119376
9.94035 0.120055
9.94368 0.119353
9.94791 0.119547
9.9517 0.119299
9.95784 0.121411
9.96191 0.119431
9.96589 0.119374
9.96993 0.119381
9.97391 0.119324
9.97791 0.119299
9.98243 0.119781
9.98256 0.11991
9.98653 0.119848
9.98698 0.120295
9.99031 0.119594
9.99614 0.121388

