% time_sec delay_sec
1.17536 0.0752981
1.17536 0.0752981
1.27536 0.0752933
1.37541 0.0753423
1.47333 0.377276
1.47539 0.0753279
1.57539 0.0753271
1.67532 0.0752516
1.77533 0.0752689
1.77599 0.377264
1.87533 0.0752631
1.97468 0.273948
1.97675 0.0766701
1.97888 0.0808076
1.98274 0.0806424
2.07474 0.168608
2.08276 0.0806617
2.08689 0.0807579
2.09083 0.080663
2.09486 0.0806569
2.09889 0.0806592
2.10293 0.0806606
2.10696 0.0806579
2.11309 0.0807329
2.11716 0.0807693
2.12139 0.0809662
2.12542 0.0809686
2.1292 0.0807147
2.13343 0.0809087
2.13725 0.0806918
2.14134 0.0807534
2.14576 0.081142
2.15143 0.0827778
2.15534 0.080639
2.15945 0.0807071
2.16349 0.0807129
2.16785 0.0810417
2.16798 0.0811701
2.17268 0.0818455
2.17679 0.0767016
2.17691 0.0808636
2.18085 0.0807697
2.18476 0.0806447
2.18892 0.080773
2.19321 0.0810293
2.19955 0.0833328
2.20295 0.0806804
2.20702 0.0807139
2.21134 0.0810042
2.21506 0.080687
2.2191 0.0806928
2.2232 0.0807619
2.22746 0.0809905
2.23147 0.0809623
2.23518 0.0806412
2.2413 0.0827254
2.24142 0.0828538
2.2454 0.0807772
2.24585 0.0812251
2.24931 0.0806507
2.25335 0.080657
2.25738 0.0806628
2.26152 0.080766
2.26544 0.0806468
2.26948 0.0806532
2.27473 0.0818733
2.27685 0.0767616
2.2789 0.0808296
2.27903 0.080958
2.28274 0.0806419
2.28941 0.08327
2.28953 0.0833984
2.29351 0.0813223
2.29691 0.0806867
2.29703 0.0808151
2.30101 0.0807528
2.30113 0.0808812
2.30505 0.0807592
2.30517 0.0808876
2.30901 0.0806948
2.31305 0.0807012
2.31706 0.0806719
2.32129 0.0808689
2.32541 0.0809606
2.33163 0.0811269
2.33522 0.0806854
2.33933 0.0807569
2.34333 0.0807287
2.34728 0.0806377
2.35138 0.0807097
2.35577 0.0810667
2.35943 0.0806908
2.36353 0.0807588
2.36961 0.0828075
2.37278 0.0799249
2.37676 0.0766734
2.37919 0.0831434
2.38403 0.0819286
2.38736 0.0812273
2.39127 0.0811023
2.39512 0.0809146
2.39896 0.0807269
2.40296 0.0806942
2.40703 0.0807317
2.41142 0.0810841
2.41706 0.0826894
2.42209 0.0816681
2.42542 0.0809697
2.42914 0.0806536
2.4335 0.080976
2.43725 0.0806969
2.44142 0.0808287
2.44539 0.0807689
2.44936 0.0807085
2.4534 0.0807109
2.45939 0.0826702
2.46356 0.0807837
2.46798 0.0811707
2.47279 0.0819474
2.47692 0.0768386
2.47705 0.0810005
2.48109 0.0810039
2.48532 0.0811985
2.48545 0.0813269
2.4891 0.0809451
2.48923 0.0810735
2.49339 0.0812053
2.49691 0.0806901
2.50101 0.0807563
2.50716 0.0828756
2.51145 0.081114
2.51504 0.0806685
2.51904 0.0806392
2.52315 0.0807083
2.52738 0.0809058
2.53147 0.0809709
2.5316 0.0810992
2.53523 0.0806888
2.53933 0.0807568
2.5433 0.0806975
2.5493 0.0806406
2.55334 0.0806469
2.55737 0.0806528
2.56148 0.0807248
2.56546 0.0806684
2.56953 0.0807058
2.57472 0.0818677
2.5769 0.0768182
2.57895 0.0808863
2.5828 0.0806986
2.58709 0.0809558
2.591 0.0808308
2.59702 0.0828223
2.60096 0.0807116
2.60109 0.08084
2.60512 0.0808384
2.60525 0.0809668
2.609 0.0806848
2.61311 0.0807533
2.61708 0.080693
2.62157 0.0811472
2.62547 0.0810212
2.62913 0.0806389
2.63528 0.0827548
2.63935 0.080775
2.64325 0.08065
2.64729 0.0806563
2.6514 0.0807283
2.65534 0.0806374
2.65945 0.0807094
2.66343 0.080653
2.66355 0.0807814
2.66769 0.0808805
2.66781 0.0810089
2.67268 0.0818438
2.67678 0.0767
2.67691 0.0808619
2.68095 0.0808653
2.68736 0.0832395
2.68844 0.0843264
2.69139 0.0812262
2.6953 0.0811012
2.69963 0.0813925
2.70303 0.0807569
2.70706 0.0807598
2.71129 0.0809567
2.71507 0.0807018
2.71917 0.0807703
2.72542 0.0829806
2.72913 0.0806477
2.73359 0.0810674
2.73721 0.0806599
2.74138 0.0807917
2.74538 0.0807635
2.74583 0.0812114
2.74936 0.0807071
2.7534 0.0807134
2.75744 0.0807193
2.76151 0.0807522
2.76791 0.0811071
2.77016 0.0793189
2.77695 0.0768683
2.77708 0.0822086
2.78118 0.0810958
2.78528 0.0811619
2.789 0.0808458
2.79345 0.0812655
2.79691 0.0806882
2.80101 0.0807543
2.80495 0.0806634
2.80908 0.0807625
2.81504 0.0826873
2.81908 0.0806723
2.82318 0.0807414
2.82731 0.0808416
2.82744 0.08097
2.83154 0.0810391
2.83167 0.0811674
2.83526 0.0807259
2.83924 0.080669
2.84331 0.080703
2.84734 0.0807054
2.85343 0.0827625
2.85744 0.0807165
2.86154 0.0807885
2.86546 0.0806694
2.86953 0.0807068
2.87485 0.0819971
2.87694 0.0768503
2.87911 0.0810467
2.88283 0.0807306
2.88699 0.0808595
2.88712 0.0809879
2.89103 0.0808629
2.89513 0.0809285
2.89904 0.0808035
2.90509 0.0828182
2.90899 0.0806749
2.91303 0.0806772
2.91703 0.080648
2.92127 0.0808454
2.92546 0.0810073
2.92918 0.0806912
2.93347 0.0809514
2.93732 0.0807616
2.94333 0.0827462
2.94728 0.0806385
2.95138 0.0807065
2.95535 0.0806467
2.95946 0.0807187
2.96359 0.0808218
2.96783 0.0810222
2.96796 0.0811506
2.9727 0.0818611
2.9768 0.0767132
2.97693 0.0808752
2.98096 0.0808786
2.98551 0.0813926
2.98929 0.0811392
2.99525 0.0830656
2.99928 0.0810477
3.00294 0.0806689
3.00695 0.0806462
3.00708 0.0807746
3.01134 0.0810026
3.01506 0.0806855
3.01909 0.0806913
3.02317 0.0807288
3.02813 0.0816586
3.03364 0.0831365
3.03723 0.0806771
3.0413 0.0807111
3.04547 0.0808458
3.04932 0.080664
3.05342 0.0807325
3.0574 0.0806762
3.0616 0.0808449
3.06548 0.0806908
3.06958 0.0807588
3.07471 0.0798322
3.0848 0.0826945
3.08893 0.0807779
3.09332 0.0811343
3.09691 0.0806917
3.10095 0.0806946
3.10499 0.0807034
3.10902 0.0807047
3.11303 0.080676
3.11716 0.0807711
3.12318 0.0827631
3.12738 0.0809087
3.13161 0.0811062
3.1352 0.0806646
3.13931 0.0807361
3.14331 0.0807079
3.14735 0.0807143
3.15133 0.0806579
3.15575 0.0810459
3.16152 0.082783
3.16165 0.0829114
3.16549 0.0807059
3.1696 0.0807745
3.17498 0.0821269
3.17675 0.0766612
3.17909 0.0810171
3.18328 0.08118
3.18725 0.0811178
3.18738 0.0812462
3.19103 0.0808644
3.19484 0.0806416
3.19895 0.0807107
3.20291 0.0806429
3.20698 0.0806764
3.21301 0.0826713
3.21708 0.080692
3.22141 0.0809862
3.22545 0.0809925
3.22916 0.0806764
3.23349 0.0809677
3.23727 0.0807197
3.24125 0.0806604
3.24138 0.0807888
3.24541 0.0807917
3.25134 0.0826848
3.25538 0.0806744
3.25938 0.0806452
3.25951 0.0807735
3.26349 0.0807132
3.26785 0.081042
3.26798 0.0811704
3.27278 0.0819431
3.27679 0.0767059
3.27692 0.0808678
3.28096 0.0808712
3.28486 0.0807463
3.28909 0.0809408
3.29326 0.0810726
3.29339 0.081201
3.29687 0.0806547
3.30296 0.0827094
3.30709 0.0807888
3.31135 0.0810089
3.31506 0.0806918
3.31907 0.0806631
3.32317 0.0807321
3.3274 0.0809296
3.33147 0.0809636
3.33518 0.0806465
3.3414 0.082832
3.34582 0.0812033
3.34938 0.0807301
3.35342 0.0807364
3.3574 0.0806801
3.3616 0.0808454
3.36545 0.0806606
3.36949 0.080667
3.36962 0.0807954
3.37477 0.0819182
3.37689 0.0768064
3.37894 0.0808745
3.38279 0.0806868
3.38708 0.0809441
3.38721 0.0810725
3.39342 0.0832556
3.39695 0.0807316
3.40099 0.080735
3.40505 0.0807685
3.40902 0.0807041
3.41309 0.0807376
3.41709 0.0807084
3.42126 0.0808431
3.42542 0.0809699
3.43164 0.083153
3.43523 0.0806947
3.43936 0.0807938
3.44327 0.0806688
3.44731 0.0806752
3.45142 0.0807472
3.45536 0.0806562
3.45947 0.0807282
3.46354 0.0807652
3.46959 0.0827867
3.47267 0.0798108
3.47677 0.0766877
3.4769 0.0808496
3.48395 0.0838629
3.48722 0.0810821
3.49125 0.0810855
3.4951 0.0808978
3.49927 0.0810296
3.49939 0.081158
3.50298 0.080713
3.50705 0.0807504
3.51131 0.0809785
3.51503 0.0806574
3.52144 0.083034
3.52541 0.0809579
3.52932 0.080833
3.53349 0.0809648
3.53721 0.0806545
3.54137 0.0807863
3.54541 0.0807892
3.54938 0.0807289
3.55339 0.0807001
3.55951 0.0827878
3.56355 0.0807769
3.56791 0.0811017
3.57278 0.0819406
3.57695 0.0768629
3.57708 0.0810248
3.58111 0.0810283
3.58566 0.0815423
3.58918 0.0810321
3.58931 0.0811605
3.59338 0.081195
3.59693 0.080715
3.60097 0.0807184
3.6051 0.0808146
3.61141 0.0830934
3.61507 0.0806973
3.61907 0.080668
3.62317 0.0807371
3.62734 0.0808684
3.63147 0.0809686
3.63526 0.0807176
3.6393 0.0807269
3.64333 0.0807298
3.64936 0.0827247
3.6534 0.0807143
3.65744 0.0807201
3.66148 0.0807259
3.66161 0.0808543
3.66546 0.0806695
3.66966 0.0808354
3.67485 0.0819972
3.67687 0.0767882
3.67892 0.0808563
3.6828 0.0806997
3.68722 0.0810854
3.691 0.080832
3.69484 0.0806403
3.70106 0.0828229
3.70503 0.0807423
3.70903 0.0807131
3.7131 0.0807505
3.71708 0.0806902
3.72128 0.080856
3.72547 0.0810179
3.72922 0.0807329
3.73345 0.0809269
3.74017 0.083618
3.74331 0.0807088
3.74735 0.0807152
3.75139 0.080721
3.75537 0.0806612
3.75947 0.0807332
3.76345 0.0806768
3.76358 0.0808052
3.76781 0.0810056
3.76794 0.081134
3.77268 0.0818405
3.77678 0.0766966
3.77691 0.0808586
3.78095 0.080862
3.78486 0.080737
3.79126 0.0831112
3.79139 0.0832396
3.7953 0.0810979
3.79962 0.0813852
3.80295 0.0806834
3.80696 0.0806552
3.81138 0.0810427
3.81509 0.0807216
3.81907 0.0806652
3.82317 0.0807303
3.82913 0.0826596
3.83355 0.0810314
3.83728 0.0807212
3.84125 0.0806618
3.84138 0.0807902
3.84542 0.0807966
3.8493 0.0806429
3.85334 0.0806493
3.85738 0.0806551
3.86147 0.0807191
3.8616 0.0808475
3.86779 0.0829975
3.86791 0.0831259
3.87016 0.0793209
3.87471 0.0798368
3.87696 0.0768703
3.8808 0.0827329
3.88541 0.0812958
3.889 0.0808513
3.89358 0.0813994
3.89691 0.0806936
3.90101 0.0807598
3.90511 0.0808288
3.90908 0.0807645
3.91303 0.0806736
3.91917 0.0827815
3.9234 0.0809593
3.92352 0.0810877
3.92734 0.0808649
3.92746 0.0809933
3.93147 0.080965
3.93519 0.0806519
3.93923 0.0806612
3.94333 0.0807263
3.94737 0.0807286
3.95134 0.0806723
3.95743 0.0827294
3.96154 0.0807806
3.96551 0.0807237
3.96955 0.0807301
3.96968 0.0808585
3.97488 0.0820203
3.97677 0.076683
3.97908 0.0810078
3.98324 0.0811396
3.98708 0.080949
3.98721 0.0810774
3.99099 0.080824
3.99497 0.0807647
3.99887 0.0806392
4.00294 0.0806687
4.00896 0.0826613
4.013 0.0806508
4.01707 0.0806838
4.02108 0.0806585
4.02543 0.0809799
4.02915 0.0806638
4.03344 0.080924
4.03729 0.0807382
4.04139 0.0808038
4.04735 0.0827325
4.05133 0.0806549
4.05543 0.0807234
4.05944 0.0806976
4.06383 0.0810541
4.06755 0.0807404
4.06767 0.0808688
4.07265 0.0818079
4.08477 0.0806475
4.08893 0.0807793
4.09306 0.080879
4.09924 0.083021
4.10299 0.0807221
4.10712 0.0808208
4.11135 0.0810172
4.1151 0.0807311
4.11914 0.0807365
4.12311 0.0806771
4.12747 0.081003
4.13151 0.0810059
4.13728 0.082739
4.14131 0.0807251
4.14577 0.0811443
4.14932 0.0806671
4.15336 0.0806735
4.1574 0.0806793
4.16151 0.0807513
4.16164 0.0808797
4.16555 0.0807606
4.16949 0.0806697
4.17468 0.0818236
4.17693 0.0768403
4.17898 0.0809083
4.18285 0.0807517
4.18951 0.0833798
4.19374 0.081557
4.19691 0.0806957
4.20101 0.0807619
4.20493 0.0806398
4.20905 0.080735
4.21309 0.0807413
4.2171 0.0807121
4.22127 0.0808468
4.22748 0.0830254
4.23148 0.0809805
4.23161 0.0811088
4.2352 0.0806673
4.23924 0.0806731
4.24335 0.0807422
4.24732 0.0806824
4.25143 0.0807544
4.25537 0.0806634
4.25947 0.0807354
4.2655 0.0827259
4.26963 0.0808048
4.27267 0.0798146
4.27678 0.0766915
4.27921 0.0831615
4.28395 0.0818493
4.28741 0.0812764
4.29119 0.0810231
4.29523 0.0810265
4.29898 0.0807415
4.30301 0.0807399
4.30695 0.0806489
4.31131 0.0809743
4.31714 0.0827701
4.3214 0.0809819
4.32544 0.0809883
4.32916 0.0806722
4.33345 0.0809324
4.3373 0.0807466
4.34134 0.08075
4.34586 0.0812353
4.34938 0.0807271
4.35538 0.0826869
4.35941 0.080672
4.36357 0.0808022
4.36787 0.0810648
4.37268 0.0818415
4.37679 0.0767016
4.37691 0.0808636
4.38111 0.0810265
4.38489 0.0807731
4.38899 0.0808392
4.38912 0.0809676
4.39328 0.0810994
4.39341 0.0812278
4.39687 0.0806465
4.40097 0.0807126
4.40109 0.080841
4.40708 0.0827974
4.40721 0.0829258
4.41134 0.0810087
4.41147 0.081137
4.41509 0.0807226
4.41907 0.0806628
4.42317 0.0807319
4.4274 0.0809293
4.4315 0.0809944
4.43528 0.0807435
4.43922 0.080652
4.44586 0.0832514
4.44939 0.0807303
4.45343 0.0807367
4.4574 0.0806763
4.4615 0.0807483
4.46548 0.0806914
4.46952 0.0806978
4.47468 0.0818245
4.47693 0.0768412
4.47898 0.0809093
4.48282 0.0807216
4.48711 0.0809789
4.49089 0.0807255
4.49692 0.0827169
4.49705 0.0828453
4.50102 0.0807663
4.50505 0.0807647
4.50902 0.0807044
4.513 0.0806445
4.5171 0.0807126
4.52127 0.0808473
4.52549 0.0810403
4.52915 0.080658
4.53524 0.0827156
4.5394 0.0808331
4.54331 0.0807081
4.54738 0.0807455
4.55139 0.0807203
4.5554 0.0806915
4.5595 0.0807635
4.5638 0.0810267
4.56768 0.080873
4.57268 0.0818363
4.57675 0.0766613
4.57687 0.0808233
4.58091 0.0808267
4.58732 0.0832009
4.59126 0.0810902
4.59139 0.0812186
4.5953 0.0810936
4.59949 0.0812566
4.60298 0.0807143
4.60696 0.0806549
4.61132 0.0809803
4.61503 0.0806592
4.61907 0.0806655
4.6192 0.0807939
4.62541 0.082977
4.62919 0.0807069
4.63358 0.0810604
4.63724 0.080684
4.6414 0.0808158
4.64586 0.0812354
4.64935 0.0806961
4.65339 0.0807024
4.65746 0.0807394
4.66355 0.082792
4.66793 0.0811272
4.67021 0.0793701
4.67684 0.07676
4.6771 0.0822287
4.68107 0.0809875
4.6853 0.0811821
4.68889 0.0807376
4.69347 0.0812856
4.69696 0.0807394
4.70106 0.0808055
4.705 0.0807146
4.70897 0.0806502
4.71509 0.082735
4.71916 0.0807557
4.7232 0.0807591
4.72736 0.0808904
4.73149 0.0809906
4.73528 0.0807396
4.73932 0.0807489
4.74336 0.0807518
4.74736 0.080723
4.75339 0.082718
4.75746 0.0807381
4.76156 0.0808062
4.76548 0.0806871
4.76955 0.0807245
4.77474 0.0818864
4.77487 0.0820147
4.77695 0.076868
4.779 0.080936
4.77913 0.0810644
4.78285 0.0807483
4.78701 0.0808772
4.79092 0.0807522
4.79105 0.0808806
4.79486 0.0806578
4.7989 0.0806607
4.80511 0.0828388
4.80902 0.0806955
4.81312 0.080764
4.81715 0.0807659
4.82157 0.0811545
4.82551 0.0810601
4.82917 0.0806783
4.83346 0.0809385
4.83721 0.0806514
4.84333 0.0827373
4.8473 0.0806606
4.85133 0.0806625
4.85537 0.0806688
4.85948 0.0807409
4.86384 0.0810662
4.86782 0.0810098
4.87275 0.0819149
4.87676 0.0766737
4.87689 0.0808356
4.88092 0.0808391
4.88483 0.0807141
4.88906 0.0809086
4.89515 0.0829633
4.89919 0.0809494
4.89931 0.0810778
4.90297 0.080699
4.90697 0.0806708
4.91136 0.0810272
4.91511 0.0807412
4.91912 0.0807159
4.92312 0.0806877
4.92748 0.0810096
4.9336 0.0830949
4.93729 0.0807328
4.94142 0.080833
4.94543 0.0808042
4.94934 0.0806817
4.95344 0.0807502
4.95742 0.0806939
4.96152 0.0807659
4.96165 0.0808943
4.96553 0.0807406
4.97014 0.0813187
4.97478 0.0799112
4.9769 0.0768163
4.97895 0.0808843
4.98571 0.0836092
4.98904 0.0808911
4.99359 0.0814081
4.99693 0.0807063
5.0009 0.0806441
5.00102 0.0807724
5.00494 0.0806561
5.00904 0.0807242
5.01305 0.0806954
5.01705 0.0806622
5.02317 0.0827505
5.02749 0.0810245
5.0316 0.0810935
5.03519 0.080652
5.03923 0.0806613
5.04337 0.0807614
5.04741 0.0807673
5.05144 0.0807726
5.05535 0.0806465
5.06166 0.0829243
5.06554 0.0807539
5.06961 0.0807908
5.07471 0.0818578
5.08282 0.0807222
5.08696 0.0808224
5.09087 0.0806969
5.09099 0.0808253
5.09496 0.0807609
5.09894 0.0807016
5.10293 0.0806639
5.107 0.0807003
5.1131 0.0827609
5.11704 0.0806522
5.12133 0.0809113
5.12543 0.0809804
5.12915 0.0806643
5.13348 0.0809556
5.1372 0.0806414
5.14136 0.0807732
5.14588 0.0812585
5.15142 0.0827699
5.15578 0.081079
5.15941 0.0806681
5.16348 0.080705
5.1679 0.081096
5.17268 0.0818376
5.17669 0.0766004
5.17681 0.0807623
5.17694 0.0808907
5.18101 0.0809252
5.18492 0.0808003
5.18915 0.0809948
5.19328 0.0810915
5.19341 0.0812199
5.19689 0.0806697
5.20301 0.0827555
5.20714 0.0808344
5.21139 0.0810545
5.21511 0.0807379
5.21914 0.0807397
5.22312 0.0806804
5.22748 0.0810063
5.23151 0.0810092
5.23519 0.0806569
5.24148 0.0829047
5.2458 0.0811787
5.24942 0.0807677
5.25337 0.0806768
5.25744 0.0807137
5.26151 0.0807506
5.26163 0.080879
5.26548 0.0806942
5.26959 0.0807628
5.27471 0.0818545
5.27686 0.0767739
5.27904 0.0809704
5.28276 0.0806543
5.28717 0.0810399
5.29371 0.0835425
5.29698 0.0807617
5.30102 0.0807652
5.30505 0.0807675
5.30905 0.0807343
5.31312 0.0807678
5.31713 0.0807385
5.32155 0.0811271
5.32168 0.0812555
5.32542 0.080962
5.3316 0.0831106
5.33173 0.083239
5.33519 0.0806483
5.33929 0.0807198
5.34333 0.0807232
5.3473 0.0806633
5.35144 0.0807665
5.35538 0.0806755
5.35949 0.0807475
5.36369 0.0809134
5.36958 0.0827754
5.37266 0.0798035
5.37677 0.0766804
5.37689 0.0808423
5.38397 0.0838867
5.38724 0.0811059
5.39128 0.0811093
5.39512 0.0809216
5.39929 0.0810494
5.40303 0.0807599
5.40707 0.0807663
5.4113 0.0809632
5.41508 0.0807128
5.42146 0.0830583
5.42544 0.0809822
5.42915 0.0806661
5.43358 0.0810547
5.43729 0.0807405
5.44127 0.0806812
5.44543 0.0808125
5.44941 0.0807521
5.45338 0.0806923
5.4595 0.08278
5.46389 0.0811157
5.46793 0.0811215
5.47277 0.0819293
5.47691 0.0768205
5.47703 0.0809824
5.48107 0.0809858
5.4853 0.0811804
5.48908 0.080927
5.4934 0.0812183
5.49696 0.0807382
5.50093 0.080676
5.50493 0.0806472
5.51144 0.0831167
5.51509 0.0807166
5.51906 0.0806567
5.5231 0.0806601
5.52323 0.0807885
5.52742 0.0809509
5.53152 0.08102
5.53518 0.0806406
5.53922 0.0806499
5.54335 0.0807461
5.54938 0.082741
5.55342 0.0807306
5.55745 0.0807325
5.56159 0.0808356
5.56551 0.0807165
5.56958 0.0807539
5.57477 0.0819158
5.5749 0.0820442
5.57695 0.0768663
5.579 0.0809344
5.58285 0.0807467
5.58714 0.0810039
5.58727 0.0811323
5.59092 0.0807505
5.59486 0.0806561
5.60111 0.0828698
5.60508 0.0807932
5.60905 0.0807289
5.61308 0.0807313
5.61712 0.0807331
5.62154 0.0811217
5.62167 0.0812501
5.62551 0.0810579
5.62923 0.0807418
5.63346 0.0809358
5.63952 0.0829608
5.64326 0.080659
5.6473 0.0806654
5.65131 0.0806401
5.65541 0.0807086
5.65948 0.0807456
5.66381 0.0810398
5.66779 0.0809834
5.67266 0.0818223
5.67676 0.0766784
5.67689 0.0808404
5.68093 0.0808438
5.68484 0.0807188
5.6856 0.0814862
5.69131 0.0831557
5.69144 0.0832841
5.69534 0.0811424
5.70031 0.0820727
5.703 0.0807319
5.70704 0.0807382
5.71142 0.0810867
5.71501 0.0806417
5.71905 0.0806481
5.72322 0.0807799
5.72335 0.0809082
5.72918 0.0827091
5.7335 0.0809836
5.73363 0.081112
5.73726 0.0807045
5.74123 0.0806452
5.74578 0.0811616
5.74934 0.0806885
5.75338 0.0806948
5.75739 0.0806695
5.76163 0.0808699
5.76787 0.0830826
5.77025 0.079406
5.77473 0.0798598
5.77685 0.0767648
5.78082 0.0827558
5.78544 0.0813187
5.78903 0.0808742
5.79348 0.0812939
5.79697 0.0807477
5.80094 0.0806854
5.80507 0.0807856
5.80908 0.0807563
5.81302 0.0806654
5.81917 0.0827842
5.82308 0.0806425
5.82321 0.0807708
5.82737 0.0808982
5.8275 0.0810265
5.83163 0.0811267
5.83528 0.0807474
5.83926 0.080691
5.84336 0.0807561
5.8474 0.0807585
5.85144 0.0807643
5.85739 0.0826891
5.86156 0.0808065
5.86554 0.0807461
5.86958 0.0807525
5.87493 0.0820738
5.87672 0.0766392
5.87916 0.0810924
5.88288 0.0807763
5.88396 0.0818632
5.88717 0.0810336
5.89095 0.0807802
5.89524 0.0810404
5.89896 0.0807243
5.90293 0.0806565
5.90898 0.0826746
5.91302 0.0806642
5.91709 0.0807016
5.92158 0.0811559
5.92552 0.0810615
5.92923 0.0807454
5.93346 0.0809394
5.93731 0.0807536
5.94138 0.0807881
5.94731 0.0826857
5.95135 0.0806748
5.95539 0.0806811
5.95949 0.0807531
5.96385 0.0810784
5.96789 0.0810843
5.97273 0.0818921
5.97674 0.0766549
5.97687 0.0808168
5.98087 0.0807851
5.98491 0.0807885
5.98913 0.0809831
5.9933 0.0811109
5.99342 0.0812393
5.99957 0.0833522
6.003 0.080731
6.00714 0.0808325
6.01143 0.0810916
6.01511 0.0807434
6.01915 0.0807492
6.02319 0.0807556
6.02742 0.080953
6.02755 0.0810814
6.03152 0.0810181
6.03726 0.0827202
6.04136 0.0807725
6.04546 0.080841
6.04931 0.0806552
6.05341 0.0807238
6.05745 0.0807296
6.06165 0.0808984
6.0655 0.0807136
6.06954 0.0807194
6.07479 0.0819379
6.08277 0.0806665
6.08921 0.0830713
6.08933 0.0831997
6.09344 0.0812515
6.09696 0.0807427
6.101 0.0807461
6.10494 0.0806536
6.10897 0.080651
6.11301 0.0806573
6.11715 0.0807599
6.12157 0.0811485
6.12762 0.0831637
6.13156 0.0810525
6.13518 0.080642
6.13929 0.080714
6.14332 0.0807175
6.14729 0.0806536
6.15143 0.0807568
6.15572 0.0810164
6.15941 0.0806716
6.1655 0.0827243
6.16963 0.0808072
6.17267 0.079817
6.17671 0.0766277
6.17915 0.0830977
6.17928 0.0832261
6.1829 0.0807959
6.18398 0.0818828
6.1884 0.0822685
6.19123 0.0810566
6.19526 0.08106
6.19898 0.0807439
6.20291 0.080645
6.20698 0.0806785
6.21141 0.08107
6.21705 0.0826752
6.22144 0.0810154
6.22544 0.0809867
6.22922 0.0807333
6.23351 0.0809935
6.2372 0.0806482
6.24137 0.08078
6.24579 0.0811681
6.24941 0.0807571
6.25541 0.082717
6.25944 0.080706
6.2639 0.0811247
6.26784 0.0810332
6.27271 0.0818721
6.27672 0.0766349
6.27685 0.0807968
6.28114 0.081057
6.28492 0.0808037
6.28902 0.0808698
6.28915 0.0809982
6.29332 0.08113
6.29686 0.0806459
6.30096 0.0807121
6.30109 0.0808404
6.30708 0.0827963
6.30721 0.0829247
6.31147 0.081132
6.31512 0.0807487
6.31906 0.0806572
6.32323 0.080789
6.32746 0.0809865
6.33152 0.0810205
6.33521 0.0806722
6.33928 0.0807092
6.34547 0.0828607
6.34931 0.0806591
6.35335 0.0806655
6.35739 0.0806713
6.36153 0.0807744
6.36551 0.080718
6.36961 0.0807866
6.37474 0.0818822
6.37689 0.0768016
6.37929 0.0812203
6.38275 0.0806474
6.38717 0.0810331
6.39095 0.0807797
6.39697 0.0827717
6.40104 0.0807894
6.40508 0.0807918
6.40905 0.0807315
6.41302 0.0806716
6.41703 0.0806429
6.42158 0.0811599
6.42542 0.0809677
6.4292 0.0807138
6.43529 0.0827674
6.43939 0.0808187
6.44336 0.0807594
6.44731 0.0806685
6.45138 0.0807054
6.45541 0.0807078
6.45939 0.0806514
6.46382 0.0810429
6.46766 0.0808581
6.47279 0.0819498
6.47673 0.0766465
6.47686 0.0808084
6.48102 0.0809402
6.4873 0.083186
6.48743 0.0833144
6.49134 0.0811726
6.49525 0.0810477
6.49954 0.0813039
6.50303 0.0807616
6.50707 0.080764
6.51136 0.0810271
6.51501 0.0806438
6.51905 0.0806501
6.51918 0.0807785
6.52546 0.0830273
6.52918 0.0806944
6.53348 0.0809546
6.5336 0.081083
6.5372 0.0806444
6.54136 0.0807762
6.54579 0.0811642
6.54938 0.0807222
6.55342 0.0807285
6.55749 0.0807654
6.56386 0.0831065
6.56796 0.0811538
6.57024 0.0793967
6.57693 0.0768488
6.57706 0.0821891
6.5811 0.0810141
6.58533 0.0812086
6.58924 0.0810837
6.5933 0.0811182
6.59343 0.0812466
6.59698 0.0807625
6.60108 0.0808286
6.60508 0.0807965
6.60899 0.0806699
6.61511 0.0827547
6.61908 0.0806736
6.62324 0.0808054
6.62738 0.0809056
6.63154 0.0810369
6.6352 0.0806575
6.63924 0.0806668
6.64337 0.080767
6.6474 0.0807654
6.65343 0.0827603
6.65747 0.0807454
6.66157 0.0808134
6.6617 0.0809418
6.66555 0.080757
6.66962 0.0807945
6.67478 0.0819212
6.67491 0.0820496
6.67686 0.0767745
6.67904 0.0809709
6.68276 0.0806548
6.68705 0.0809121
6.69096 0.0807871
6.69505 0.0808527
6.69518 0.0809811
6.6989 0.080665
6.70514 0.0828742
6.70905 0.0807309
6.71302 0.0806711
6.71706 0.0806774
6.72129 0.0808749
6.72542 0.0809706
6.7292 0.0807172
6.7335 0.0809774
6.73721 0.0806592
6.74327 0.0826823
6.74731 0.0806679
6.75138 0.0807048
6.75542 0.0807112
6.75939 0.0806548
6.76388 0.0811085
6.76779 0.0809859
6.77276 0.0819221
6.77673 0.0766459
6.77686 0.0808078
6.78102 0.0809396
6.78493 0.0808146
6.78916 0.0810092
6.79525 0.0830639
6.79954 0.0813033
6.803 0.0807299
6.80707 0.0807674
6.81139 0.0810576
6.81501 0.0806432
6.81905 0.0806495
6.82322 0.0807813
6.82758 0.0811072
6.8336 0.0830992
6.83723 0.0806749
6.84139 0.0808067
6.84547 0.0808442
6.84938 0.0807216
6.85345 0.080759
6.85742 0.0806987
6.86153 0.0807707
6.86165 0.0808991
6.8655 0.0807143
6.87015 0.0813235
6.87472 0.0798498
6.87687 0.076786
6.87927 0.0812047
6.88574 0.0836416
6.88939 0.0812431
6.89356 0.0813749
6.89696 0.0807393
6.90093 0.080677
6.90497 0.0806834
6.90907 0.0807554
6.91302 0.0806645
6.91705 0.0806629
6.92314 0.0827205
6.9275 0.0810256
6.93166 0.0811569
6.93522 0.0806803
6.93926 0.0806895
6.94336 0.0807586
6.9474 0.080761
6.95144 0.0807668
6.95579 0.0810887
6.96166 0.0829191
6.96554 0.0807487
6.96964 0.0808172
6.9749 0.0820413
6.97503 0.0821697
6.97676 0.0766728
6.97907 0.0809977
6.97919 0.081126
6.984 0.0818969
6.98733 0.0811956
6.99098 0.0808138
6.99111 0.0809422
6.99486 0.0806572
6.99896 0.0807263
7.00293 0.0806585
7.00697 0.0806673
7.01313 0.0827907
7.01707 0.0806785
7.02117 0.0807465
7.02542 0.0809706
7.0292 0.0807172
7.0335 0.0809774
7.03722 0.0806632
7.04138 0.080795
7.04548 0.0808635
7.05132 0.0826663
7.05145 0.0827947
7.05536 0.0806559
7.0595 0.0807585
7.06382 0.0810527
7.06793 0.0811247
7.07264 0.0818031
7.08479 0.0806698
7.08895 0.0808016
7.09315 0.0809635
7.09689 0.0806725
7.10301 0.0827612
7.10711 0.080808
7.1114 0.0810666
7.11512 0.0807495
7.11906 0.0806535
7.12309 0.0806569
7.12322 0.0807853
7.12745 0.0809828
7.13155 0.0810479
7.1352 0.0806646
7.14142 0.0828506
7.14219 0.083618
7.14584 0.0812224
7.14931 0.080652
7.15335 0.0806583
7.15745 0.0807263
7.16155 0.0807944
7.16168 0.0809228
7.16552 0.080734
7.16963 0.0808026
7.17485 0.0819915
7.17696 0.0768798
7.17902 0.0809479
7.18286 0.0807602
7.18715 0.0810175
7.19382 0.0836485
7.19696 0.0807393
7.20106 0.0808054
7.205 0.0807105
7.20512 0.0808389
7.209 0.0806773
7.213 0.0806486
7.21704 0.0806504
7.22159 0.0811674
7.22172 0.0812958
7.22542 0.0809712
7.23164 0.0831543
7.23177 0.0832827
7.23523 0.080692
7.23946 0.0808924
7.24327 0.0806702
7.24731 0.0806765
7.25132 0.0806512
7.25542 0.0807198
7.25943 0.0806945
7.26369 0.0809225
7.26962 0.0828117
7.2727 0.0798398
7.27674 0.0766505
7.27686 0.0808124
7.28404 0.0839541
7.28731 0.0811733
7.29122 0.0810483
7.29135 0.0811767
7.29538 0.0811801
7.29922 0.080989
7.30294 0.0806684
7.30697 0.0806713
7.3114 0.0810628
7.31502 0.0806484
7.32172 0.0833134
7.32216 0.0837613
7.32546 0.0810111
7.32918 0.080695
7.33351 0.0809863
7.33723 0.0806721
7.34139 0.0808039
7.34591 0.0812893
7.34931 0.0806526
7.35335 0.080659
7.35953 0.0828049
7.36392 0.0811446
7.36795 0.0811464
7.37267 0.0818258
7.37696 0.0768726
7.37709 0.0810345
7.38112 0.0810379
7.38125 0.0811663
7.3849 0.0807845
7.38916 0.0810101
7.39333 0.0811419
7.39688 0.0806579
7.40098 0.080724
7.40495 0.0806602
7.41145 0.0831296
7.41513 0.0807607
7.41907 0.0806692
7.42311 0.0806726
7.42324 0.080801
7.42746 0.0809945
7.43157 0.0810636
7.43519 0.0806531
7.43926 0.0806935
7.44327 0.0806613
7.44933 0.0826873
7.45337 0.0806769
7.45747 0.0807449
7.46157 0.080817
7.46551 0.0807255
7.46962 0.080794
7.47481 0.0819519
7.47696 0.0768713
7.47901 0.0809394
7.48285 0.0807517
7.48714 0.0810089
7.49092 0.0807556
7.49521 0.0810118
7.50098 0.082747
7.50111 0.0828754
7.50499 0.0807015
7.50909 0.0807656
7.51312 0.0807679
7.51716 0.0807698
7.52158 0.0811584
7.52542 0.0809662
7.52914 0.0806501
7.53349 0.0809725
7.53952 0.0829624
7.5433 0.0806917
7.54734 0.080698
7.55134 0.0806728
7.55545 0.0807413
7.55942 0.080681
7.56377 0.0810023
7.5639 0.0811307
7.56781 0.0810082
7.57268 0.0818431
7.57672 0.076637
7.57685 0.0807989
7.58089 0.0808023
7.58492 0.0808057
7.59133 0.08318
7.59527 0.0810693
7.59956 0.0813255
7.60033 0.0820929
7.60302 0.0807521
7.60696 0.0806612
7.61132 0.0809825
7.61504 0.0806659
7.61917 0.080769
7.62334 0.0809008
7.62917 0.0827017
7.63353 0.0810073
7.63366 0.0811357
7.63722 0.080662
7.64125 0.0806654
7.6458 0.0811819
7.64939 0.0807398
7.65343 0.0807462
7.65744 0.0807209
7.66161 0.0808551
7.66792 0.08313
7.67016 0.079325
7.67484 0.0799654
7.67696 0.0768704
7.68093 0.0828614
7.68545 0.0813271
7.68935 0.0812021
7.69352 0.0813339
7.69688 0.0806592
7.70098 0.0807254
7.70508 0.0807944
7.70899 0.0806679
7.71303 0.0806742
7.71908 0.0826923
7.72312 0.080679
7.7275 0.0810319
7.73167 0.0811632
7.73519 0.0806555
7.73927 0.0806959
7.74327 0.0806637
7.7473 0.080666
7.75134 0.0806719
7.75746 0.0827561
7.76157 0.0808114
7.7617 0.0809398
7.76554 0.080755
7.76958 0.0807613
7.77494 0.0820827
7.77673 0.076648
7.77917 0.0811013
7.78292 0.0808163
7.78721 0.0810735
7.79099 0.0808201
7.79519 0.0809831
7.7989 0.080667
7.80293 0.0806653
7.80899 0.0826834
7.81303 0.080673
7.81706 0.0806754
7.82129 0.0808728
7.82542 0.0809685
7.82914 0.0806524
7.8335 0.0809748
7.83721 0.0806606
7.84138 0.0807924
7.84731 0.0826901
7.85135 0.0806791
7.85539 0.0806855
7.8594 0.0806602
7.86389 0.0811139
7.86793 0.0811197
7.87273 0.0818924
7.87674 0.0766553
7.87687 0.0808172
7.88097 0.0808828
7.88488 0.0807578
7.88532 0.0812057
7.8891 0.0809523
7.8933 0.0811152
7.90024 0.0840227
7.90303 0.0807624
7.90707 0.0807648
7.91143 0.0810902
7.91505 0.0806762
7.91905 0.080647
7.92322 0.0807788
7.92748 0.0810074
7.92761 0.0811358
7.93155 0.0810414
7.93725 0.0827123
7.94142 0.0808273
7.9458 0.0811808
7.94933 0.0806765
7.9534 0.080714
7.95747 0.0807509
7.96161 0.080854
7.96546 0.0806692
7.96949 0.0806716
7.97484 0.081985
7.97696 0.0768733
7.97901 0.0809414
7.98286 0.0807537
7.98952 0.081365
7.99365 0.0814617
7.99698 0.0807599
8.00095 0.0806977
8.00108 0.080826
8.00502 0.0807372
8.009 0.0806768
8.01304 0.0806832
8.01717 0.0807823
8.02127 0.0808514
8.02751 0.0830571
8.03158 0.0810743
8.03523 0.080695
8.03927 0.0807003
8.04341 0.0808005
8.04732 0.0806779
8.05139 0.0807143
8.05578 0.0810713
8.05943 0.0806909
8.06552 0.0827435
8.06962 0.0807953
8.07266 0.0798081
8.08282 0.0807227
8.08696 0.0808229
8.09103 0.0808569
8.0949 0.0806993
8.099 0.0807644
8.10296 0.0806955
8.107 0.0806969
8.11136 0.0810257
8.11713 0.0827588
8.1227 0.0822797
8.12546 0.0810051
8.12924 0.0807517
8.13353 0.0810119
8.13722 0.0806666
8.14139 0.0807984
8.14594 0.0813154
8.14933 0.0806748
8.15545 0.082759
8.15942 0.0806859
8.15955 0.0808143
8.16388 0.0811085
8.16786 0.0810521
8.16799 0.0811805
8.17276 0.0819221
8.17674 0.0766538
8.17687 0.0808157
8.18116 0.0810759
8.18129 0.0812043
8.18481 0.0806942
8.18494 0.0808226
8.18904 0.0808887
8.19333 0.0811489
8.19691 0.0806959
8.20101 0.0807621
8.20114 0.0808905
8.2071 0.0807985
8.21146 0.0811198
8.21514 0.0807721
8.21908 0.0806806
8.22312 0.080684
8.22751 0.081041
8.23158 0.081075
8.23523 0.0806917
8.23927 0.0806975
8.2394 0.0808259
8.24584 0.0832307
8.24933 0.0806746
8.2534 0.080712
8.25744 0.0807178
8.26157 0.080817
8.2617 0.0809454
8.26555 0.0807566
8.26965 0.0808252
8.27484 0.0819831
8.27699 0.0769025
8.27904 0.0809705
8.28276 0.0806544
8.28718 0.0810401
8.29384 0.0836711
8.29698 0.0807619
8.30108 0.0808275
8.30502 0.0807326
8.30515 0.080861
8.30899 0.0806723
8.31309 0.0807408
8.31716 0.0807738
8.32158 0.0811624
8.32171 0.0812907
8.32545 0.0809973
8.32917 0.0806812
8.33519 0.0826727
8.33946 0.0808874
8.34337 0.0807624
8.34731 0.0806715
8.35142 0.0807435
8.35546 0.0807498
8.35946 0.0807245
8.36382 0.0810499
8.3678 0.0809895
8.37268 0.0818436
8.37672 0.0766375
8.37685 0.0807995
8.38403 0.0839411
8.3873 0.0811603
8.38742 0.0812887
8.3912 0.0810353
8.39537 0.0811671
8.39912 0.0808822
8.39925 0.0810105
8.40296 0.0806899
8.407 0.0806928
8.41142 0.0810844
8.41504 0.0806699
8.41924 0.0808358
8.42552 0.0810678
8.42924 0.0807517
8.43356 0.081043
8.43722 0.0806666
8.44139 0.0807984
8.44593 0.0813114
8.44933 0.0806747
8.45343 0.0807433
8.4574 0.080675
8.4639 0.0831404
8.46797 0.0811606
8.47278 0.0819373
8.47691 0.0768245
8.47704 0.0809864
8.4812 0.0811182
8.48562 0.0815039
8.48927 0.0811221
8.49331 0.0811255
8.49689 0.0806726
8.50099 0.0807387
8.50506 0.0807722
8.51146 0.0831443
8.51502 0.0806514
8.51909 0.0806884
8.52326 0.0808202
8.52739 0.0809164
8.53155 0.0810476
8.53521 0.0806683
8.53934 0.0807714
8.54328 0.080677
8.54732 0.0806834
8.55335 0.0826783
8.55745 0.0807295
8.56156 0.0808016
8.56169 0.0809299
8.56553 0.0807452
8.56964 0.0808137
8.57483 0.0819756
8.57698 0.076895
8.57916 0.0810914
8.58288 0.0807753
8.58704 0.0809042
8.59095 0.0807792
8.59521 0.0810043
8.6011 0.0828679
8.60501 0.0807251
8.60898 0.0806608
8.61311 0.0807605
8.61705 0.080665
8.6216 0.081182
8.62544 0.0809898
8.62916 0.0806737
8.63352 0.0809961
8.63723 0.0806779
8.64329 0.0806843
8.64733 0.0806906
8.65137 0.0806964
8.65544 0.0807339
8.65944 0.0807046
8.6639 0.0811272
8.66784 0.0810358
8.67267 0.0818356
8.67671 0.0766295
8.67684 0.0807915
8.68101 0.0809233
8.68492 0.0807983
8.69132 0.0831725
8.6953 0.081093
8.70022 0.0819882
8.70292 0.0806474
8.70702 0.0807159
8.71131 0.0809751
8.71506 0.0806896
8.71907 0.0806643
8.72336 0.0809245
8.7292 0.0827254
8.73362 0.0810972
8.73375 0.0812256
8.73724 0.0806897
8.74131 0.0807242
8.74144 0.0808526
8.74583 0.0812061
8.74942 0.080764
8.75346 0.0807703
8.75744 0.080714
8.76163 0.0808793
8.76551 0.0807177
8.77018 0.081362
8.77483 0.0799584
8.77695 0.0768635
8.78111 0.0830456
8.78547 0.0813517
8.78925 0.0810984
8.78938 0.0812268
8.79354 0.0813546
8.79694 0.080719
8.80091 0.0806567
8.80498 0.0806942
8.80898 0.0806649
8.81302 0.0806713
8.81918 0.0827901
8.82321 0.0807767
8.82334 0.0809051
8.82738 0.080908
8.82751 0.0810364
8.83157 0.0810704
8.83523 0.0806911
8.83933 0.0807631
8.84337 0.0807665
8.84731 0.0806755
8.85142 0.0807475
8.85539 0.0806837
8.86167 0.0809142
8.86552 0.0807294
8.86962 0.080798
8.87498 0.0821193
8.87671 0.0766224
8.87946 0.0813952
8.88292 0.0808223
8.88721 0.0810795
8.89099 0.0808262
8.89519 0.0809891
8.89891 0.080673
8.90294 0.0806714
8.90899 0.0826895
8.91306 0.0807101
8.91707 0.0806814
8.9213 0.0808789
8.92543 0.0809746
8.92918 0.0806896
8.93353 0.081012
8.93722 0.0806667
8.94139 0.0807984
8.94731 0.0826926
8.95135 0.0806817
8.95539 0.080688
8.95943 0.0806939
8.96392 0.0811476
8.96796 0.0811494
8.97276 0.0819221
8.97674 0.0766539
8.97687 0.0808158
8.98097 0.0808814
8.98487 0.0807564
8.98532 0.0812043
8.9891 0.0809509
8.99333 0.081145
8.9995 0.083285
9.00303 0.080761
9.0071 0.0808007
9.01146 0.081122
9.01508 0.0807076
9.01908 0.0806784
9.02318 0.0807474
9.02754 0.0810733
9.03158 0.0810762
9.03732 0.0827782
9.04141 0.080827
9.04561 0.0809929
9.04937 0.0807103
9.05344 0.0807478
9.05751 0.0807847
9.06164 0.0808873
9.06555 0.0807647
9.06952 0.0807009
9.07471 0.0818493
9.08288 0.0807764
9.08929 0.0831501
9.08941 0.0832785
9.09345 0.0812681
9.09695 0.0807322
9.10099 0.0807356
9.10499 0.0807053
9.10902 0.0807026
9.11306 0.080709
9.11716 0.080777
9.12159 0.0811656
9.12751 0.0830524
9.12763 0.0831807
9.13161 0.0811047
9.13523 0.0806942
9.13934 0.0807657
9.14337 0.0807691
9.14735 0.0807093
9.15132 0.0806529
9.15536 0.0806592
9.15943 0.0806962
9.16373 0.0809553
9.16972 0.0808939
9.17273 0.0798726
9.17671 0.0766211
9.18023 0.084178
9.18401 0.0819079
9.18843 0.0822935
9.19112 0.0809532
9.19125 0.0810816
9.19516 0.0809566
9.19894 0.0807027
9.20297 0.0807011
9.20701 0.080704
9.21137 0.0810294
9.2171 0.0827279
9.22171 0.0812938
9.22546 0.0810083
9.22924 0.0807549
9.23354 0.0810151
9.23726 0.0807009
9.24142 0.0808327
9.24597 0.0813492
9.24936 0.0807085
9.25542 0.0827306
9.25956 0.0808169
9.26388 0.0811112
9.26786 0.0810548
9.26799 0.0811832
9.27267 0.0818315
9.2728 0.0819599
9.27677 0.0766876
9.2769 0.0808495
9.28126 0.0811719
9.28491 0.0807902
9.28536 0.0812381
9.28914 0.0809847
9.2933 0.0811165
9.29695 0.0807297
9.30105 0.0807958
9.30713 0.082849
9.31146 0.0811225
9.31514 0.0807748
9.31912 0.0807144
9.32328 0.0808462
9.32742 0.0809464
9.33158 0.0810737
9.33523 0.0806943
9.33934 0.0807658
9.34587 0.0832684
9.34937 0.0807123
9.35341 0.0807187
9.35742 0.0806934
9.36161 0.0808587
9.36556 0.0807672
9.36953 0.0807074
9.36966 0.0808358
9.37485 0.0819937
9.37687 0.0767847
9.37937 0.0813007
9.38283 0.0807278
9.38696 0.080825
9.391 0.0808284
9.39689 0.082692
9.39702 0.0828204
9.40096 0.0807098
9.40503 0.0807472
9.40516 0.0808756
9.4091 0.0807842
9.41311 0.0807554
9.41705 0.08066
9.4216 0.081177
9.42173 0.0813053
9.42544 0.0809848
9.42919 0.0806998
9.43524 0.0827223
9.43948 0.080906
9.44339 0.080781
9.44733 0.08069
9.45143 0.080762
9.45547 0.0807684
9.45945 0.080708
9.46381 0.0810334
9.46781 0.0810041
9.47267 0.0818351
9.47671 0.076629
9.47684 0.0807909
9.48114 0.0810511
9.48729 0.0831685
9.49132 0.0811552
9.49523 0.0810302
9.5002 0.0819605
9.50298 0.080713
9.50702 0.0807154
9.51138 0.0810407
9.51509 0.0807196
9.51913 0.080722
9.52554 0.0830991
9.52919 0.0807001
9.53361 0.0810887
9.53374 0.0812171
9.53727 0.0807123
9.54143 0.0808441
9.54595 0.0813294
9.54941 0.080755
9.55345 0.0807613
9.55742 0.080701
9.56389 0.0831313
9.5679 0.0810893
9.56802 0.0812177
9.57014 0.0793011
9.57694 0.0768505
9.57706 0.0821908
9.58123 0.0811442
9.58565 0.0815299
9.5893 0.0811481
9.59334 0.0811515
9.59692 0.0806986
9.60102 0.0807647
9.60115 0.0808931
9.60496 0.0806698
9.60902 0.0807027
9.61514 0.0827915
9.61912 0.0807144
9.62328 0.0808462
9.62739 0.0809152
9.62751 0.0810436
9.63158 0.0810776
9.63524 0.0806983
9.63931 0.0807387
9.64331 0.0807065
9.64735 0.0807088
9.65344 0.082766
9.65745 0.0807239
9.66168 0.0809243
9.66556 0.0807707
9.66966 0.0808392
9.67486 0.0820011
9.67499 0.0821295
9.67688 0.0767921
9.67918 0.0811169
9.6829 0.0808008
9.68706 0.0809297
9.69097 0.0808047
9.69507 0.0808703
9.6952 0.0809987
9.69892 0.0806826
9.70503 0.0827634
9.709 0.0806823
9.71307 0.0807198
9.71708 0.080691
9.72131 0.0808885
9.72144 0.0810169
9.72544 0.0809842
9.72919 0.0806992
9.73354 0.0810216
9.73726 0.0807034
9.74338 0.0827892
9.74735 0.0807126
9.75133 0.0806562
9.75537 0.0806626
9.75947 0.0807306
9.76379 0.0810209
9.76392 0.0811493
9.76783 0.0810267
9.77267 0.0818345
9.77671 0.0766244
9.77684 0.0807864
9.78113 0.0810466
9.78491 0.0807932
9.78914 0.0809877
9.79523 0.0830424
9.80025 0.0820182
9.80304 0.0807747
9.80699 0.0806837
9.8114 0.0810673
9.81509 0.0807156
9.81906 0.0806552
9.82322 0.080787
9.82752 0.0810467
9.83376 0.0832604
9.83726 0.0807077
9.84143 0.0808395
9.84595 0.0813249
9.84931 0.0806571
9.85335 0.0806635
9.85749 0.0807666
9.86159 0.0808386
9.86544 0.0806498
9.87015 0.0813253
9.87483 0.0799528
9.87694 0.0768579
9.87912 0.0810543
9.8854 0.0833002
9.88918 0.08103
9.88931 0.0811584
9.89367 0.0814808
9.89687 0.0806506
9.90097 0.0807168
9.90501 0.0807191
9.90898 0.0806588
9.91302 0.0806651
9.91708 0.0806981
9.92314 0.0827212
9.92327 0.0828496
9.9275 0.0810303
9.9316 0.0810954
9.93525 0.080716
9.93933 0.0807564
9.9433 0.0806931
9.94733 0.0806955
9.95144 0.0807675
9.95541 0.0807037
9.96165 0.0829158
9.96178 0.0830442
9.9655 0.0807143
9.96967 0.080849
9.975 0.0821393
9.97673 0.0766424
9.97919 0.0811267
9.98403 0.0819286
9.98736 0.0812274
9.99101 0.0808456
9.99505 0.080845
9.99889 0.0806573

