% time_sec delay_sec
1.22334 0.122739
1.22334 0.122739
1.32333 0.122734
1.42344 0.122845
1.52106 0.425141
1.52334 0.122742
1.62333 0.122736
1.72332 0.122724
1.82333 0.122732
1.82346 0.424867
1.92335 0.122748
2.02335 0.122748
2.12023 0.419637
2.12421 0.128293
2.12613 0.124162
2.12837 0.128421
2.1285 0.128549
2.22025 0.21627
2.22423 0.128311
2.22605 0.124087
2.22829 0.128346
2.23236 0.128379
2.23639 0.128377
2.24239 0.130337
2.24649 0.128389
2.25046 0.128328
2.25456 0.128397
2.25854 0.128341
2.26255 0.128315
2.26659 0.128325
2.27066 0.128358
2.2746 0.128267
2.2789 0.12853
2.28562 0.129207
2.28928 0.128825
2.28941 0.128954
2.29338 0.128894
2.29678 0.128259
2.30101 0.128453
2.30505 0.12846
2.30889 0.128267
2.31293 0.128273
2.31706 0.128372
2.32244 0.129722
2.32612 0.124154
2.32625 0.128316
2.32638 0.128444
2.3324 0.130436
2.33631 0.128297
2.34109 0.129039
2.34455 0.128469
2.34849 0.128378
2.35279 0.128641
2.35654 0.128359
2.36058 0.128364
2.36462 0.128366
2.37064 0.130357
2.3749 0.128564
2.37907 0.128699
2.38326 0.128862
2.38723 0.128799
2.39114 0.128674
2.39127 0.128803
2.39499 0.128487
2.39512 0.128615
2.39883 0.128299
2.40284 0.128266
2.40691 0.128304
2.41302 0.130388
2.41706 0.128373
2.42305 0.13033
2.42613 0.124163
2.42683 0.128901
2.43042 0.128456
2.43427 0.128269
2.43905 0.129014
2.44238 0.128312
2.44648 0.128381
2.45039 0.128254
2.45449 0.128323
2.46055 0.130348
2.46458 0.128333
2.46862 0.128335
2.47266 0.128341
2.4766 0.128253
2.48096 0.128576
2.48109 0.128704
2.48532 0.128899
2.4891 0.128646
2.49326 0.128777
2.49678 0.128262
2.50287 0.1283
2.50703 0.128431
2.50716 0.128559
2.51132 0.128686
2.51504 0.128369
2.5202 0.129495
2.52417 0.128258
2.5261 0.12413
2.52834 0.128389
2.53225 0.128263
2.53237 0.128392
2.53638 0.128362
2.5408 0.128751
2.54093 0.128879
2.54439 0.12831
2.55045 0.130335
2.55455 0.128387
2.55853 0.12833
2.56251 0.128274
2.56661 0.128346
2.57056 0.128255
2.5746 0.128261
2.57895 0.128587
2.58267 0.128271
2.58933 0.130899
2.59331 0.128823
2.5969 0.128378
2.60096 0.128412
2.60512 0.128539
2.60888 0.128257
2.61298 0.128325
2.61695 0.128265
2.62298 0.130257
2.62605 0.124086
2.62631 0.128376
2.63022 0.128251
2.63438 0.128378
2.64107 0.131043
2.6446 0.128519
2.64838 0.128268
2.65281 0.12866
2.65656 0.128378
2.66048 0.128259
2.66461 0.128358
2.66865 0.128364
2.67268 0.128366
2.67941 0.131062
2.68018 0.131829
2.68396 0.129559
2.68723 0.128795
2.69114 0.12867
2.69127 0.128798
2.69517 0.128673
2.6995 0.128965
2.7029 0.128329
2.70693 0.128332
2.71129 0.128657
2.71494 0.128274
2.7202 0.127477
2.7243 0.128382
2.72612 0.124157
2.73038 0.130436
2.73436 0.12836
2.73901 0.128977
2.74253 0.128466
2.74266 0.128595
2.74647 0.128375
2.75039 0.128256
2.75449 0.128325
2.75856 0.128362
2.7626 0.128364
2.76855 0.130288
2.76868 0.130416
2.77269 0.128371
2.77663 0.128283
2.78105 0.128668
2.78528 0.128862
2.78887 0.128418
2.79345 0.128966
2.79678 0.12826
2.80101 0.128455
2.8071 0.130512
2.81139 0.128754
2.81152 0.128883
2.81504 0.128371
2.82023 0.129528
2.82421 0.128291
2.82616 0.124194
2.8284 0.128454
2.83231 0.128332
2.83629 0.128275
2.83642 0.128404
2.84113 0.12908
2.8444 0.128315
2.84837 0.128251
2.85279 0.128643
2.85859 0.130411
2.86257 0.128338
2.86661 0.128347
2.87056 0.128256
2.87472 0.128391
2.87899 0.128619
2.8827 0.128303
2.88699 0.12856
2.8909 0.128435
2.89686 0.130361
2.90096 0.12841
2.90109 0.128539
2.90496 0.128374
2.90899 0.128375
2.91303 0.128378
2.91703 0.128349
2.92267 0.129955
2.92617 0.124201
2.92642 0.128491
2.9304 0.128432
2.93437 0.128368
2.93904 0.129008
2.94269 0.128626
2.94282 0.128755
2.94849 0.130396
2.95292 0.128766
2.95644 0.128259
2.95657 0.128387
2.96048 0.128268
2.96462 0.128371
2.9686 0.128315
2.97257 0.128255
2.97693 0.128576
2.98083 0.128451
2.98096 0.128579
2.98743 0.131016
2.99121 0.128746
2.99134 0.128874
2.99512 0.128621
2.99915 0.12862
3.00294 0.128369
3.00695 0.128347
3.01134 0.128703
3.01493 0.128258
3.02025 0.129547
3.02429 0.128371
3.02608 0.124116
3.02864 0.128694
3.03236 0.128378
3.03867 0.130656
3.0388 0.130784
3.04239 0.128323
3.04649 0.128395
3.05041 0.128275
3.05451 0.128345
3.05855 0.128354
3.06259 0.128359
3.06663 0.128364
3.07067 0.128366
3.07663 0.130297
3.07676 0.130425
3.08067 0.128283
3.0848 0.128378
3.0888 0.12835
3.08893 0.128478
3.09332 0.128835
3.09678 0.128264
3.10095 0.128395
3.10486 0.128276
3.1089 0.128277
3.11495 0.130299
3.11767 0.126968
3.12267 0.127933
3.1261 0.124133
3.12847 0.130538
3.13238 0.128399
3.13642 0.128405
3.14091 0.128859
3.14104 0.128987
3.14453 0.128448
3.14844 0.128326
3.15287 0.128718
3.15655 0.12837
3.16056 0.128344
3.16665 0.1304
3.17062 0.128324
3.17485 0.128521
3.17909 0.128718
3.18328 0.128881
3.18725 0.128818
3.19103 0.128565
3.19484 0.128342
3.19882 0.128283
3.20509 0.130523
3.20897 0.128349
3.21301 0.128355
3.21708 0.128392
3.22282 0.130096
3.22615 0.124186
3.22686 0.128924
3.23041 0.128448
3.23439 0.128389
3.23875 0.128717
3.24253 0.128464
3.24266 0.128592
3.24637 0.128275
3.25051 0.128374
3.25647 0.130303
3.2566 0.130432
3.26054 0.128323
3.26464 0.128391
3.26865 0.128366
3.27265 0.128337
3.27692 0.128568
3.28096 0.128572
3.28486 0.128447
3.28909 0.128641
3.29518 0.130696
3.29956 0.129029
3.30296 0.128393
3.30696 0.128361
3.30709 0.128489
3.31135 0.128709
3.31506 0.128392
3.32022 0.129519
3.3242 0.128281
3.32612 0.124154
3.32849 0.128542
3.33237 0.128384
3.33637 0.128355
3.34089 0.128841
3.34647 0.130384
3.35041 0.128279
3.35086 0.128727
3.35451 0.128348
3.35859 0.128389
3.36263 0.128395
3.36661 0.128338
3.37067 0.128372
3.37465 0.128312
3.37894 0.128575
3.38567 0.131269
3.38945 0.128999
3.3933 0.128811
3.39682 0.128304
3.40099 0.128436
3.40493 0.128341
3.40505 0.128469
3.4089 0.128276
3.41296 0.12831
3.41697 0.12828
3.42254 0.129825
3.42613 0.124163
3.42626 0.128325
3.42638 0.128453
3.43036 0.128394
3.43635 0.130354
3.44109 0.129045
3.44462 0.128538
3.4484 0.128287
3.44853 0.128416
3.45283 0.128679
3.45658 0.128397
3.46059 0.128371
3.4646 0.128346
3.46863 0.128347
3.47491 0.130595
3.47504 0.130724
3.48017 0.1298
3.48318 0.128779
3.48709 0.128654
3.48722 0.128783
3.49125 0.128786
3.4951 0.128598
3.49927 0.12873
3.50285 0.128285
3.50692 0.128323
3.51305 0.130411
3.51702 0.12833
3.52028 0.127565
3.52612 0.124151
3.52759 0.131674
3.53041 0.128445
3.53438 0.128386
3.539 0.128971
3.54266 0.128589
3.54637 0.128273
3.5505 0.128371
3.55448 0.128312
3.55855 0.128349
3.56458 0.130343
3.56868 0.128394
3.57265 0.128334
3.57663 0.128277
3.58111 0.128729
3.58566 0.129243
3.58918 0.128733
3.59325 0.128767
3.59338 0.128896
3.59681 0.128287
3.60296 0.130407
3.60709 0.128487
3.61097 0.128329
3.61141 0.128777
3.61507 0.128398
3.62023 0.129524
3.6242 0.128286
3.62433 0.128415
3.62619 0.124221
3.6283 0.128352
3.62843 0.12848
3.63237 0.128389
3.63641 0.128395
3.6409 0.12885
3.64442 0.128342
3.64846 0.128348
3.65449 0.130343
3.65462 0.130471
3.6586 0.128398
3.66251 0.128275
3.66264 0.128404
3.66665 0.128378
3.67069 0.128385
3.67472 0.128391
3.67892 0.128557
3.6828 0.1284
3.68709 0.128657
3.68722 0.128786
3.69343 0.130965
3.69683 0.128313
3.70093 0.128378
3.7049 0.128314
3.7089 0.128285
3.71298 0.128323
3.71708 0.128391
3.72269 0.129966
3.72281 0.130094
3.72618 0.124211
3.72643 0.128501
3.73031 0.128345
3.73434 0.128344
3.73902 0.128988
3.74466 0.130594
3.74844 0.128327
3.7528 0.128653
3.75293 0.128781
3.75658 0.128402
3.7605 0.128282
3.7646 0.128354
3.76864 0.12836
3.77268 0.128363
3.77691 0.128559
3.78396 0.131572
3.78735 0.12892
3.79126 0.128795
3.79517 0.12867
3.79949 0.128957
3.80295 0.128384
3.80696 0.128356
3.81093 0.128295
3.81496 0.128294
3.82022 0.129517
3.82419 0.12828
3.82612 0.124152
3.82836 0.128411
3.83445 0.130469
3.8383 0.12827
3.83875 0.128718
3.84234 0.128274
3.84247 0.128402
3.84638 0.12828
3.84651 0.128409
3.85045 0.128321
3.85456 0.12839
3.85856 0.12836
3.8626 0.128362
3.86663 0.128367
3.87272 0.130421
3.87664 0.128285
3.8808 0.128417
3.88529 0.128868
3.889 0.128552
3.89358 0.1291
3.89691 0.128394
3.90088 0.128332
3.90511 0.128529
3.91142 0.130804
3.91495 0.12828
3.91763 0.126928
3.92429 0.129559
3.92618 0.124218
3.92843 0.128477
3.93237 0.128386
3.93634 0.12833
3.94109 0.129041
3.94455 0.128467
3.94846 0.128341
3.95243 0.128284
3.95654 0.128353
3.96256 0.130347
3.96667 0.128401
3.97058 0.128279
3.97475 0.128414
3.97908 0.128708
3.98324 0.12884
3.98708 0.128649
3.99099 0.128525
3.99484 0.128337
4.00105 0.130519
4.00512 0.128538
4.00896 0.128345
4.013 0.128351
4.01707 0.128384
4.02274 0.130025
4.02614 0.124173
4.02684 0.128911
4.03037 0.128404
4.0305 0.128533
4.03434 0.128345
4.03902 0.128989
4.04254 0.128479
4.04646 0.128356
4.0529 0.130763
4.05652 0.128335
4.06059 0.128375
4.06463 0.128378
4.06857 0.12829
4.07265 0.12833
4.07672 0.12837
4.08073 0.128342
4.08477 0.128348
4.09111 0.130659
4.0948 0.128294
4.09911 0.128576
4.10286 0.128294
4.107 0.128393
4.11135 0.128718
4.11497 0.128303
4.1203 0.129592
4.12427 0.128355
4.12619 0.124227
4.12843 0.128487
4.13234 0.128361
4.13638 0.128362
4.1424 0.130354
4.14253 0.130482
4.14641 0.128308
4.15048 0.128345
4.15458 0.128414
4.15856 0.128357
4.16253 0.128301
4.16661 0.128341
4.17064 0.128343
4.17468 0.128346
4.1809 0.130532
4.18573 0.129317
4.18939 0.128935
4.19361 0.129129
4.19691 0.128396
4.20101 0.128462
4.20493 0.12834
4.20893 0.128307
4.21297 0.128313
4.21774 0.129055
4.22255 0.127812
4.2262 0.124233
4.22633 0.128395
4.22645 0.128523
4.23238 0.130418
4.23642 0.128407
4.2411 0.129053
4.24457 0.128483
4.24841 0.128294
4.25284 0.128686
4.25659 0.128404
4.26056 0.128347
4.2646 0.128349
4.27065 0.130371
4.27492 0.128582
4.27908 0.128717
4.28318 0.128782
4.28728 0.128849
4.29119 0.128724
4.29523 0.128727
4.29885 0.128314
4.30288 0.128312
4.30897 0.130369
4.31304 0.12839
4.31701 0.128326
4.32281 0.130092
4.32615 0.124182
4.32685 0.12892
4.32698 0.129048
4.33038 0.128413
4.33435 0.128353
4.33897 0.128935
4.34243 0.128362
4.3465 0.128399
4.35047 0.128339
4.35448 0.12831
4.36057 0.130366
4.3646 0.128352
4.36864 0.128357
4.37268 0.128364
4.37691 0.128564
4.38111 0.128727
4.38489 0.128474
4.38899 0.12854
4.39328 0.1288
4.39956 0.131037
4.40298 0.128416
4.40708 0.128481
4.41134 0.128709
4.41496 0.128295
4.42022 0.129519
4.42035 0.129647
4.42432 0.12841
4.42612 0.124154
4.42836 0.128413
4.42849 0.128541
4.4324 0.128415
4.43637 0.128355
4.44095 0.128903
4.44445 0.128364
4.45086 0.130744
4.45451 0.128349
4.45855 0.128354
4.46259 0.12836
4.46664 0.128369
4.47068 0.128375
4.47468 0.128347
4.47898 0.12861
4.48269 0.128294
4.48936 0.130922
4.49333 0.128846
4.49692 0.128401
4.50102 0.128467
4.50505 0.128465
4.50902 0.128405
4.513 0.128345
4.5171 0.128413
4.52268 0.129957
4.52281 0.130086
4.5262 0.124234
4.52633 0.128395
4.52646 0.128524
4.53036 0.128398
4.53434 0.128339
4.54113 0.131101
4.54466 0.128577
4.54847 0.128358
4.5528 0.128652
4.55293 0.12878
4.55649 0.128304
4.56053 0.128313
4.5646 0.12835
4.56864 0.128352
4.57268 0.128358
4.58014 0.13179
4.58405 0.129649
4.58719 0.128756
4.58732 0.128885
4.59126 0.128791
4.59517 0.128666
4.59949 0.128957
4.60298 0.128415
4.60696 0.128355
4.61132 0.128681
4.61702 0.130348
4.62022 0.127505
4.62432 0.128409
4.62612 0.124154
4.63038 0.130429
4.63051 0.130557
4.63435 0.128353
4.63903 0.129001
4.64268 0.128619
4.6465 0.1284
4.64663 0.128528
4.65051 0.128374
4.65448 0.128314
4.65855 0.128351
4.66259 0.128353
4.66857 0.130308
4.67271 0.128391
4.67697 0.128622
4.68107 0.128688
4.6853 0.128883
4.68889 0.128438
4.69347 0.128986
4.69683 0.128312
4.70106 0.128506
4.70708 0.130497
4.70721 0.130625
4.71141 0.12877
4.71496 0.12829
4.72031 0.129612
4.72422 0.128308
4.72435 0.128437
4.72621 0.124243
4.72845 0.128502
4.73239 0.128411
4.73643 0.128417
4.74105 0.129
4.74118 0.129128
4.74445 0.128364
4.74845 0.128335
4.75288 0.128727
4.75862 0.130433
4.76259 0.128355
4.76663 0.128365
4.7707 0.128402
4.77474 0.128409
4.779 0.128637
4.78272 0.12832
4.78701 0.128578
4.79092 0.128453
4.79685 0.130347
4.80108 0.128524
4.80498 0.128394
4.80511 0.128523
4.80902 0.128396
4.81299 0.128336
4.81702 0.128338
4.8233 0.130584
4.82622 0.124253
4.82743 0.129502
4.83038 0.128419
4.83435 0.128355
4.83903 0.128999
4.84268 0.128617
4.84281 0.128746
4.84852 0.130418
4.853 0.128851
4.85659 0.128409
4.86051 0.12829
4.86461 0.128359
4.86859 0.128302
4.87263 0.128309
4.87689 0.128536
4.88092 0.12854
4.88733 0.130914
4.89124 0.128772
4.89137 0.1289
4.89502 0.128519
4.89515 0.128647
4.89919 0.12865
4.90297 0.1284
4.90697 0.128371
4.91136 0.128728
4.91498 0.128313
4.92018 0.129475
4.92428 0.128361
4.9262 0.124234
4.92831 0.128365
4.92844 0.128493
4.93232 0.128336
4.93876 0.130747
4.94238 0.128317
4.94652 0.128416
4.95043 0.128293
4.95453 0.128362
4.95857 0.128372
4.96258 0.128346
4.96661 0.128348
4.97065 0.12835
4.97703 0.130695
4.98088 0.128491
4.98558 0.129165
4.98571 0.129293
4.98891 0.128463
4.99359 0.129109
4.99693 0.128407
5.0009 0.128345
5.00494 0.128357
5.00892 0.128296
5.01504 0.130385
5.01769 0.126988
5.0225 0.127761
5.02621 0.124249
5.02846 0.130525
5.03237 0.128386
5.03634 0.12833
5.03647 0.128458
5.04109 0.129041
5.04458 0.128502
5.04853 0.12841
5.05285 0.128704
5.0565 0.128321
5.06057 0.128357
5.0667 0.130448
5.07064 0.12834
5.07471 0.12838
5.07897 0.128608
5.0791 0.128736
5.08282 0.128423
5.08696 0.128523
5.09087 0.128397
5.09483 0.128333
5.09894 0.128402
5.10492 0.130352
5.10893 0.12831
5.11297 0.128316
5.11704 0.128353
5.12306 0.130341
5.12614 0.124174
5.12697 0.12904
5.13037 0.128405
5.13438 0.128376
5.13899 0.128958
5.14245 0.128385
5.14652 0.128423
5.15046 0.128331
5.15655 0.130388
5.16056 0.128346
5.16463 0.128383
5.16867 0.128388
5.17268 0.12836
5.17681 0.128463
5.18101 0.128626
5.18492 0.128501
5.18915 0.128695
5.19533 0.130843
5.19958 0.129044
5.20301 0.128439
5.20714 0.128535
5.21139 0.128755
5.21511 0.128438
5.2203 0.129596
5.22427 0.128358
5.2262 0.124231
5.22857 0.128618
5.23241 0.12843
5.23635 0.128331
5.24096 0.128913
5.24657 0.130488
5.25048 0.128348
5.25458 0.128417
5.25862 0.128422
5.26266 0.128428
5.2667 0.128434
5.27064 0.128343
5.27471 0.128377
5.27904 0.128671
5.28577 0.131365
5.28955 0.129094
5.29371 0.129226
5.29685 0.128334
5.29698 0.128462
5.30102 0.128466
5.30493 0.12834
5.30505 0.128468
5.30905 0.128435
5.31299 0.12834
5.31713 0.128439
5.32283 0.130109
5.32612 0.124155
5.32625 0.128317
5.32638 0.128446
5.33032 0.128352
5.33637 0.130374
5.3365 0.130502
5.34115 0.129099
5.34467 0.128592
5.34852 0.128404
5.35285 0.128698
5.3566 0.128416
5.36054 0.128328
5.36458 0.128334
5.36862 0.128336
5.37503 0.130716
5.38016 0.129793
5.38397 0.12957
5.38724 0.128806
5.39128 0.12881
5.39512 0.128622
5.39929 0.12875
5.4029 0.128332
5.40694 0.128338
5.41303 0.130396
5.41707 0.128385
5.42031 0.127589
5.42614 0.124176
5.42697 0.131059
5.4305 0.128535
5.43435 0.128347
5.43447 0.128476
5.43877 0.128738
5.44268 0.128613
5.44652 0.128424
5.4505 0.128364
5.4545 0.128335
5.45854 0.128341
5.46466 0.130425
5.4687 0.128414
5.47264 0.128323
5.47277 0.128451
5.47703 0.128683
5.48107 0.128686
5.4853 0.128881
5.48908 0.128628
5.49328 0.12879
5.4934 0.128919
5.49683 0.12831
5.50292 0.130365
5.50718 0.128576
5.51144 0.1288
5.51509 0.128417
5.52034 0.129641
5.52425 0.128338
5.52438 0.128466
5.52614 0.124175
5.52838 0.128435
5.53229 0.128312
5.53633 0.128318
5.54095 0.128901
5.54444 0.128358
5.54848 0.128364
5.55464 0.130488
5.55861 0.12841
5.56262 0.128385
5.56669 0.128425
5.57073 0.128432
5.57477 0.128438
5.579 0.128635
5.58272 0.128319
5.58714 0.128704
5.59345 0.130981
5.59685 0.128328
5.59698 0.128457
5.60098 0.128425
5.60111 0.128554
5.60508 0.128494
5.60905 0.128429
5.61308 0.128432
5.61712 0.128434
5.62295 0.130232
5.62622 0.124251
5.62647 0.128541
5.63032 0.128354
5.63436 0.128357
5.639 0.128969
5.64474 0.130673
5.64487 0.130801
5.64852 0.128406
5.65298 0.128828
5.65653 0.128352
5.66064 0.128423
5.66458 0.128332
5.66862 0.128338
5.67266 0.128344
5.67689 0.128541
5.68407 0.131683
5.6842 0.131811
5.68849 0.130051
5.69131 0.128839
5.69522 0.128715
5.69534 0.128843
5.69954 0.129006
5.70031 0.129773
5.703 0.128432
5.70691 0.12831
5.71098 0.128339
5.71501 0.128342
5.72021 0.129504
5.72424 0.128329
5.72617 0.124202
5.72841 0.128461
5.7344 0.130421
5.73873 0.128702
5.74245 0.128386
5.74655 0.128454
5.7505 0.128366
5.7546 0.128435
5.75855 0.128347
5.76259 0.128353
5.76659 0.128324
5.77274 0.130444
5.77698 0.128627
5.77711 0.128756
5.78082 0.12844
5.78531 0.128891
5.78544 0.129019
5.7889 0.128446
5.78903 0.128575
5.79348 0.128994
5.79684 0.12832
5.80094 0.128386
5.80507 0.128486
5.81154 0.130924
5.81501 0.128338
5.8177 0.126993
5.82439 0.129654
5.82622 0.124251
5.82846 0.12851
5.8324 0.128419
5.83644 0.128425
5.84118 0.129133
5.84458 0.128496
5.84849 0.12837
5.85285 0.128696
5.8565 0.128312
5.86259 0.130373
5.86272 0.130501
5.86669 0.128424
5.87073 0.12843
5.87493 0.128596
5.87916 0.128793
5.88288 0.128477
5.88717 0.128734
5.89095 0.128481
5.89511 0.128613
5.89524 0.128741
5.90114 0.130605
5.90511 0.12852
5.90898 0.128358
5.91302 0.128365
5.91709 0.128402
5.9233 0.130585
5.92622 0.124255
5.92648 0.128545
5.93032 0.128357
5.93045 0.128486
5.93436 0.12836
5.93901 0.128973
5.94247 0.1284
5.94651 0.128406
5.95301 0.13088
5.9566 0.128421
5.96065 0.128431
5.96462 0.128371
5.96866 0.128377
5.97273 0.128414
5.97687 0.128517
5.98087 0.128486
5.98491 0.128489
5.99144 0.130988
5.99535 0.128846
5.99957 0.129036
6.003 0.128431
6.00701 0.128405
6.00714 0.128533
6.01098 0.128344
6.01511 0.128444
6.02031 0.129605
6.02435 0.128433
6.02614 0.124177
6.02838 0.128437
6.03232 0.128342
6.03636 0.128344
6.04245 0.130401
6.04649 0.12839
6.05053 0.128395
6.0545 0.128336
6.05463 0.128464
6.05861 0.128407
6.06268 0.128448
6.06659 0.128325
6.07066 0.128358
6.07467 0.128332
6.08088 0.130513
6.08482 0.128402
6.08921 0.128755
6.09344 0.128952
6.09683 0.128315
6.101 0.128447
6.10494 0.128354
6.10897 0.128352
6.11301 0.128358
6.11843 0.129741
6.12272 0.127985
6.12634 0.124371
6.12646 0.128533
6.13246 0.13049
6.13646 0.128448
6.14114 0.129093
6.14457 0.128489
6.1447 0.128617
6.14851 0.128394
6.15284 0.128688
6.15297 0.128817
6.15652 0.12834
6.16056 0.128345
6.1646 0.128348
6.17066 0.130373
6.17079 0.130502
6.17505 0.128713
6.17915 0.128781
6.1829 0.128496
6.1884 0.129969
6.1911 0.128629
6.19123 0.128757
6.19526 0.128761
6.19898 0.128444
6.20291 0.128346
6.20897 0.130368
6.21301 0.128357
6.21314 0.128486
6.21705 0.128359
6.22284 0.130125
6.22297 0.130254
6.22615 0.12418
6.22762 0.129686
6.23044 0.128474
6.23441 0.128414
6.239 0.128965
6.24246 0.128392
6.24643 0.128332
6.2505 0.128369
6.25451 0.12834
6.2606 0.1304
6.26467 0.128417
6.26874 0.128454
6.27271 0.128394
6.27685 0.128497
6.28114 0.128758
6.28479 0.128376
6.28492 0.128504
6.28902 0.12857
6.29332 0.12883
6.29956 0.131037
6.30295 0.128384
6.30708 0.12848
6.31134 0.128704
6.31147 0.128833
6.31512 0.128449
6.32022 0.129513
6.32034 0.129642
6.32425 0.128338
6.32438 0.128467
6.32618 0.124211
6.32842 0.12847
6.33242 0.128441
6.33646 0.128443
6.34091 0.128863
6.3445 0.128421
6.35092 0.130801
6.3547 0.128534
6.35855 0.128349
6.36269 0.128452
6.36669 0.128427
6.37064 0.128336
6.37474 0.128404
6.37929 0.128921
6.38275 0.128348
6.38954 0.131104
6.3937 0.129219
6.39383 0.129348
6.39697 0.128455
6.40091 0.128362
6.40104 0.12849
6.40508 0.128492
6.40905 0.128432
6.41302 0.128372
6.41703 0.128343
6.42299 0.13027
6.42632 0.124352
6.42644 0.128513
6.43042 0.128454
6.43439 0.128391
6.44112 0.131086
6.44471 0.128628
6.44852 0.128409
6.45295 0.128796
6.45663 0.128448
6.46067 0.128457
6.46459 0.128335
6.46862 0.128337
6.47266 0.128344
6.48025 0.131904
6.48403 0.129634
6.4873 0.12887
6.49121 0.128745
6.49134 0.128873
6.49512 0.12862
6.49525 0.128748
6.49954 0.129004
6.5029 0.128334
6.50694 0.128336
6.51136 0.128728
6.51713 0.130461
6.52034 0.127618
6.52425 0.128331
6.52617 0.124204
6.53053 0.13058
6.53437 0.128375
6.53899 0.128961
6.53912 0.129089
6.54245 0.128388
6.54656 0.128457
6.55053 0.1284
6.55451 0.12834
6.55855 0.128346
6.56258 0.128348
6.56873 0.130463
6.57286 0.128546
6.57706 0.128711
6.5811 0.128715
6.58533 0.128909
6.58924 0.128784
6.5933 0.128819
6.59685 0.128335
6.60095 0.128401
6.60108 0.128529
6.6072 0.130614
6.61155 0.128919
6.61511 0.128438
6.62036 0.129658
6.62427 0.128355
6.6244 0.128483
6.62622 0.124258
6.62847 0.128518
6.63244 0.128458
6.63635 0.128335
6.6411 0.129046
6.64446 0.128379
6.64849 0.128377
6.65292 0.128769
6.65862 0.13044
6.6626 0.128363
6.6667 0.128435
6.67064 0.128344
6.67478 0.128443
6.67904 0.128671
6.68276 0.128355
6.68705 0.128613
6.69096 0.128488
6.69692 0.130413
6.70108 0.128528
6.70502 0.12843
6.70514 0.128558
6.70905 0.128431
6.71302 0.128372
6.71706 0.128378
6.72283 0.130113
6.72626 0.124292
6.72747 0.129541
6.73042 0.128458
6.73433 0.128332
6.73901 0.128976
6.74247 0.128403
6.74852 0.130425
6.75291 0.128765
6.75304 0.128893
6.75663 0.128452
6.76055 0.128332
6.76465 0.128401
6.76872 0.128438
6.77276 0.128444
6.77686 0.128508
6.7809 0.128512
6.78102 0.12864
6.78743 0.131014
6.79134 0.128873
6.79525 0.128748
6.79954 0.129004
6.803 0.12843
6.80694 0.128339
6.81139 0.128758
6.81501 0.128344
6.82034 0.129634
6.82437 0.128459
6.82617 0.124203
6.82841 0.128462
6.83232 0.12834
6.83902 0.131008
6.83915 0.131137
6.84248 0.128419
6.84656 0.128456
6.85088 0.12875
6.85454 0.128371
6.85858 0.128376
6.86268 0.128448
6.86662 0.128353
6.87066 0.128355
6.87713 0.130794
6.8812 0.128811
6.88574 0.129325
6.88939 0.128944
6.89356 0.129075
6.89696 0.12844
6.90093 0.128378
6.90497 0.128384
6.90907 0.128456
6.91507 0.130416
6.91769 0.126989
6.9225 0.127762
6.92622 0.12425
6.92846 0.130526
6.92859 0.130654
6.93243 0.128449
6.93637 0.128358
6.9365 0.128486
6.94112 0.129069
6.94458 0.128499
6.94849 0.128373
6.95285 0.128698
6.95653 0.128346
6.96057 0.128351
6.96669 0.130443
6.97067 0.128367
6.9749 0.128563
6.97907 0.128698
6.98291 0.12851
6.984 0.129597
6.98733 0.128896
6.99098 0.128514
6.99486 0.128358
6.99896 0.128427
7.00543 0.130864
7.00896 0.12834
7.013 0.128346
7.01707 0.128379
7.02286 0.130144
7.02626 0.124292
7.0276 0.129669
7.03042 0.128458
7.0344 0.128398
7.03901 0.12898
7.04247 0.128407
7.04651 0.128413
7.05049 0.128355
7.05658 0.130413
7.06065 0.128436
7.0646 0.128345
7.0687 0.128417
7.07277 0.128454
7.07681 0.128462
7.08072 0.128337
7.08479 0.12837
7.08895 0.128502
7.09495 0.130461
7.09958 0.129047
7.10301 0.128445
7.10711 0.128508
7.1114 0.128767
7.11512 0.12845
7.12034 0.129638
7.12438 0.128463
7.12617 0.124207
7.12854 0.128595
7.13245 0.128469
7.13649 0.128471
7.14091 0.128859
7.14661 0.130532
7.15091 0.128778
7.15456 0.128399
7.15469 0.128527
7.15863 0.128435
7.16264 0.128406
7.16671 0.128443
7.17075 0.128445
7.17485 0.128514
7.17902 0.128648
7.18574 0.131342
7.18587 0.131471
7.18952 0.129072
7.19382 0.129332
7.19696 0.12844
7.19741 0.128888
7.20106 0.128506
7.20512 0.128539
7.209 0.128378
7.21313 0.128477
7.21717 0.128479
7.22287 0.130149
7.22626 0.124293
7.22639 0.128455
7.22651 0.128583
7.23036 0.128396
7.23651 0.130515
7.24119 0.129143
7.24475 0.128667
7.24853 0.128417
7.25299 0.12884
7.25664 0.12846
7.26068 0.128465
7.26462 0.128371
7.26866 0.128372
7.27507 0.130752
7.28026 0.129891
7.28404 0.129638
7.28731 0.128874
7.29135 0.128877
7.29538 0.128881
7.29922 0.128689
7.29935 0.128818
7.30294 0.128369
7.30697 0.128372
7.31313 0.130495
7.31714 0.128449
7.32024 0.127525
7.32617 0.124204
7.327 0.131088
7.3304 0.128435
7.33053 0.128564
7.33441 0.128407
7.33902 0.128989
7.33915 0.129117
7.34248 0.128416
7.34655 0.128453
7.35091 0.128778
7.35453 0.128364
7.35857 0.128366
7.36469 0.130454
7.36872 0.128439
7.37279 0.128476
7.37709 0.128735
7.38125 0.128867
7.3849 0.128485
7.38535 0.128933
7.38916 0.128711
7.39333 0.128842
7.39688 0.128358
7.40297 0.130413
7.40719 0.128589
7.41145 0.128813
7.41158 0.128942
7.41513 0.128461
7.42036 0.129654
7.42439 0.128479
7.42631 0.124347
7.42843 0.128478
7.43234 0.128356
7.43647 0.128459
7.44099 0.128945
7.44448 0.128402
7.44852 0.128408
7.45471 0.130562
7.45862 0.128423
7.4626 0.128366
7.46273 0.128495
7.4667 0.128434
7.47077 0.128468
7.47481 0.128474
7.47494 0.128602
7.47901 0.12864
7.48285 0.128452
7.48714 0.128709
7.48727 0.128838
7.4938 0.131336
7.49695 0.128427
7.49707 0.128556
7.50098 0.128431
7.50499 0.128402
7.50512 0.12853
7.50909 0.128466
7.51312 0.128468
7.51716 0.12847
7.52299 0.130268
7.52625 0.124288
7.52651 0.128578
7.53036 0.12839
7.53439 0.128393
7.539 0.128971
7.54477 0.130706
7.5449 0.130834
7.54855 0.128438
7.55301 0.128861
7.55666 0.128482
7.56064 0.128421
7.5647 0.128454
7.56874 0.12846
7.57268 0.128365
7.57685 0.128499
7.58415 0.131769
7.58742 0.128989
7.59133 0.128864
7.59527 0.12877
7.60033 0.129793
7.60302 0.128453
7.60696 0.128362
7.61132 0.128683
7.61504 0.128366
7.62033 0.129625
7.62436 0.12845
7.62616 0.124194
7.6284 0.128454
7.63443 0.128428
7.63901 0.128979
7.63914 0.129107
7.64247 0.128406
7.64657 0.128474
7.65055 0.128417
7.65452 0.128358
7.65866 0.128461
7.6626 0.128369
7.66664 0.128371
7.67288 0.130584
7.67708 0.128733
7.68093 0.128545
7.68545 0.129028
7.68935 0.128903
7.69352 0.129034
7.69688 0.12836
7.70098 0.128426
7.70508 0.128495
7.71155 0.130933
7.71511 0.12844
7.71773 0.127029
7.7244 0.129659
7.72622 0.124256
7.72846 0.128516
7.72859 0.128644
7.73244 0.128456
7.73648 0.128462
7.74112 0.129075
7.74461 0.128532
7.74852 0.128406
7.75288 0.128732
7.75656 0.12838
7.76272 0.130506
7.7667 0.128433
7.77074 0.128439
7.77494 0.128605
7.77917 0.128802
7.78292 0.128517
7.78721 0.128774
7.79099 0.128521
7.79519 0.128684
7.80108 0.130547
7.80121 0.130676
7.80511 0.128529
7.80899 0.128367
7.81303 0.128374
7.81706 0.128376
7.82286 0.130142
7.82626 0.12429
7.82651 0.128581
7.82696 0.129028
7.83049 0.128521
7.83439 0.128396
7.83901 0.128977
7.84247 0.128404
7.84651 0.128411
7.85302 0.128867
7.85315 0.128996
7.85661 0.128426
7.86068 0.128466
7.86466 0.128406
7.8687 0.128412
7.87273 0.128415
7.87687 0.128518
7.88097 0.128583
7.88532 0.128906
7.89144 0.130992
7.89522 0.128722
7.89535 0.12885
7.90024 0.129706
7.90303 0.128463
7.90707 0.128465
7.91143 0.128791
7.91505 0.128377
7.92033 0.129631
7.92437 0.128456
7.9262 0.124232
7.92844 0.128491
7.93244 0.128462
7.93917 0.131157
7.94282 0.128759
7.94657 0.128473
7.95052 0.128385
7.95452 0.128357
7.95465 0.128485
7.95863 0.128429
7.96264 0.128403
7.96671 0.12844
7.97068 0.128376
7.97484 0.128507
7.98106 0.130693
7.98587 0.129447
7.98952 0.129065
7.99365 0.129162
7.99378 0.129291
7.99698 0.12846
8.00108 0.128527
8.00502 0.128438
8.009 0.128377
8.01304 0.128384
8.01845 0.129764
8.02255 0.127816
8.02623 0.124265
8.02873 0.130798
8.03248 0.128495
8.03645 0.128435
8.04113 0.12908
8.04475 0.128669
8.04853 0.128418
8.05295 0.128805
8.05664 0.128457
8.06058 0.128365
8.06462 0.128367
8.07077 0.128473
8.07472 0.128384
8.07924 0.128869
8.08282 0.128423
8.08295 0.128552
8.08696 0.128523
8.08709 0.128652
8.09103 0.128557
8.0949 0.1284
8.099 0.128465
8.10296 0.128396
8.10905 0.130452
8.11312 0.128472
8.11713 0.128443
8.12347 0.130751
8.12629 0.124327
8.12764 0.129704
8.13046 0.128492
8.13443 0.128433
8.13902 0.128983
8.1428 0.12873
8.14658 0.128479
8.15051 0.12838
8.15667 0.130499
8.16071 0.128492
8.16465 0.128401
8.16876 0.128473
8.17276 0.128444
8.177 0.128645
8.18129 0.128905
8.18494 0.128523
8.18904 0.128589
8.19333 0.128849
8.20024 0.131726
8.20037 0.131854
8.20303 0.128465
8.2071 0.128499
8.21146 0.12882
8.21514 0.128473
8.22037 0.129665
8.2244 0.12849
8.22623 0.124265
8.22847 0.128525
8.23248 0.128496
8.23645 0.128432
8.241 0.128949
8.24661 0.130523
8.24673 0.130652
8.25096 0.128831
8.25462 0.128452
8.25863 0.128427
8.26273 0.128495
8.2667 0.128434
8.27077 0.128468
8.27484 0.128505
8.27904 0.128671
8.28288 0.128483
8.28955 0.129095
8.29384 0.129355
8.29698 0.128462
8.30108 0.128528
8.30515 0.128562
8.30899 0.128373
8.31309 0.128441
8.31716 0.128474
8.32286 0.130144
8.32628 0.124319
8.32641 0.128481
8.33039 0.128422
8.33651 0.13051
8.34119 0.129138
8.34132 0.129267
8.34484 0.12876
8.34853 0.128412
8.35295 0.128803
8.35667 0.12849
8.36065 0.128433
8.36472 0.128467
8.36878 0.1285
8.37506 0.13074
8.37519 0.130868
8.38037 0.130007
8.38403 0.129625
8.38415 0.129753
8.38742 0.128989
8.3912 0.128736
8.39133 0.128864
8.39537 0.128868
8.39925 0.128711
8.40296 0.12839
8.407 0.128393
8.41142 0.128785
8.41716 0.130487
8.42027 0.127547
8.42623 0.124261
8.42706 0.131144
8.43062 0.128652
8.43446 0.128464
8.43902 0.128983
8.43914 0.129112
8.4428 0.12873
8.44657 0.128475
8.45055 0.128415
8.45468 0.128511
8.45871 0.128508
8.46467 0.130433
8.46874 0.128453
8.47278 0.128459
8.47704 0.128687
8.4812 0.128819
8.48562 0.129204
8.48927 0.128823
8.49331 0.128826
8.49344 0.128954
8.49689 0.128373
8.50099 0.128439
8.50112 0.128568
8.50721 0.128604
8.51146 0.128828
8.51159 0.128956
8.51515 0.12848
8.52038 0.129673
8.52441 0.128498
8.52623 0.124269
8.52848 0.128528
8.53245 0.128469
8.53649 0.128474
8.54107 0.129022
8.5445 0.128417
8.54854 0.128424
8.55473 0.130578
8.55861 0.128407
8.56271 0.128479
8.56669 0.128423
8.57079 0.128491
8.57483 0.128498
8.57496 0.128626
8.57916 0.128792
8.58288 0.128476
8.58704 0.128605
8.5938 0.131329
8.59694 0.12842
8.59707 0.128548
8.6011 0.128552
8.60501 0.128426
8.60911 0.12849
8.61311 0.128461
8.61718 0.128494
8.62301 0.130292
8.62314 0.13042
8.62628 0.124311
8.62653 0.128602
8.63038 0.128414
8.63445 0.128448
8.63903 0.128995
8.64489 0.130827
8.64855 0.128431
8.65303 0.128885
8.65666 0.128474
8.6606 0.128382
8.66473 0.128482
8.66877 0.128484
8.6728 0.128486
8.67684 0.128492
8.68415 0.131762
8.68742 0.128981
8.69132 0.128856
8.6953 0.128793
8.70022 0.129689
8.70035 0.129817
8.70305 0.128476
8.70702 0.128416
8.71131 0.128676
8.71506 0.12839
8.72035 0.129649
8.72439 0.128474
8.72618 0.124218
8.72843 0.128477
8.72855 0.128606
8.73452 0.130535
8.73907 0.129037
8.74272 0.128656
8.7466 0.128499
8.75089 0.128761
8.75468 0.128511
8.75862 0.128423
8.76262 0.12839
8.76676 0.128489
8.77284 0.130542
8.77708 0.128726
8.78111 0.128729
8.78124 0.128858
8.78547 0.129052
8.78938 0.128927
8.79354 0.129055
8.79694 0.12842
8.80104 0.128486
8.80498 0.128395
8.80911 0.128494
8.81514 0.128472
8.81815 0.127447
8.82437 0.129633
8.82623 0.124261
8.82847 0.12852
8.83247 0.128491
8.83651 0.128497
8.84119 0.129142
8.84459 0.128507
8.84853 0.128416
8.85296 0.128807
8.85657 0.128389
8.8627 0.13048
8.86667 0.128407
8.87078 0.128476
8.87498 0.128641
8.87991 0.129544
8.88292 0.128523
8.88721 0.12878
8.89099 0.128527
8.89519 0.12869
8.90109 0.130553
8.90122 0.130682
8.90512 0.128535
8.90899 0.128373
8.91306 0.128411
8.91707 0.128382
8.92287 0.130148
8.92626 0.124296
8.92697 0.129034
8.93039 0.12843
8.93443 0.128433
8.93902 0.128983
8.94267 0.128602
8.94648 0.128382
8.95302 0.130887
8.95661 0.128428
8.96072 0.1285
8.96469 0.12844
8.96873 0.128442
8.97276 0.128444
8.97687 0.128516
8.98097 0.128582
8.98109 0.12871
8.98532 0.128905
8.99147 0.131022
8.99525 0.128752
8.99538 0.12888
8.9995 0.128969
9.00303 0.128462
9.0071 0.128501
9.01146 0.128823
9.01508 0.128408
9.02037 0.129663
9.02434 0.128425
9.02626 0.124298
9.02851 0.128557
9.03248 0.128497
9.03642 0.128402
9.04263 0.130584
9.04651 0.128414
9.05055 0.128419
9.05465 0.128488
9.05866 0.128462
9.06267 0.128437
9.06677 0.128501
9.0708 0.128499
9.07483 0.1285
9.08096 0.130588
9.08493 0.128511
9.08941 0.128962
9.09345 0.128969
9.09695 0.128433
9.10099 0.128436
9.10499 0.128406
9.10902 0.128403
9.11306 0.12841
9.11716 0.128478
9.12274 0.128002
9.12623 0.12426
9.12648 0.12855
9.13251 0.130542
9.13645 0.128434
9.14119 0.129145
9.14472 0.128638
9.14857 0.12845
9.15286 0.128713
9.15661 0.128431
9.16071 0.128498
9.16475 0.128501
9.17074 0.13046
9.1751 0.128769
9.18023 0.129862
9.18036 0.12999
9.18414 0.129737
9.18843 0.129994
9.19125 0.128782
9.19516 0.128657
9.19894 0.128403
9.20297 0.128402
9.20912 0.130522
9.21313 0.128476
9.2171 0.128412
9.22312 0.130404
9.2263 0.12433
9.22764 0.129707
9.23046 0.128495
9.23443 0.128436
9.23905 0.129018
9.24251 0.128445
9.24661 0.128513
9.25093 0.128799
9.25465 0.128482
9.26071 0.130511
9.26465 0.128404
9.26876 0.128476
9.2728 0.128482
9.2769 0.12855
9.28126 0.128872
9.28536 0.128939
9.28914 0.128685
9.2933 0.128817
9.30028 0.13176
9.30307 0.128499
9.30713 0.128533
9.31146 0.128823
9.31514 0.128475
9.3204 0.129699
9.32444 0.128524
9.32626 0.124299
9.32851 0.128558
9.33248 0.128495
9.33652 0.1285
9.34094 0.128888
9.34107 0.129017
9.34459 0.12851
9.35097 0.130855
9.35475 0.128587
9.3587 0.128499
9.36264 0.128408
9.36277 0.128536
9.36671 0.128445
9.37078 0.128478
9.37485 0.128516
9.37937 0.129001
9.38283 0.128428
9.38933 0.130896
9.39375 0.129268
9.39702 0.128504
9.40096 0.12841
9.40109 0.128539
9.40516 0.128576
9.4091 0.128485
9.41311 0.128456
9.41717 0.128489
9.42301 0.130287
9.42313 0.130415
9.42627 0.124306
9.42653 0.128597
9.43041 0.12844
9.43447 0.128474
9.44121 0.131174
9.44486 0.128778
9.44855 0.12843
9.45297 0.128822
9.45669 0.128509
9.46066 0.128448
9.46473 0.128481
9.46877 0.128483
9.4728 0.128486
9.48037 0.132015
9.48415 0.129745
9.48729 0.128852
9.49132 0.128856
9.49523 0.128731
9.5002 0.129661
9.50298 0.128414
9.50702 0.128416
9.51138 0.128741
9.51717 0.130502
9.52028 0.127561
9.52432 0.128403
9.52624 0.124276
9.53053 0.130586
9.53451 0.12851
9.53906 0.129029
9.54252 0.128456
9.54672 0.128622
9.55057 0.128433
9.55467 0.128502
9.55867 0.128472
9.56273 0.128501
9.56879 0.130527
9.5729 0.128579
9.57706 0.128713
9.58123 0.128845
9.58565 0.12923
9.5893 0.128849
9.59334 0.128852
9.59347 0.12898
9.59692 0.128399
9.60115 0.128594
9.6072 0.130616
9.61146 0.128823
9.61159 0.128951
9.61514 0.128475
9.6204 0.129699
9.62431 0.128395
9.62444 0.128524
9.62623 0.124268
9.62848 0.128527
9.63248 0.128499
9.63652 0.128504
9.64117 0.129118
9.64456 0.128478
9.6486 0.12848
9.65292 0.128775
9.65873 0.130547
9.66271 0.128474
9.66672 0.128448
9.67082 0.128517
9.67499 0.128652
9.67918 0.128817
9.6829 0.128501
9.68706 0.12863
9.69097 0.128505
9.69693 0.130431
9.69706 0.130559
9.7011 0.128546
9.70503 0.128447
9.70516 0.128576
9.70913 0.128511
9.71307 0.12842
9.71721 0.12852
9.72285 0.130127
9.72627 0.124306
9.72653 0.128596
9.7304 0.12844
9.73447 0.128474
9.73908 0.129051
9.74286 0.128798
9.74857 0.13047
9.75299 0.128845
9.75659 0.128403
9.76066 0.128439
9.76469 0.128442
9.76876 0.128479
9.7728 0.128485
9.77684 0.128487
9.78113 0.128747
9.78741 0.130993
9.7885 0.13208
9.79132 0.128851
9.79145 0.12898
9.79523 0.128726
9.80025 0.129719
9.80304 0.128475
9.80711 0.128513
9.8114 0.128768
9.81509 0.128416
9.82034 0.12964
9.82441 0.128496
9.82624 0.124271
9.82848 0.12853
9.83248 0.128502
9.83906 0.131041
9.83918 0.13117
9.84252 0.128452
9.84265 0.12858
9.84659 0.128489
9.85092 0.128783
9.85457 0.128404
9.85864 0.128444
9.86271 0.128481
9.86675 0.128483
9.87079 0.128485
9.8772 0.130865
9.88105 0.128661
9.8854 0.128984
9.88931 0.128859
9.89367 0.129181
9.897 0.12848
9.90097 0.128417
9.90501 0.12842
9.90911 0.128488
9.91514 0.130483
9.91817 0.127472
9.92276 0.12802
9.92622 0.124255
9.92859 0.130659
9.9325 0.128516
9.93654 0.128522
9.94118 0.129136
9.94464 0.128562
9.94855 0.128436
9.95298 0.128827
9.95669 0.128502
9.96069 0.128477
9.96679 0.130537
9.9707 0.128398
9.975 0.128661
9.97919 0.128827
9.97932 0.128956
9.98403 0.129629
9.98736 0.128928
9.98845 0.130015
9.99101 0.128546
9.99505 0.128546
9.99518 0.128674
9.99902 0.128486

