% time_sec delay_sec
1.11658 0.0164873
1.11658 0.0164873
1.21657 0.0164712
1.31656 0.0164664
1.41453 0.318452
1.41656 0.0164691
1.51656 0.0164665
1.61688 0.0167801
1.71688 0.0167833
1.7172 0.31844
1.81688 0.0167841
1.91589 0.215125
1.91824 0.0181276
1.91992 0.0218207
1.92401 0.0218827
2.01588 0.109718
2.01795 0.0178335
2.01994 0.0218377
2.02408 0.0219489
2.0281 0.0219307
2.03206 0.0218622
2.03612 0.0218866
2.04054 0.0222784
2.04442 0.0221201
2.04823 0.021899
2.05422 0.0218335
2.05832 0.0219003
2.06236 0.0219129
2.06639 0.0219023
2.07041 0.0218882
2.07436 0.021807
2.07449 0.0219354
2.07893 0.0223416
2.08263 0.0220165
2.08689 0.0222411
2.09323 0.0245476
2.09662 0.0218857
2.10063 0.0218575
2.10469 0.0218894
2.10876 0.0219218
2.11405 0.0231775
2.11802 0.0179047
2.11828 0.022195
2.12254 0.0224236
2.12638 0.0222349
2.13016 0.021981
2.13407 0.0218555
2.14083 0.0245782
2.14448 0.0221826
2.14817 0.0218349
2.15239 0.0220274
2.15631 0.0219053
2.16034 0.0219106
2.16438 0.0219165
2.16836 0.0218601
2.17243 0.0218936
2.17647 0.0218989
2.18278 0.0241758
2.18707 0.0224158
2.1911 0.0224152
2.19514 0.0224186
2.19942 0.0226708
2.20269 0.0219068
2.20689 0.0220687
2.21089 0.0220395
2.21602 0.0231317
2.21804 0.0179227
2.21999 0.0218964
2.22397 0.0218371
2.23015 0.0239886
2.23028 0.024117
2.23416 0.0219396
2.23809 0.0218431
2.24226 0.0219749
2.24623 0.0219151
2.2502 0.0218542
2.25444 0.0220517
2.25828 0.0218664
2.26229 0.0218411
2.26633 0.0218504
2.27245 0.0219184
2.2764 0.0218304
2.28069 0.0220906
2.28486 0.0222224
2.28915 0.0224797
2.29325 0.0225487
2.29665 0.0219131
2.30088 0.0221076
2.30101 0.022236
2.30505 0.0222424
2.31087 0.0240382
2.31132 0.0244861
2.31402 0.0211291
2.31805 0.0179358
2.32001 0.0239263
2.32401 0.0218813
2.32836 0.0221958
2.33202 0.0218169
2.33214 0.0219453
2.33606 0.0218228
2.34083 0.0225649
2.34442 0.0221233
2.34824 0.021904
2.35234 0.021976
2.35834 0.0239393
2.36231 0.0218622
2.36629 0.0218013
2.36641 0.0219297
2.37038 0.0218659
2.37477 0.0222184
2.37894 0.0223531
2.38281 0.0221965
2.38711 0.0224537
2.39114 0.0224571
2.39499 0.0222694
2.40101 0.0242614
2.40501 0.0222119
2.40886 0.0220232
2.41399 0.0231154
2.41802 0.0179054
2.41828 0.0221957
2.42279 0.0226776
2.42638 0.022236
2.43016 0.0219821
2.43029 0.0221105
2.43414 0.0219228
2.43815 0.0219005
2.44225 0.0219666
2.44821 0.0238953
2.45244 0.022071
2.45622 0.0218206
2.45635 0.021949
2.46029 0.021857
2.46433 0.0218589
2.46836 0.0218607
2.4724 0.0218671
2.47644 0.0218763
2.48096 0.0223587
2.48487 0.0222338
2.49102 0.0223344
2.49115 0.0224628
2.49519 0.0224662
2.49947 0.0227185
2.50261 0.0218261
2.50274 0.0219545
2.50703 0.0222136
2.51087 0.0220209
2.51132 0.0224688
2.516 0.0231131
2.51795 0.017838
2.51994 0.0218428
2.52404 0.0219119
2.52821 0.0220437
2.53212 0.0219176
2.53818 0.0239426
2.5424 0.0221204
2.54631 0.0219983
2.55019 0.0218441
2.5543 0.0219132
2.55443 0.0220416
2.55827 0.0218563
2.56225 0.0217999
2.56238 0.0219283
2.56636 0.0218719
2.57043 0.0219094
2.57646 0.0239038
2.58075 0.0221472
2.58479 0.0221506
2.58555 0.022918
2.58908 0.0224079
2.5892 0.0225363
2.59318 0.022477
2.59658 0.0218413
2.60084 0.0220665
2.605 0.0221932
2.60875 0.0219112
2.61407 0.023198
2.61804 0.0179257
2.6183 0.022216
2.62272 0.0226046
2.62817 0.0240163
2.62829 0.0241447
2.63214 0.0219397
2.63608 0.0218443
2.64082 0.0225519
2.64434 0.0220447
2.64447 0.022173
2.64826 0.0219226
2.65236 0.0219946
2.6563 0.0219037
2.66035 0.021913
2.66641 0.0239379
2.67038 0.0218613
2.6747 0.0221516
2.67928 0.0226991
2.68319 0.0225742
2.6871 0.0224492
2.69101 0.0223242
2.69114 0.0224526
2.69517 0.022456
2.6995 0.0227473
2.70264 0.0218549
2.70886 0.0220202
2.71168 0.0208083
2.71827 0.0181597
2.71853 0.0236284
2.72327 0.0231541
2.72638 0.0222301
2.73026 0.0220735
2.7341 0.0218858
2.73811 0.0218634
2.74253 0.0222491
2.74635 0.0220298
2.75026 0.0219106
2.75622 0.0238399
2.76029 0.0218595
2.76433 0.0218614
2.76843 0.0219255
2.77243 0.0218967
2.77256 0.0220251
2.77638 0.0218087
2.77651 0.0219371
2.78092 0.0223222
2.78483 0.0221973
2.78887 0.0222007
2.79499 0.0242865
2.79947 0.0227165
2.80261 0.0218241
2.80274 0.0219525
2.80697 0.0221495
2.81139 0.022537
2.816 0.0231152
2.81805 0.0179333
2.81997 0.0218759
2.82395 0.0218166
2.82408 0.021945
2.82815 0.0219795
2.82827 0.0221079
2.83206 0.0218574
2.83603 0.0218011
2.83616 0.0219295
2.841 0.0227338
2.84632 0.0240206
2.85029 0.0219429
2.8544 0.022012
2.85834 0.02192
2.86231 0.0218636
2.86636 0.0218729
2.87043 0.0219104
2.87472 0.0221735
2.87899 0.0224015
2.88469 0.0240711
2.88482 0.0241995
2.88911 0.02244
2.89346 0.0227624
2.89359 0.0228908
2.89661 0.02187
2.90096 0.0221929
2.90483 0.0220278
2.90496 0.0221562
2.90874 0.0219013
2.91399 0.0231219
2.91832 0.0182002
2.91857 0.0224906
2.92255 0.0224312
2.92629 0.0221452
2.93027 0.0220859
2.93616 0.0239485
2.94115 0.0228881
2.94455 0.0222525
2.94824 0.0219048
2.95279 0.0224207
2.95631 0.021913
2.96036 0.0219222
2.96436 0.021897
2.96834 0.0218406
2.97475 0.0242167
2.9793 0.0227124
2.98321 0.0225874
2.98397 0.0233548
2.98731 0.0226536
2.99121 0.0225286
2.99499 0.0222752
2.99903 0.0222741
2.99915 0.0224025
3.00268 0.0218953
3.00695 0.0221294
3.01089 0.0220379
3.01615 0.0212418
3.01804 0.0179212
3.01999 0.0218949
3.02634 0.0242053
3.03025 0.0220636
3.03415 0.0219381
3.0381 0.0218456
3.04226 0.0219774
3.04624 0.021921
3.05028 0.0219298
3.05438 0.0219988
3.0583 0.0218797
3.06432 0.0238736
3.06836 0.0218622
3.07246 0.0219297
3.0765 0.0219345
3.08054 0.0219368
3.08454 0.0219041
3.08867 0.0220043
3.09319 0.0224891
3.09656 0.0218248
3.10268 0.0239091
3.10701 0.0221895
3.1113 0.0224441
3.11598 0.0230924
3.11799 0.0178755
3.12005 0.0219465
3.12395 0.0218215
3.12408 0.0219499
3.12821 0.0220466
3.13212 0.0219246
3.13616 0.0219304
3.14078 0.022513
3.14091 0.0226414
3.1444 0.0221026
3.14819 0.0218522
3.14831 0.0219806
3.15421 0.0238471
3.15434 0.0239755
3.15822 0.0218045
3.15835 0.0219329
3.16229 0.0218415
3.16639 0.0219095
3.17037 0.0218497
3.17473 0.022175
3.17896 0.0223719
3.18283 0.0222153
3.18725 0.022601
3.19318 0.0244922
3.19658 0.0218398
3.1967 0.0219682
3.201 0.0222284
3.20496 0.0221606
3.20884 0.022003
3.21429 0.0234187
3.21804 0.0179247
3.2183 0.022215
3.22256 0.0224436
3.22641 0.0222588
3.23016 0.0219738
3.23028 0.0221022
3.23413 0.0219145
3.23817 0.0219233
3.24442 0.0241375
3.24823 0.0219014
3.2523 0.0219344
3.25243 0.0220627
3.25621 0.0218123
3.25634 0.0219407
3.26028 0.0218487
3.26438 0.0219168
3.26836 0.0218604
3.27253 0.0219911
3.27647 0.0219031
3.2832 0.0245969
3.28711 0.0224551
3.28724 0.0225835
3.29114 0.0224585
3.29505 0.0223335
3.29518 0.0224619
3.29956 0.0228114
3.30271 0.0219191
3.30696 0.0221437
3.3109 0.0220442
3.31602 0.0231365
3.31826 0.0181497
3.31997 0.0218666
3.32394 0.0218073
3.32407 0.0219357
3.32836 0.0221959
3.33403 0.0238333
3.33416 0.0239617
3.33817 0.0219186
3.34224 0.0219531
3.34634 0.0220217
3.35028 0.0219337
3.35439 0.0220027
3.35833 0.0219147
3.36237 0.0219206
3.36635 0.0218642
3.37247 0.023949
3.37644 0.0218753
3.38061 0.0220071
3.38554 0.0229063
3.38919 0.0225245
3.39317 0.0224652
3.3933 0.0225936
3.39657 0.0218296
3.40086 0.0220898
3.40099 0.0222182
3.40493 0.0221233
3.41136 0.0245225
3.41405 0.0211655
3.41418 0.0212939
3.41806 0.0179411
3.41831 0.0222314
3.42396 0.0238412
3.42408 0.0239696
3.42837 0.022205
3.43203 0.0218262
3.43215 0.0219546
3.4361 0.0218631
3.44097 0.0226991
3.44436 0.0220635
3.44827 0.0219414
3.45238 0.0220135
3.45283 0.0224614
3.45632 0.0219225
3.46232 0.0238853
3.46639 0.0219089
3.47036 0.0218451
3.47478 0.0222326
3.47927 0.0226869
3.4794 0.0228153
3.48273 0.022114
3.48709 0.0224369
3.49113 0.0224403
3.49497 0.0222526
3.50093 0.0241789
3.50503 0.0222307
3.50885 0.0220109
3.50898 0.0221393
3.51401 0.0231382
3.5183 0.0181814
3.51868 0.0226002
3.52291 0.0227942
3.52637 0.0222242
3.53015 0.0219709
3.53028 0.0220992
3.53413 0.0219115
3.53811 0.0218581
3.54253 0.0222437
3.54624 0.0219271
3.5523 0.0239486
3.55634 0.0219382
3.56028 0.0218462
3.56432 0.0218521
3.56842 0.0219201
3.57239 0.0218603
3.5765 0.0219318
3.58098 0.0223831
3.58553 0.0228971
3.59114 0.0244694
3.59517 0.022456
3.59918 0.0224238
3.6027 0.0219166
3.60709 0.0222696
3.61097 0.0221119
3.6159 0.0230135
3.61804 0.017929
3.61997 0.0218716
3.62407 0.0219407
3.62817 0.0220063
3.63211 0.0219153
3.63615 0.0219212
3.64225 0.0239788
3.64635 0.0220306
3.64648 0.022159
3.65026 0.0219115
3.65436 0.0219806
3.65834 0.0219237
3.66238 0.0219295
3.66636 0.0218731
3.67043 0.0219106
3.67472 0.0221737
3.68062 0.0240368
3.68555 0.0229192
3.68921 0.0225374
3.6933 0.0226025
3.69657 0.0218385
3.6967 0.0219669
3.70093 0.0221609
3.7049 0.0220971
3.70878 0.0219395
3.71407 0.0231952
3.71804 0.0179229
3.71829 0.0222132
3.72256 0.0224418
3.7263 0.0221558
3.7321 0.0239221
3.73614 0.0219071
3.74101 0.0227391
3.7444 0.0221035
3.74453 0.0222319
3.74819 0.0218531
3.75235 0.0219873
3.75633 0.0219275
3.76024 0.0218084
3.76037 0.0219368
3.76435 0.0218804
3.77038 0.0238748
3.7747 0.0221483
3.77483 0.0222766
3.77928 0.0226958
3.78319 0.0225708
3.7871 0.0224459
3.78723 0.0225742
3.79113 0.0224493
3.79504 0.0223243
3.79949 0.02274
3.80263 0.0218476
3.80891 0.0240919
3.80904 0.0242203
3.81176 0.0208943
3.81605 0.0211495
3.81804 0.0179262
3.82253 0.0244267
3.82637 0.0222252
3.83022 0.0220375
3.83407 0.0218498
3.83817 0.0219247
3.84221 0.0219281
3.84625 0.0219345
3.8502 0.0218465
3.85443 0.0220439
3.86029 0.0238744
3.86433 0.0218594
3.86843 0.0219275
3.87246 0.0219298
3.87638 0.0218107
3.87651 0.0219391
3.88067 0.0220709
3.88484 0.0222027
3.88887 0.0222061
3.89346 0.0227542
3.89935 0.0246104
3.90274 0.021958
3.90697 0.0221515
3.9071 0.0222799
3.91129 0.0224417
3.91591 0.0230244
3.91604 0.0231528
3.91827 0.0181541
3.92007 0.0219683
3.92404 0.021906
3.92817 0.0220028
3.93211 0.0219118
3.93609 0.0218554
3.94096 0.0226949
3.94442 0.0221209
3.95025 0.0239208
3.95436 0.0219731
3.95833 0.0219162
3.96231 0.0218558
3.96641 0.0219273
3.97032 0.0218053
3.97045 0.0219337
3.97475 0.0221968
3.97895 0.0223626
3.97908 0.022491
3.98279 0.0221749
3.98907 0.0244178
3.9933 0.0225985
3.9967 0.0219629
4.00093 0.0221569
4.00499 0.022192
4.00884 0.0219993
4.0139 0.0230293
4.01403 0.0231577
4.01803 0.0179166
4.01829 0.0222069
4.02249 0.0223727
4.0264 0.0222462
4.03024 0.0220585
4.03409 0.0218708
4.04088 0.0246286
4.04101 0.024757
4.04453 0.022233
4.04825 0.0219193
4.05232 0.0219523
4.05245 0.0220807
4.05626 0.0218613
4.06034 0.0219012
4.06434 0.0218725
4.06832 0.0218156
4.06844 0.021944
4.07239 0.0218559
4.07925 0.0246829
4.08271 0.0220962
4.08695 0.0222937
4.09098 0.0222965
4.09461 0.0218861
4.09911 0.022359
4.10273 0.0219486
4.107 0.0221756
4.11091 0.0220525
4.1159 0.0230158
4.11603 0.0231442
4.11802 0.0179041
4.12004 0.02194
4.12401 0.0218807
4.13017 0.0240011
4.13414 0.021921
4.13811 0.0218596
4.13824 0.021988
4.14215 0.021863
4.14227 0.0219914
4.14628 0.0219627
4.15022 0.0218707
4.15445 0.0220682
4.1583 0.0218829
4.16228 0.0218265
4.1684 0.0239182
4.17257 0.0220322
4.17648 0.0219091
4.18064 0.0220409
4.18561 0.0229712
4.18913 0.022461
4.18926 0.0225894
4.19349 0.0227834
4.19663 0.0218911
4.20089 0.0221167
4.20704 0.024236
4.21136 0.0225095
4.21406 0.0211692
4.21806 0.0179448
4.21999 0.0239042
4.22409 0.0219565
4.22831 0.0221466
4.23213 0.0219272
4.23617 0.0219331
4.24084 0.0225784
4.24444 0.0221369
4.24828 0.0219486
4.25239 0.0220206
4.25826 0.0238556
4.2623 0.0218446
4.26242 0.021973
4.2664 0.0219126
4.2704 0.0218799
4.27479 0.0222364
4.27896 0.0223711
4.28318 0.0225651
4.28728 0.0226313
4.29106 0.0223779
4.29658 0.0238563
4.2967 0.0239847
4.30103 0.0222592
4.30493 0.0221292
4.30884 0.0220067
4.314 0.023134
4.31829 0.0181772
4.31868 0.0225959
4.32255 0.0224393
4.3264 0.0222546
4.33025 0.0220669
4.3341 0.0218792
4.33807 0.0218217
4.3423 0.0220163
4.34823 0.0239139
4.35284 0.0224753
4.35634 0.0219364
4.36031 0.0218756
4.36434 0.0218774
4.36838 0.0218832
4.37242 0.0218896
4.37647 0.0218989
4.38098 0.0223813
4.38713 0.0244987
4.39117 0.0224853
4.39508 0.0223604
4.39943 0.0226748
4.4027 0.0219108
4.40695 0.0221354
4.40708 0.0222638
4.4109 0.022044
4.41134 0.0224919
4.41593 0.0230389
4.41826 0.0181494
4.41996 0.0218663
4.42407 0.0219354
4.42823 0.0220672
4.43214 0.0219412
4.4382 0.0239662
4.44243 0.0221439
4.44637 0.022053
4.45028 0.0219339
4.45439 0.022003
4.4583 0.0218799
4.46227 0.0218235
4.46638 0.021895
4.47042 0.0219013
4.47648 0.0239268
4.48077 0.0221703
4.48481 0.0221737
4.48558 0.0229411
4.48923 0.0225593
4.4932 0.0225
4.49333 0.0226284
4.4966 0.0218644
4.50089 0.0221211
4.50492 0.0221195
4.50877 0.0219308
4.51409 0.0232176
4.51806 0.0179453
4.51832 0.0222356
4.52255 0.0224331
4.52831 0.0241638
4.53216 0.0219588
4.53614 0.0219024
4.54088 0.02261
4.5444 0.0221028
4.54453 0.0222312
4.54822 0.0218834
4.55235 0.0219866
4.5528 0.0224344
4.55636 0.0219578
4.56027 0.0218387
4.5664 0.0239304
4.57037 0.0218498
4.5705 0.0219782
4.57479 0.0222413
4.57937 0.0227889
4.58315 0.0225355
4.58328 0.0226639
4.58706 0.0224105
4.59113 0.0224451
4.59517 0.0224485
4.59936 0.0226114
4.60535 0.0245683
4.60898 0.0221411
4.6117 0.0208319
4.6183 0.0181832
4.61856 0.0236519
4.6233 0.0231816
4.62638 0.0222265
4.63025 0.0220665
4.63409 0.0218788
4.63814 0.0218875
4.64256 0.0222732
4.64637 0.0220538
4.6465 0.0221822
4.65025 0.0218996
4.65634 0.0239573
4.66028 0.0218485
4.66041 0.0219769
4.66432 0.0218504
4.66445 0.0219788
4.66832 0.0218172
4.66845 0.0219456
4.67258 0.0220452
4.6764 0.0218288
4.68094 0.0223423
4.68485 0.0222174
4.68876 0.0220924
4.68889 0.0222208
4.69501 0.0243066
4.69952 0.0227677
4.70266 0.0218753
4.70279 0.0220037
4.70708 0.0222629
4.71141 0.0225531
4.71592 0.0230345
4.71605 0.0231629
4.71826 0.018145
4.72006 0.0219593
4.72397 0.0218343
4.72819 0.0220283
4.73214 0.0219373
4.73605 0.0218148
4.73618 0.0219432
4.74092 0.0226542
4.74105 0.0227826
4.74637 0.0240694
4.75025 0.0218984
4.75435 0.0219675
4.75448 0.0220959
4.75836 0.0219417
4.76233 0.0218813
4.76637 0.0218906
4.77045 0.0219281
4.77474 0.0221912
4.779 0.0224192
4.78471 0.0240888
4.78913 0.0224577
4.79332 0.02262
4.79672 0.0219844
4.80095 0.0221784
4.80498 0.0221768
4.80876 0.0219219
4.81408 0.0232087
4.81831 0.0181898
4.81856 0.0224801
4.82305 0.0229314
4.82635 0.022198
4.83026 0.022073
4.83618 0.0239667
4.84115 0.0228792
4.84448 0.0221774
4.84461 0.0223058
4.84826 0.0219269
4.85242 0.0220572
4.85634 0.0219351
4.86025 0.021816
4.86038 0.0219444
4.86448 0.022013
4.86833 0.0218282
4.87477 0.0242394
4.87939 0.0228013
4.88393 0.0233153
4.88707 0.0224229
4.8872 0.0225513
4.89124 0.0225547
4.89502 0.0223014
4.89906 0.0223042
4.89919 0.0224326
4.90271 0.0219254
4.90685 0.0220256
4.91162 0.0227672
4.91175 0.0228956
4.91607 0.0211691
4.91806 0.0179458
4.91992 0.0218222
4.92633 0.0241954
4.9303 0.0221193
4.93411 0.0218965
4.93819 0.0219364
4.94225 0.0219709
4.94626 0.0219421
4.9503 0.0219475
4.9544 0.0220165
4.95831 0.0218974
4.96437 0.0239234
4.96854 0.0220369
4.97257 0.0220393
4.97645 0.0218851
4.98075 0.0221453
4.98481 0.0221798
4.98879 0.0221175
4.99347 0.0227629
4.99661 0.0218705
5.00263 0.0238591
5.00276 0.0239874
5.00709 0.0222706
5.01132 0.0224636
5.016 0.0231119
5.01801 0.017895
5.02006 0.021966
5.02407 0.0219372
5.0282 0.022034
5.03211 0.0219119
5.03609 0.0218555
5.04083 0.0225666
5.04096 0.0226949
5.04446 0.0221561
5.04827 0.0219357
5.05433 0.0239618
5.0583 0.0218841
5.06231 0.0218544
5.06243 0.0219827
5.06631 0.0218291
5.06644 0.0219575
5.07038 0.021866
5.07446 0.0219059
5.07897 0.0223902
5.0827 0.022077
5.08651 0.0218577
5.09317 0.0244842
5.0933 0.0246126
5.09663 0.0218964
5.10076 0.0219932
5.10479 0.02199
5.1088 0.0219642
5.11406 0.0231888
5.11803 0.017916
5.11829 0.0222063
5.1228 0.0226882
5.1264 0.0222467
5.13024 0.022059
5.13412 0.0219024
5.13809 0.0218449
5.14447 0.0241875
5.14825 0.0219203
5.15239 0.0220195
5.15283 0.0224674
5.1563 0.0218974
5.16031 0.0218716
5.16438 0.0219086
5.16842 0.0219144
5.17255 0.022014
5.17681 0.0222455
5.18389 0.0252899
5.18716 0.0225091
5.19116 0.0224774
5.19507 0.0223525
5.1952 0.0224809
5.19945 0.022698
5.19958 0.0228264
5.20272 0.021934
5.20701 0.0221892
5.21094 0.0220898
5.21594 0.0230541
5.21802 0.0179074
5.22004 0.0219433
5.22402 0.021884
5.22831 0.0221442
5.22844 0.0222725
5.23408 0.0238788
5.23814 0.021894
5.24231 0.0220258
5.24631 0.0219971
5.25022 0.021874
5.25433 0.0219431
5.25446 0.0220714
5.25824 0.02182
5.25837 0.0219484
5.26228 0.0218258
5.2624 0.0219542
5.26638 0.0218978
5.27244 0.0239204
5.27257 0.0240488
5.27654 0.0219711
5.2807 0.0221029
5.28487 0.0222347
5.28564 0.0230021
5.28929 0.0226204
5.29358 0.0228805
5.2966 0.0218598
5.30089 0.02212
5.30493 0.0221223
5.31136 0.0245216
5.31408 0.0211957
5.31828 0.0181624
5.31853 0.0224527
5.32398 0.0238684
5.32868 0.0225167
5.33211 0.0219122
5.33612 0.0218829
5.34102 0.0227535
5.34442 0.0221179
5.34826 0.0219296
5.3524 0.0220327
5.35285 0.0224806
5.35621 0.0218134
5.35634 0.0219418
5.3624 0.0239708
5.36638 0.0218976
5.37035 0.0218338
5.37048 0.0219622
5.37478 0.0222253
5.37939 0.0228079
5.38276 0.0221378
5.38711 0.0224607
5.39115 0.0224641
5.395 0.0222764
5.40095 0.0241988
5.40508 0.0222777
5.40883 0.0219956
5.40896 0.022124
5.41431 0.0234424
5.41835 0.0182369
5.41861 0.0225272
5.42293 0.0228185
5.4264 0.0222485
5.43024 0.0220608
5.43409 0.0218731
5.43819 0.0219441
5.44255 0.022267
5.44627 0.0219504
5.45242 0.0240692
5.45636 0.0219615
5.46027 0.0218384
5.4604 0.0219668
5.4644 0.0219341
5.46844 0.0219399
5.47238 0.021849
5.47646 0.0218894
5.48094 0.0223407
5.48485 0.0222157
5.49116 0.0244926
5.4952 0.0224793
5.49939 0.0226382
5.50279 0.0220026
5.50705 0.0222306
5.51131 0.0224547
5.51592 0.0230328
5.51829 0.0181745
5.51996 0.0218603
5.524 0.0218637
5.52813 0.0219604
5.52825 0.0220888
5.53217 0.0219668
5.53608 0.0218442
5.5423 0.0240302
5.54636 0.0220469
5.54649 0.0221753
5.55028 0.0219278
5.55438 0.0219969
5.55835 0.021936
5.56236 0.0219108
5.56631 0.0218228
5.56644 0.0219511
5.57035 0.0218291
5.57048 0.0219575
5.57477 0.0222206
5.58067 0.0240837
5.5856 0.0229661
5.58925 0.0225844
5.59332 0.0226184
5.59672 0.0219828
5.60098 0.0222079
5.60495 0.022148
5.60879 0.0219553
5.61405 0.0231759
5.61827 0.018157
5.61853 0.0224473
5.62282 0.0227075
5.62634 0.0221958
5.63211 0.023931
5.63618 0.0219511
5.64099 0.0227209
5.64448 0.0221821
5.64461 0.0223105
5.64826 0.0219316
5.6524 0.0220348
5.65625 0.0218465
5.66025 0.0218207
5.66038 0.0219491
5.66433 0.0218582
5.67035 0.0238526
5.67048 0.023981
5.67478 0.0222273
5.67926 0.0226776
5.67939 0.022806
5.68394 0.02332
5.68727 0.0226188
5.6874 0.0227471
5.69118 0.0224938
5.69509 0.0223688
5.69954 0.0227885
5.70268 0.0218961
5.70902 0.0242021
5.71181 0.0209383
5.71597 0.0210696
5.71828 0.0181658
5.7227 0.0246047
5.72283 0.0247331
5.72642 0.0222747
5.73027 0.022087
5.73415 0.0219304
5.73816 0.0219081
5.74219 0.0219115
5.74232 0.0220399
5.7463 0.02198
5.75024 0.021892
5.75447 0.0220895
5.76028 0.0238617
5.76451 0.0220419
5.76839 0.0218842
5.77249 0.0219528
5.7764 0.0218337
5.77653 0.021962
5.78057 0.0219655
5.7807 0.0220938
5.78486 0.0222256
5.7889 0.0222291
5.79335 0.0226487
5.79348 0.0227771
5.79927 0.024536
5.80267 0.0218836
5.80706 0.0222406
5.81142 0.0225619
5.81597 0.0230819
5.81802 0.0179
5.82007 0.021971
5.82401 0.0218732
5.8282 0.0220361
5.83214 0.0219451
5.83618 0.0219509
5.84105 0.0227869
5.84445 0.0221508
5.85022 0.0238844
5.85445 0.0220651
5.85829 0.0218758
5.86233 0.0218817
5.86643 0.0219497
5.87035 0.0218277
5.87047 0.0219561
5.8748 0.0222503
5.87903 0.0224472
5.88288 0.0222595
5.88903 0.024374
5.88915 0.0245024
5.89358 0.0228742
5.89672 0.0219818
5.90101 0.022242
5.90498 0.0221742
5.90885 0.0220126
5.9143 0.0234283
5.91805 0.0179344
5.91831 0.0222247
5.92305 0.0229328
5.92635 0.0221994
5.93019 0.0220116
5.9341 0.0218861
5.94099 0.0247413
5.94458 0.0222829
5.94827 0.0219352
5.95244 0.0220694
5.95635 0.0219474
5.96026 0.0218283
5.96039 0.0219567
5.96436 0.0218968
5.9684 0.0219027
5.97247 0.0219401
5.97933 0.0247641
5.98388 0.0232614
5.98715 0.0224974
5.99118 0.0224968
5.99522 0.0225002
5.99944 0.0226903
6.00271 0.0219263
6.00701 0.0221873
6.01098 0.0221269
6.01595 0.0230597
6.01806 0.017948
6.02005 0.0219528
6.02396 0.0218307
6.02409 0.0219591
6.03025 0.0240795
6.03412 0.0219022
6.03425 0.0220306
6.03816 0.021907
6.04219 0.0219104
6.04232 0.0220388
6.04623 0.0219162
6.05027 0.021921
6.05437 0.02199
6.05835 0.0219331
6.0623 0.0218451
6.06845 0.0239679
6.07246 0.0219214
6.07646 0.0218951
6.08062 0.0220224
6.08456 0.0219275
6.08469 0.0220559
6.08895 0.022281
6.09318 0.0224779
6.09664 0.0219069
6.10061 0.0218442
6.10074 0.0219726
6.10699 0.0241836
6.11141 0.0225539
6.1141 0.0212136
6.1183 0.0181838
6.11997 0.0238864
6.12401 0.021873
6.12413 0.0220014
6.12845 0.0222848
6.13207 0.0218709
6.13608 0.0218456
6.13621 0.021974
6.14089 0.0226193
6.14444 0.0221432
6.14838 0.0220483
6.15284 0.0224709
6.15832 0.0239202
6.16229 0.021843
6.16242 0.0219714
6.1664 0.0219111
6.1704 0.0218823
6.17479 0.0222388
6.17902 0.0224357
6.18277 0.0221507
6.18732 0.0226648
6.1911 0.0224114
6.19661 0.0238898
6.2009 0.0221332
6.20103 0.0222616
6.20497 0.0221627
6.20884 0.0220051
6.2141 0.0232297
6.21833 0.0182107
6.21871 0.0226294
6.22259 0.0224728
6.2264 0.022253
6.23018 0.0219996
6.23416 0.0219403
6.2381 0.0218518
6.24233 0.0220463
6.24829 0.023975
6.25287 0.0225053
6.25624 0.0218381
6.25637 0.0219665
6.26034 0.0219096
6.26441 0.021943
6.26835 0.0218516
6.27245 0.0219201
6.2764 0.0218321
6.27685 0.02228
6.28101 0.0224118
6.28716 0.0245293
6.2912 0.0225159
6.29511 0.0223909
6.29943 0.0226743
6.3027 0.0219103
6.30695 0.0221344
6.30708 0.0222627
6.31134 0.0224868
6.31595 0.023065
6.318 0.0178871
6.31996 0.0218608
6.324 0.0218642
6.32829 0.0221244
6.33217 0.0219673
6.33813 0.023895
6.34239 0.0221038
6.3463 0.0219818
6.35021 0.0218627
6.35034 0.0219911
6.35444 0.0220601
6.35829 0.0218748
6.3623 0.0218496
6.36641 0.0219216
6.37038 0.0218617
6.37644 0.0238872
6.38095 0.0223529
6.38108 0.0224813
6.38486 0.0222279
6.38915 0.0224852
6.38928 0.0226136
6.39358 0.0228737
6.39659 0.021853
6.39672 0.0219814
6.40091 0.0221443
6.40495 0.0221466
6.40879 0.0219579
6.41431 0.0234358
6.41831 0.0181952
6.41857 0.0224855
6.42286 0.0227457
6.4283 0.0241534
6.42843 0.0242818
6.43221 0.0220146
6.43612 0.0218881
6.43625 0.0220164
6.44086 0.0225956
6.44445 0.0221541
6.44458 0.0222825
6.44827 0.0219347
6.45237 0.0220028
6.4525 0.0221312
6.45637 0.021974
6.46029 0.0218549
6.46638 0.0239155
6.47048 0.0219633
6.47478 0.0222265
6.47936 0.022774
6.48391 0.023288
6.48705 0.0223957
6.48718 0.022524
6.49108 0.0223991
6.49512 0.0224025
6.49941 0.0226587
6.50508 0.0242921
6.50893 0.0220906
6.51175 0.0208787
6.51828 0.0181678
6.51854 0.0236365
6.52296 0.0228467
6.52643 0.0222768
6.53014 0.0219607
6.53027 0.0220891
6.53412 0.0219014
6.5381 0.0218479
6.5422 0.0219141
6.54233 0.0220425
6.54643 0.022111
6.55028 0.0219257
6.55624 0.023855
6.55637 0.0239834
6.56028 0.0218435
6.56041 0.0219719
6.56438 0.0219081
6.56834 0.0218438
6.56847 0.0219722
6.57261 0.0220718
6.57649 0.0219176
6.58097 0.0223689
6.58488 0.0222439
6.58911 0.0224385
6.5951 0.0243959
6.59941 0.0226625
6.59954 0.0227909
6.60268 0.0218985
6.60281 0.0220269
6.60707 0.0222515
6.61143 0.0225728
6.61594 0.0230542
6.61607 0.0231826
6.61799 0.0178723
6.61998 0.0218772
6.62401 0.0218806
6.62821 0.0220435
6.63205 0.0218552
6.63609 0.0218611
6.64097 0.0227005
6.64632 0.0240184
6.65029 0.0219407
6.65439 0.0220098
6.65837 0.0219489
6.66234 0.0218886
6.66644 0.0219606
6.67039 0.0218696
6.67478 0.0222261
6.67859 0.0220062
6.67904 0.0224541
6.68474 0.0241237
6.68916 0.0224925
6.69352 0.0228149
6.69666 0.0219226
6.70095 0.0221827
6.70489 0.0220839
6.70502 0.0222122
6.70879 0.0219573
6.71431 0.0234352
6.71834 0.0182297
6.7186 0.02252
6.72258 0.0224607
6.72639 0.0222368
6.73029 0.0221119
6.73613 0.0239122
6.74112 0.0228558
6.74452 0.0222197
6.74827 0.0219342
6.75247 0.0220995
6.75625 0.0218491
6.76029 0.0218583
6.76439 0.0219269
6.76843 0.0219327
6.77481 0.0242777
6.77936 0.0227734
6.78391 0.0232875
6.78718 0.0225235
6.79121 0.0225269
6.79512 0.0224019
6.79941 0.0226581
6.80268 0.0218941
6.80681 0.0219938
6.80694 0.0221222
6.81165 0.0227976
6.81178 0.022926
6.8161 0.0211995
6.81828 0.0181673
6.81995 0.0218531
6.82643 0.024293
6.83027 0.0220885
6.83412 0.0219008
6.83813 0.0218785
6.84236 0.022073
6.8463 0.021982
6.85031 0.0219563
6.85441 0.0220253
6.85832 0.0219022
6.86435 0.0238972
6.86854 0.0220417
6.87258 0.0220441
6.87642 0.0218548
6.87655 0.0219832
6.88107 0.0224656
6.88485 0.0222123
6.88914 0.0224695
6.89343 0.0227297
6.89657 0.0218373
6.90266 0.023892
6.90709 0.0222668
6.91141 0.022561
6.91603 0.0231437
6.91801 0.0178956
6.92007 0.0219666
6.92404 0.0219073
6.9282 0.0220351
6.93217 0.0219753
6.93612 0.0218838
6.94086 0.0225949
6.94099 0.0227232
6.94445 0.0221533
6.94823 0.0218989
6.94836 0.0220273
6.95432 0.023956
6.95833 0.0219095
6.9623 0.0218491
6.96243 0.0219775
6.96644 0.0219522
6.97041 0.0218924
6.97477 0.0222177
6.97862 0.022033
6.98291 0.0222932
6.9872 0.0225504
6.99319 0.0245078
6.99332 0.0246362
6.99672 0.0219838
7.00088 0.0221156
7.0053 0.0225017
7.00883 0.021994
7.01409 0.0232186
7.01806 0.0179423
7.01831 0.0222326
7.02261 0.0224918
7.02639 0.0222369
7.03017 0.0219835
7.03029 0.0221119
7.03414 0.0219242
7.03812 0.0218667
7.04449 0.0242093
7.04831 0.0219762
7.05241 0.0220442
7.05286 0.0224921
7.05632 0.0219222
7.0604 0.021962
7.06434 0.0218711
7.06844 0.0219431
7.07248 0.0219484
7.07649 0.0219261
7.08267 0.0240731
7.08697 0.022316
7.091 0.0223188
7.09469 0.0219706
7.09945 0.0227008
7.09958 0.0228292
7.10276 0.0219709
7.10698 0.0221628
7.11096 0.0221019
7.11592 0.0230341
7.11605 0.0231625
7.11806 0.0179495
7.11996 0.0218571
7.12008 0.0219855
7.12399 0.0218605
7.12841 0.0222491
7.13412 0.0239176
7.13816 0.0219056
7.14257 0.0222912
7.14636 0.0220408
7.15021 0.0218555
7.15033 0.0219839
7.15444 0.022053
7.15825 0.0218326
7.15838 0.021961
7.16232 0.0218695
7.16642 0.0219376
7.17241 0.023894
7.17254 0.0240223
7.17652 0.0219487
7.18081 0.0222089
7.18485 0.0222123
7.18561 0.0229797
7.18927 0.0225979
7.19356 0.0228581
7.19657 0.0218373
7.1967 0.0219657
7.20093 0.0221602
7.205 0.0221937
7.21134 0.0244997
7.21409 0.0212048
7.21422 0.0213332
7.21832 0.0182027
7.21857 0.022493
7.22402 0.0239087
7.2285 0.0223348
7.23216 0.0219559
7.23613 0.0218956
7.24094 0.0226693
7.24106 0.0227977
7.24449 0.0221932
7.24828 0.0219428
7.25286 0.0224938
7.25626 0.0218577
7.25639 0.0219861
7.26241 0.0239799
7.26642 0.0219339
7.27039 0.0218701
7.27052 0.0219985
7.27481 0.0222616
7.27936 0.0227781
7.28282 0.0222052
7.28705 0.0223997
7.29109 0.0224031
7.29525 0.0225349
7.30089 0.0241383
7.30531 0.0225056
7.30883 0.0219979
7.31409 0.0232225
7.31832 0.0182035
7.3187 0.0226222
7.32287 0.022754
7.323 0.0228824
7.32643 0.0222774
7.33014 0.0219613
7.33027 0.0220897
7.33415 0.0219331
7.33813 0.0218757
7.34235 0.0220702
7.34642 0.0221076
7.35239 0.0240359
7.35639 0.0219904
7.3603 0.0218633
7.36043 0.0219917
7.36443 0.021963
7.36847 0.0219648
7.37241 0.0218739
7.37651 0.0219414
7.38112 0.0225211
7.3849 0.0222677
7.39108 0.0244163
7.39512 0.0224029
7.39525 0.0225313
7.39944 0.0226862
7.40271 0.0219223
7.40706 0.0222436
7.41132 0.0224677
7.41145 0.0225961
7.41596 0.0230769
7.41801 0.017899
7.41997 0.0218728
7.42401 0.0218762
7.4283 0.0221324
7.43221 0.0220103
7.43609 0.0218567
7.44234 0.0240738
7.44641 0.0220905
7.44654 0.0222189
7.45035 0.0220025
7.45446 0.0220716
7.45837 0.0219485
7.46234 0.0218921
7.46632 0.0218318
7.46644 0.0219602
7.47039 0.0218692
7.47481 0.0222568
7.4808 0.0242171
7.48561 0.0229712
7.48926 0.0225894
7.49355 0.0228456
7.49669 0.0219532
7.50085 0.022085
7.50486 0.0220563
7.5087 0.0218636
7.51408 0.0232126
7.51831 0.0181936
7.51857 0.022484
7.52286 0.0227441
7.52638 0.0222324
7.53215 0.0239676
7.53609 0.0218594
7.53622 0.0219878
7.54099 0.0227225
7.54451 0.0222148
7.5483 0.0219643
7.55243 0.0220674
7.55628 0.0218792
7.56032 0.0218845
7.56442 0.0219491
7.57048 0.0239746
7.5748 0.0222481
7.57935 0.0227646
7.5839 0.0232786
7.58717 0.0225146
7.59108 0.0223896
7.59501 0.0222957
7.59956 0.0228087
7.6027 0.0219163
7.60901 0.0241912
7.6117 0.0208341
7.616 0.0210938
7.61613 0.0212222
7.61802 0.0179016
7.62282 0.0247256
7.62642 0.0222673
7.63026 0.0220796
7.63417 0.0219541
7.63812 0.0218656
7.64221 0.0219317
7.64234 0.0220601
7.64632 0.0220003
7.65029 0.0219434
7.6544 0.0220125
7.66039 0.0239752
7.66453 0.0220581
7.66843 0.0219316
7.6725 0.0219651
7.67651 0.0219393
7.68067 0.0220711
7.6808 0.0221995
7.68487 0.022234
7.68532 0.0226819
7.6891 0.0224285
7.68923 0.0225569
7.69339 0.0226887
7.69352 0.0228171
7.69931 0.024576
7.70271 0.0219236
7.70707 0.0222494
7.71142 0.0225708
7.71594 0.0230561
7.71805 0.0179365
7.71998 0.0218791
7.72011 0.0220075
7.72401 0.0218785
7.72821 0.0220414
7.72834 0.0221698
7.73218 0.0219816
7.73609 0.021859
7.741 0.0227296
7.74449 0.0221867
7.75022 0.0238893
7.75448 0.0221011
7.75836 0.0219429
7.76234 0.0218865
7.76644 0.0219586
7.77048 0.0219649
7.77481 0.0222591
7.77904 0.0224561
7.78279 0.0221711
7.78907 0.024414
7.78919 0.0245424
7.79352 0.0228169
7.79666 0.0219245
7.80095 0.0221847
7.80499 0.0221831
7.80873 0.0218931
7.81431 0.0234372
7.81834 0.0182276
7.8186 0.022518
7.82261 0.0224897
7.82638 0.0222348
7.83023 0.0220471
7.83414 0.0219216
7.841 0.0247456
7.84459 0.0222873
7.84827 0.0219396
7.85244 0.0220738
7.85635 0.0219517
7.8603 0.0218637
7.8644 0.0219323
7.86844 0.0219381
7.87247 0.0219405
7.8726 0.0220689
7.87943 0.0248618
7.88398 0.0233591
7.88712 0.0224667
7.89119 0.0225012
7.8951 0.0223762
7.89947 0.0227218
7.90262 0.0218294
7.90274 0.0219578
7.90694 0.0221196
7.91098 0.0221255
7.91601 0.0231209
7.91806 0.017943
7.91995 0.0218506
7.92008 0.0219789
7.92399 0.021854
7.93017 0.0219887
7.9303 0.0221171
7.93424 0.0220227
7.93815 0.0218991
7.94244 0.0221563
7.94257 0.0222847
7.94632 0.0219992
7.95026 0.0219112
7.95439 0.0220114
7.95824 0.0218261
7.95837 0.0219545
7.96238 0.0219292
7.96837 0.023889
7.9726 0.0220652
7.97651 0.0219422
7.9808 0.0222023
7.98561 0.0229732
7.98913 0.022463
7.98926 0.0225914
7.99352 0.0228165
7.99666 0.0219241
8.00095 0.0221809
8.00701 0.024209
8.01143 0.0225797
8.01413 0.0212394
8.01832 0.0182062
8.01999 0.0239088
8.024 0.0218638
8.02412 0.0219922
8.02834 0.0221782
8.03209 0.0218927
8.03619 0.0219608
8.04087 0.0226056
8.04449 0.0221952
8.04828 0.0219437
8.05251 0.0221401
8.05831 0.0239088
8.06231 0.0218623
8.06244 0.0219907
8.06641 0.0219303
8.07039 0.0218705
8.07446 0.0219104
8.07911 0.0225231
8.0827 0.0220775
8.08651 0.0218582
8.0909 0.0222117
8.09669 0.0239759
8.10073 0.0219626
8.10479 0.0219905
8.1088 0.0219608
8.11409 0.0232164
8.11831 0.018197
8.11857 0.0224873
8.1187 0.0226157
8.12309 0.0229697
8.12642 0.0222714
8.1302 0.022018
8.13417 0.0219587
8.13812 0.0218702
8.14267 0.0223842
8.14821 0.0218799
8.14834 0.0220083
8.15244 0.0220684
8.15628 0.0218801
8.16032 0.0218894
8.16439 0.0219269
8.16837 0.0218705
8.1725 0.0219702
8.17642 0.021851
8.17687 0.0222989
8.18116 0.0225591
8.18705 0.0244198
8.19122 0.0225348
8.19513 0.0224098
8.19948 0.0227243
8.20275 0.0219603
8.20697 0.0221533
8.21133 0.0224746
8.21597 0.0230884
8.21803 0.0179105
8.21998 0.0218842
8.22402 0.0218876
8.22834 0.0221789
8.23414 0.0239447
8.23812 0.0218665
8.23824 0.0219949
8.24234 0.022061
8.24635 0.0220323
8.25026 0.0219092
8.25039 0.0220376
8.25436 0.0219783
8.25449 0.0221067
8.25837 0.0219525
8.26234 0.0218922
8.26632 0.0218318
8.26644 0.0219602
8.27042 0.0219003
8.27654 0.0239881
8.28083 0.0222315
8.28564 0.0230023
8.28929 0.0226205
8.29358 0.0228807
8.2966 0.02186
8.29672 0.0219883
8.30095 0.0221823
8.30502 0.0222158
8.3087 0.0218676
8.31406 0.0231855
8.31831 0.0181976
8.31857 0.022488
8.32402 0.0239037
8.32853 0.0223608
8.33218 0.021982
8.33612 0.0218906
8.34093 0.0226643
8.34459 0.0222855
8.34827 0.0219378
8.3525 0.0221382
8.35629 0.0218877
8.35642 0.0220161
8.36036 0.0219281
8.36639 0.0219018
8.37039 0.0218691
8.3748 0.0222486
8.37948 0.0228935
8.38281 0.0221922
8.3839 0.0232791
8.38704 0.0223867
8.38717 0.0225151
8.39108 0.0223902
8.39524 0.022522
8.39912 0.0223654
8.4052 0.0244156
8.40886 0.0220195
8.40898 0.0221478
8.41411 0.023244
8.41834 0.0182251
8.4186 0.0225154
8.42289 0.0227756
8.42635 0.0222057
8.43023 0.0220491
8.43408 0.0218614
8.43421 0.0219897
8.43812 0.0218701
8.44267 0.0223842
8.44645 0.0221297
8.45247 0.0241202
8.45641 0.0220085
8.46031 0.0218775
8.46441 0.021942
8.46848 0.021979
8.47252 0.0219853
8.47646 0.0218933
8.48107 0.022473
8.48485 0.0222197
8.48915 0.0224769
8.49511 0.0244032
8.50022 0.0234683
8.50272 0.0219369
8.50708 0.0222583
8.51134 0.0224824
8.51146 0.0226107
8.51598 0.0230961
8.51803 0.0179182
8.51999 0.0218919
8.52403 0.0218953
8.52822 0.0220543
8.53219 0.0219944
8.5361 0.0218719
8.54242 0.0241517
8.54642 0.0221062
8.54655 0.0222346
8.55034 0.0219871
8.55447 0.0220873
8.55835 0.0219331
8.56233 0.0218767
8.56643 0.0219487
8.57041 0.0218889
8.57438 0.0218325
8.57483 0.0222804
8.57903 0.0224463
8.58473 0.022099
8.58486 0.0222274
8.58915 0.0224847
8.59354 0.0228382
8.59668 0.0219458
8.60098 0.022206
8.60488 0.02208
8.60872 0.0218872
8.61407 0.0232051
8.61833 0.0182173
8.61859 0.0225076
8.62288 0.0227678
8.6264 0.0222561
8.63217 0.0239913
8.63612 0.0218831
8.63624 0.0220115
8.64101 0.0227462
8.64451 0.0222073
8.64464 0.0223357
8.64829 0.0219569
8.65246 0.0220911
8.65627 0.0218718
8.66034 0.0219082
8.66441 0.0219456
8.67037 0.0238699
8.6705 0.0239983
8.67479 0.0222407
8.67947 0.0228855
8.68389 0.0232711
8.68716 0.0225071
8.69107 0.0223822
8.69504 0.0223194
8.69946 0.022704
8.70022 0.0234714
8.70273 0.02194
8.70689 0.0220708
8.7117 0.0228435
8.71615 0.0212459
8.71801 0.0178941
8.72272 0.0246209
8.72644 0.022291
8.73016 0.0219749
8.73029 0.0221033
8.73413 0.0219156
8.73817 0.0219243
8.74246 0.0221816
8.74259 0.02231
8.74634 0.0220245
8.75032 0.0219676
8.75442 0.0220366
8.76035 0.0239372
8.76455 0.0220783
8.76855 0.0220491
8.77259 0.0220514
8.7765 0.0219323
8.78099 0.0223836
8.78489 0.0222587
8.78912 0.0224532
8.79341 0.0227094
8.79668 0.0219454
8.80277 0.0219834
8.8071 0.0222776
8.81142 0.0225678
8.81597 0.0230877
8.81802 0.0179059
8.82008 0.0219769
8.82411 0.0219803
8.82821 0.0220459
8.83209 0.0218888
8.83613 0.0218946
8.84106 0.0227968
8.84446 0.0221612
8.85033 0.0239961
8.85443 0.0220484
8.85837 0.0219524
8.86231 0.021861
8.86244 0.0219893
8.86642 0.021933
8.87039 0.0218731
8.8744 0.0218478
8.87485 0.0222957
8.87933 0.02275
8.8828 0.0221771
8.88907 0.02442
8.8892 0.0245484
8.89353 0.0228229
8.89667 0.0219305
8.90096 0.0221907
8.90499 0.0221891
8.90874 0.0218991
8.91434 0.0234743
8.91835 0.0182337
8.91861 0.022524
8.92261 0.0224958
8.92639 0.0222408
8.93027 0.0220842
8.93405 0.0218303
8.93417 0.0219587
8.941 0.0247516
8.94453 0.0222277
8.94466 0.0223561
8.94828 0.0219422
8.95244 0.0220764
8.95635 0.0219543
8.96033 0.0218974
8.96431 0.0218376
8.96443 0.021966
8.96847 0.0219678
8.9725 0.0219702
8.97263 0.0220986
8.97943 0.0248604
8.98398 0.0233577
8.98712 0.0224653
8.99122 0.0225309
8.99512 0.0224059
8.99938 0.0226231
9.00265 0.0218591
9.00698 0.0221555
9.01101 0.0221573
9.01604 0.0231523
9.01803 0.0179122
9.01998 0.0218819
9.02408 0.021951
9.03024 0.0240714
9.03415 0.0219291
9.03815 0.0218988
9.04225 0.0219649
9.04626 0.0219397
9.0503 0.021945
9.0544 0.022014
9.05453 0.0221424
9.05828 0.0218599
9.05841 0.0219883
9.06228 0.0218341
9.06241 0.0219625
9.06843 0.0239494
9.07247 0.021934
9.0765 0.0219348
9.0807 0.0220972
9.08454 0.021909
9.08467 0.0220374
9.08903 0.0223598
9.0932 0.0224945
9.09333 0.0226229
9.09669 0.0219586
9.1006 0.0218336
9.10073 0.021962
9.1047 0.0219006
9.11133 0.0224772
9.11447 0.0215848
9.11832 0.0182009
9.11999 0.0239035
9.12402 0.0218901
9.12834 0.0221735
9.13212 0.021923
9.13619 0.02196
9.14094 0.022671
9.14459 0.0222922
9.14831 0.0219756
9.15241 0.0220476
9.15828 0.0238825
9.15841 0.0240109
9.16232 0.0218676
9.16642 0.0219356
9.17049 0.0219691
9.1744 0.0218465
9.17485 0.0222944
9.17933 0.0227486
9.17946 0.022877
9.18356 0.0229432
9.18734 0.0226898
9.19112 0.0224364
9.19663 0.0239149
9.20086 0.0220921
9.20521 0.02241
9.20874 0.0219023
9.21409 0.0232202
9.21806 0.0179439
9.21832 0.0222342
9.22274 0.0226228
9.22642 0.0222746
9.2302 0.0220212
9.23418 0.0219619
9.23815 0.0219045
9.24238 0.022099
9.24825 0.0239304
9.25241 0.0220399
9.25625 0.0218517
9.25638 0.0219801
9.26033 0.0218921
9.2644 0.0219296
9.26837 0.0218732
9.27254 0.0220079
9.27645 0.0218848
9.28113 0.0225267
9.28715 0.0245158
9.29119 0.0225024
9.2951 0.0223774
9.29938 0.0226297
9.30278 0.0219941
9.30701 0.022187
9.31133 0.0224773
9.31598 0.023091
9.31806 0.0179443
9.32002 0.021918
9.32405 0.0219214
9.32838 0.0222127
9.33222 0.0220205
9.33812 0.023886
9.33825 0.0240144
9.34273 0.0224489
9.34639 0.0220701
9.35027 0.0219159
9.3545 0.0221133
9.35831 0.021897
9.36238 0.0219339
9.36633 0.0218424
9.36646 0.0219708
9.37043 0.021911
9.37642 0.0238703
9.37655 0.0239987
9.38103 0.0224332
9.38116 0.0225616
9.38481 0.0221799
9.38895 0.0222771
9.38907 0.0224055
9.3935 0.0227941
9.39664 0.0219017
9.40083 0.0220646
9.40503 0.0222304
9.40872 0.0218822
9.41407 0.0232001
9.41833 0.0182122
9.41858 0.0225026
9.42288 0.0227628
9.42826 0.0241083
9.42839 0.0242367
9.4322 0.0220006
9.43614 0.0219091
9.44095 0.0226829
9.4446 0.022304
9.44829 0.0219563
9.4524 0.0220283
9.45252 0.0221567
9.45644 0.0220347
9.46035 0.0219116
9.4664 0.0239331
9.47037 0.0218526
9.4705 0.0219809
9.47447 0.0219206
9.47947 0.0228849
9.4828 0.0221837
9.48703 0.0223782
9.49075 0.0220621
9.4951 0.022385
9.49943 0.0226763
9.50484 0.0240529
9.50497 0.0241813
9.50875 0.0219136
9.50888 0.022042
9.51176 0.0208923
9.51836 0.0182397
9.51861 0.0237084
9.52291 0.0227902
9.52303 0.0229186
9.52637 0.0222203
9.53015 0.0219664
9.53028 0.0220948
9.53412 0.0219071
9.53817 0.0219158
9.54226 0.021982
9.54239 0.0221103
9.54646 0.0221478
9.55031 0.0219585
9.5563 0.0239189
9.56028 0.0218413
9.5604 0.0219696
9.5644 0.021933
9.56841 0.0219077
9.57264 0.0221046
9.57649 0.0219193
9.58097 0.0223706
9.58488 0.0222457
9.58917 0.0225029
9.595 0.0243008
9.59513 0.0244292
9.59948 0.0227269
9.60275 0.0219629
9.60694 0.0221248
9.60707 0.0222532
9.61133 0.0224773
9.61598 0.023091
9.61806 0.0179442
9.62002 0.0219179
9.62405 0.0219213
9.62822 0.0220531
9.6321 0.021896
9.63613 0.0219018
9.64104 0.0227724
9.64648 0.0241836
9.65027 0.0219153
9.6544 0.0220155
9.65834 0.0219275
9.66232 0.0218711
9.66633 0.0218458
9.66646 0.0219742
9.67043 0.0219144
9.67441 0.021858
9.67486 0.0223059
9.67906 0.0224717
9.68476 0.0241413
9.68905 0.0223818
9.68918 0.0225102
9.69353 0.0228326
9.69668 0.0219402
9.70084 0.022072
9.70097 0.0222004
9.7049 0.0221015
9.70875 0.0219087
9.71435 0.0234839
9.71836 0.0182433
9.71862 0.0225336
9.72259 0.0224743
9.7264 0.0222505
9.73028 0.0220939
9.73614 0.0239253
9.74107 0.0228027
9.7412 0.0229311
9.7445 0.0221982
9.74831 0.0219789
9.75242 0.0220509
9.75633 0.0219289
9.76027 0.0218369
9.7604 0.0219653
9.76444 0.0219677
9.76835 0.0218451
9.76847 0.0219735
9.77447 0.0239328
9.77947 0.0228804
9.78388 0.023266
9.78715 0.022502
9.79074 0.0220576
9.79119 0.0225054
9.7951 0.0223805
9.79949 0.022734
9.80263 0.0218416
9.80276 0.02197
9.80686 0.0220385
9.81166 0.0228073
9.81179 0.0229357
9.81618 0.0212719
9.81807 0.0179513
9.81996 0.0218588
9.82009 0.0219872
9.82636 0.0242325
9.83021 0.022028
9.83034 0.0221564
9.83415 0.0219336
9.83816 0.0219113
9.84226 0.0219774
9.84239 0.0221058
9.84633 0.0220149
9.85034 0.0219891
9.85444 0.0220581
9.85826 0.0218417
9.85839 0.0219701
9.86438 0.02393
9.86854 0.0220435
9.87258 0.0220458
9.87271 0.0221742
9.87649 0.0219267
9.88079 0.0221869
9.88092 0.0223153
9.88483 0.0221903
9.88905 0.0223848
9.89354 0.0228356
9.89668 0.0219432
9.9027 0.0239318
9.90699 0.0221742
9.91097 0.0221138
9.91141 0.0225617
9.91597 0.0230816
9.91805 0.0179308
9.92 0.0219046
9.92404 0.021908
9.92821 0.0220398
9.93211 0.0219138
9.93615 0.0219196
9.94093 0.0226617
9.94452 0.0222162
9.9483 0.0219618
9.95432 0.0239567
9.95835 0.0219373
9.9623 0.0218458
9.96242 0.0219742
9.9664 0.0219178
9.97044 0.0219242
9.97442 0.0218678
9.97907 0.0224815
9.98294 0.0223249
9.98723 0.0225822
9.98736 0.0227106
9.99351 0.024824
9.99665 0.0219149

