% time_sec delay_sec
1.18051 0.0804946
1.18051 0.0804946
1.28051 0.0804898
1.38053 0.0805076
1.47881 0.382804
1.4806 0.0805833
1.58051 0.0804925
1.68053 0.0805103
1.78053 0.0805079
1.78119 0.382511
1.88051 0.0804906
1.98008 0.279389
1.98189 0.0818475
1.98396 0.0859358
1.98836 0.0863056
2.08007 0.173984
2.08836 0.0863076
2.09208 0.0859899
2.09611 0.0859838
2.10011 0.0859556
2.10418 0.0859875
2.10812 0.0858916
2.11225 0.0859947
2.11853 0.0862251
2.1228 0.0864537
2.12683 0.0864561
2.13029 0.0858827
2.13042 0.0860111
2.13433 0.0858856
2.13897 0.0864943
2.14249 0.0859841
2.14644 0.0858932
2.15047 0.0858945
2.15656 0.0879522
2.1606 0.0859407
2.16464 0.0859466
2.16865 0.0859213
2.17268 0.0859236
2.17829 0.0874978
2.18194 0.0819041
2.18239 0.0863856
2.18604 0.0860033
2.19008 0.0860027
2.1943 0.0861973
2.19891 0.086769
2.20464 0.0884686
2.20852 0.0862942
2.21224 0.085981
2.21628 0.0859834
2.22025 0.0859265
2.22435 0.0859956
2.22829 0.0859017
2.23236 0.0859352
2.23639 0.0859331
2.24091 0.0864184
2.24649 0.087962
2.25046 0.0858843
2.25091 0.0863322
2.25456 0.0859534
2.25854 0.0858965
2.25867 0.0860249
2.26268 0.0859996
2.26672 0.0860089
2.27066 0.085914
2.27473 0.0859514
2.28018 0.0873671
2.28031 0.0874955
2.28204 0.0819986
2.28434 0.0863206
2.28876 0.0867062
2.29466 0.0885698
2.29883 0.0866848
2.3021 0.0859208
2.30616 0.0859538
2.31017 0.0859285
2.31427 0.0859976
2.31831 0.0859994
2.32257 0.086228
2.32638 0.0860002
2.33035 0.0859409
2.33644 0.0859812
2.34109 0.086595
2.34468 0.0861534
2.34849 0.0859341
2.35279 0.0861972
2.35654 0.0859152
2.36058 0.0859205
2.36462 0.0859223
2.36865 0.0859242
2.37503 0.0882652
2.37791 0.0851022
2.38198 0.0819416
2.38442 0.0884087
2.38871 0.0866492
2.38883 0.0867775
2.39204 0.0859508
2.39608 0.0859542
2.4005 0.0863428
2.40437 0.0861817
2.4045 0.0863101
2.40835 0.0861214
2.40847 0.0862497
2.41219 0.0859326
2.41629 0.0859972
2.42305 0.0887244
2.42696 0.0865856
2.43042 0.0860122
2.4344 0.0859529
2.43905 0.0865696
2.44251 0.0859967
2.44648 0.0859369
2.45083 0.0862577
2.45462 0.0860073
2.45856 0.0859153
2.46458 0.0879057
2.46471 0.0880341
2.46862 0.0858908
2.46875 0.0860192
2.47266 0.0858972
2.47279 0.0860255
2.47827 0.0874753
2.48205 0.08201
2.4825 0.0864914
2.48596 0.0859186
2.49 0.085922
2.49467 0.0865644
2.49896 0.0868166
2.5021 0.0859242
2.5062 0.0859923
2.51222 0.0879793
2.51626 0.0859649
2.52033 0.0860013
2.5243 0.085942
2.52847 0.0860738
2.53237 0.0859477
2.53638 0.0859185
2.54093 0.0864354
2.54452 0.0859939
2.54849 0.0859341
2.55455 0.0859433
2.55468 0.0860717
2.55853 0.0858864
2.55866 0.0860148
2.56264 0.0859584
2.56661 0.085902
2.57068 0.0859395
2.57472 0.0859458
2.58024 0.0874237
2.58197 0.0819269
2.5844 0.0863772
2.58869 0.0866344
2.59203 0.0859361
2.59606 0.0859395
2.60218 0.0880248
2.60618 0.0859748
2.61022 0.0859806
2.6142 0.0859213
2.61843 0.0861177
2.62298 0.0866347
2.62631 0.0859324
2.63034 0.0859353
2.63438 0.0859342
2.64107 0.0885987
2.6446 0.0860747
2.64851 0.0859527
2.65281 0.0862158
2.65294 0.0863442
2.65656 0.0859338
2.6606 0.085943
2.66461 0.0859138
2.66865 0.0859196
2.67268 0.085922
2.67826 0.087465
2.68191 0.0818714
2.68236 0.0863528
2.68595 0.0859083
2.69204 0.087963
2.69614 0.0860124
2.69626 0.0861408
2.70078 0.0866232
2.70482 0.0866261
2.70847 0.0862468
2.71219 0.0859336
2.71629 0.0859982
2.72033 0.086
2.72442 0.0860662
2.73051 0.0881204
2.73449 0.0860443
2.73901 0.0865325
2.73914 0.0866609
2.74266 0.0861508
2.74647 0.0859315
2.75084 0.0862602
2.75462 0.0860098
2.75856 0.0859178
2.7626 0.0859197
2.76663 0.085921
2.77269 0.0859268
2.77535 0.0845549
2.78201 0.0819735
2.78246 0.0876333
2.78592 0.085882
2.79038 0.0863017
2.79428 0.0861767
2.79896 0.0868147
2.8021 0.0859223
2.80614 0.0859281
2.81024 0.0859962
2.81421 0.0859329
2.82036 0.0880512
2.82433 0.0859751
2.8284 0.0860096
2.82853 0.086138
2.83244 0.0860159
2.83642 0.0859595
2.84113 0.0866355
2.84453 0.0859994
2.8485 0.0859356
2.85279 0.0861987
2.85859 0.0879669
2.86257 0.0858937
2.8627 0.0860221
2.86661 0.085903
2.86674 0.0860314
2.87068 0.0859405
2.87472 0.0859468
2.87485 0.0860752
2.88027 0.0874558
2.882 0.081959
2.8843 0.0862809
2.8886 0.0865381
2.89199 0.085902
2.89609 0.0859681
2.90045 0.086291
2.90445 0.0862544
2.91021 0.0879875
2.91425 0.0859736
2.91883 0.0865207
2.9228 0.0864613
2.92642 0.0860469
2.92687 0.0864948
2.9304 0.0859876
2.93437 0.0859243
2.93904 0.0865641
2.94282 0.0863108
2.94849 0.0879516
2.95292 0.0863224
2.95304 0.0864508
2.95657 0.085943
2.96061 0.0859523
2.96462 0.0859271
2.96873 0.0859991
2.9727 0.0859392
2.97827 0.0874783
2.98205 0.082013
2.9825 0.0864945
2.98647 0.0864322
2.99006 0.0859877
2.99429 0.0861822
3.00056 0.0884236
3.00483 0.0866409
3.00852 0.0862927
3.01224 0.0859795
3.01627 0.0859819
3.02025 0.085925
3.02429 0.0859273
3.02864 0.0862503
3.02877 0.0863786
3.03236 0.0859336
3.0388 0.0883403
3.04252 0.0860075
3.04649 0.0859511
3.05086 0.0862794
3.05464 0.0860289
3.05855 0.0859098
3.06259 0.0859151
3.06663 0.0859204
3.07067 0.0859223
3.07471 0.0859271
3.08015 0.085325
3.09005 0.0879932
3.09409 0.0859828
3.09851 0.0863703
3.10216 0.0859905
3.10618 0.0859681
3.11014 0.0859033
3.11444 0.0861635
3.11825 0.0859391
3.12267 0.0863277
3.1286 0.0882219
3.13238 0.0859547
3.13642 0.0859605
3.14104 0.0865431
3.14453 0.0860043
3.14857 0.0860107
3.15287 0.0862738
3.15655 0.0859255
3.16056 0.0858997
3.16665 0.0879564
3.17075 0.0860081
3.17485 0.0860767
3.17498 0.0862051
3.18024 0.0874262
3.182 0.0819604
3.18443 0.0864107
3.18872 0.086668
3.19203 0.0859346
3.19606 0.085938
3.20048 0.0863266
3.20445 0.0862588
3.20833 0.0861011
3.21217 0.0859164
3.21855 0.0882619
3.21868 0.0883903
3.22282 0.0864737
3.22698 0.0866084
3.23041 0.0860039
3.23439 0.0859446
3.23875 0.0862729
3.24266 0.0861479
3.2465 0.0859597
3.25051 0.0859299
3.2566 0.0879876
3.26067 0.0860072
3.26464 0.0859468
3.26865 0.0859216
3.27278 0.0860212
3.27795 0.0871515
3.28205 0.0820057
3.28249 0.0864871
3.28595 0.0859142
3.28999 0.0859177
3.29422 0.0861122
3.29892 0.0867812
3.30219 0.0860172
3.30853 0.0883197
3.31224 0.0859858
3.31628 0.0859882
3.32035 0.0860251
3.32432 0.0859658
3.32849 0.0860976
3.33237 0.0859405
3.33637 0.0859112
3.34089 0.0863966
3.34659 0.0880685
3.35086 0.0862833
3.35464 0.0860328
3.35859 0.0859448
3.36263 0.0859507
3.36661 0.0858943
3.37067 0.0859277
3.37477 0.0859963
3.38022 0.087412
3.38196 0.0819151
3.38439 0.0863654
3.38868 0.0866227
3.38881 0.0867511
3.39201 0.0859244
3.39855 0.088427
3.40211 0.0859341
3.40614 0.085932
3.41021 0.0859649
3.41431 0.086034
3.41844 0.0861331
3.42254 0.0862022
3.42638 0.0860095
3.43036 0.0859502
3.43648 0.0880384
3.44109 0.0866008
3.44122 0.0867292
3.44462 0.0860936
3.44853 0.0859715
3.45283 0.0862347
3.45296 0.0863631
3.45658 0.0859526
3.46059 0.0859268
3.4646 0.0859015
3.46863 0.0859034
3.47504 0.0882795
3.47793 0.0851165
3.4819 0.0818591
3.48235 0.0863406
3.48869 0.0886491
3.49202 0.085934
3.49606 0.0859374
3.49619 0.0860658
3.50055 0.0863887
3.50439 0.0862005
3.50452 0.0863289
3.50846 0.0862374
3.51221 0.0859554
3.51625 0.0859538
3.52028 0.0859596
3.52759 0.0892296
3.53041 0.0860009
3.53054 0.0861293
3.53438 0.0859416
3.53913 0.0866556
3.54266 0.0861454
3.54278 0.0862738
3.5465 0.0859572
3.5505 0.0859274
3.55461 0.0859965
3.55855 0.0859045
3.5647 0.0880273
3.56868 0.0859502
3.57278 0.0860188
3.57829 0.0874996
3.58207 0.0820343
3.58252 0.0865158
3.58649 0.0864535
3.58999 0.0859117
3.59434 0.0862346
3.59866 0.086522
3.60219 0.0860147
3.60613 0.0859198
3.61058 0.0863385
3.61629 0.0880104
3.62036 0.0860301
3.62433 0.0859708
3.62843 0.0860364
3.63237 0.0859454
3.63641 0.0859513
3.6409 0.0864055
3.64442 0.0858978
3.64846 0.0859041
3.65462 0.0880274
3.6586 0.0859538
3.66264 0.0859596
3.66665 0.0859343
3.67069 0.0859406
3.67472 0.085947
3.67485 0.0860754
3.68024 0.0874249
3.68197 0.081928
3.6844 0.0863783
3.68869 0.0866356
3.69202 0.0859333
3.69606 0.0859367
3.70042 0.0862591
3.70621 0.0880199
3.71022 0.0859778
3.71432 0.0860469
3.71855 0.0862433
3.72281 0.0864719
3.72643 0.0860575
3.73031 0.0859009
3.73434 0.0858998
3.73902 0.0865436
3.74479 0.0882788
3.74857 0.0860116
3.75293 0.0863369
3.75658 0.0859576
3.76063 0.0859668
3.7646 0.0859105
3.76864 0.0859163
3.77268 0.0859187
3.77794 0.0871422
3.78191 0.081868
3.78236 0.0863495
3.78595 0.085905
3.78998 0.0859084
3.79626 0.0881542
3.79639 0.0882826
3.80077 0.0866159
3.80484 0.0866499
3.80853 0.0863017
3.8126 0.0863391
3.81631 0.086018
3.82022 0.0858949
3.82432 0.085964
3.82836 0.0859674
3.83445 0.088025
3.83875 0.0862743
3.84247 0.0859582
3.84651 0.0859646
3.8509 0.0863245
3.85456 0.0859456
3.85856 0.0859159
3.8626 0.0859177
3.86663 0.085923
3.87272 0.0879767
3.87535 0.0845569
3.88029 0.0854591
3.88202 0.081979
3.88606 0.0880327
3.89038 0.0863072
3.89474 0.0866301
3.89883 0.0866918
3.9021 0.0859278
3.90614 0.0859301
3.91014 0.0859009
3.91444 0.0861611
3.91853 0.0862177
3.92429 0.0879529
3.92442 0.0880813
3.92843 0.0860329
3.93237 0.0859419
3.93647 0.0860139
3.94109 0.0865966
3.94455 0.0860226
3.94846 0.0858966
3.95288 0.0862881
3.95654 0.0859088
3.96269 0.0880311
3.96667 0.0859574
3.97071 0.0859637
3.97488 0.0860985
3.98023 0.0874169
3.98036 0.0875453
3.98196 0.08192
3.98439 0.0863703
3.98856 0.0864992
3.99202 0.0859292
3.99606 0.0859327
4.00041 0.0862551
4.00448 0.0862902
4.00832 0.0860975
4.01428 0.0880262
4.01855 0.086237
4.02274 0.0864028
4.02684 0.0864674
4.02697 0.0865958
4.0305 0.0860886
4.03447 0.0860292
4.03902 0.0865447
4.04254 0.0860345
4.04646 0.0859119
4.05302 0.088447
4.05665 0.0860198
4.06059 0.0859313
4.06463 0.0859337
4.0687 0.085974
4.07278 0.0860144
4.07791 0.0871125
4.09002 0.0859468
4.09409 0.0859842
4.0986 0.0864572
4.09873 0.0865855
4.10421 0.0880308
4.10821 0.0859882
4.11225 0.0859941
4.11629 0.0859959
4.1203 0.0859701
4.12427 0.0859108
4.12843 0.0860426
4.13234 0.0859166
4.13638 0.0859184
4.14253 0.0880383
4.14654 0.0859928
4.15093 0.0863487
4.15458 0.0859699
4.15856 0.085913
4.16266 0.085985
4.16674 0.0860254
4.17077 0.0860277
4.17481 0.0860301
4.18026 0.0874458
4.18202 0.08198
4.18445 0.0864303
4.18874 0.0866876
4.19489 0.0888045
4.19883 0.0866939
4.2021 0.0859299
4.20621 0.0859979
4.21021 0.0859687
4.21431 0.0860377
4.21832 0.0860085
4.22255 0.0862059
4.22645 0.0860794
4.23238 0.0879741
4.23642 0.0859632
4.2411 0.0866085
4.24469 0.086167
4.24854 0.0859787
4.25284 0.0862419
4.25659 0.0859598
4.26069 0.0860313
4.2646 0.0859053
4.27065 0.0879268
4.27078 0.0880552
4.27504 0.0862665
4.27793 0.0851202
4.28203 0.0819907
4.28446 0.0884578
4.28876 0.0866983
4.29209 0.086
4.29606 0.0859377
4.30051 0.0863574
4.30442 0.0862274
4.30833 0.0861048
4.31221 0.0859512
4.31624 0.0859496
4.32294 0.0886146
4.32698 0.0866042
4.33051 0.086097
4.33435 0.0859092
4.33448 0.0860376
4.33897 0.0864908
4.34243 0.085918
4.3465 0.0859554
4.35092 0.0863424
4.3546 0.0859947
4.36069 0.0880508
4.3646 0.0859075
4.36473 0.0860359
4.36864 0.0859133
4.37268 0.0859197
4.37281 0.0860481
4.37797 0.0871783
4.38207 0.0820325
4.38252 0.086514
4.38598 0.0859411
4.39002 0.0859445
4.39425 0.086139
4.39891 0.086773
4.40218 0.086009
4.40625 0.0860425
4.41227 0.0880334
4.41631 0.086019
4.42035 0.0860248
4.42432 0.0859655
4.42849 0.0860973
4.4324 0.0859713
4.43637 0.0859109
4.44095 0.086459
4.44445 0.0859202
4.45086 0.0883003
4.45464 0.0860331
4.45855 0.08591
4.46259 0.0859158
4.46664 0.0859251
4.47068 0.0859314
4.47481 0.0860311
4.48026 0.0874468
4.48199 0.0819499
4.48442 0.0864002
4.48871 0.0866575
4.49205 0.0859591
4.49609 0.0859625
4.50211 0.0879511
4.50652 0.0863139
4.51024 0.0860002
4.51422 0.0859409
4.51845 0.0861373
4.52281 0.0864632
4.52646 0.0860799
4.53036 0.0859544
4.53447 0.0860234
4.54113 0.0886568
4.54126 0.0887852
4.54466 0.0861329
4.54847 0.0859135
4.55293 0.0863362
4.55661 0.0859879
4.56066 0.0859972
4.5646 0.0859063
4.56864 0.0859081
4.57268 0.0859145
4.5779 0.0871069
4.582 0.0819611
4.58245 0.0864426
4.58604 0.0859981
4.59203 0.0879555
4.59613 0.0860049
4.59626 0.0861333
4.60064 0.0864873
4.60484 0.0866497
4.60846 0.0862392
4.61222 0.0859572
4.61625 0.0859555
4.62035 0.0860276
4.62432 0.0859653
4.63051 0.0881133
4.63435 0.0859089
4.63448 0.0860372
4.63903 0.0865566
4.63916 0.086685
4.64268 0.0861749
4.64663 0.0860839
4.65051 0.0859297
4.65461 0.0859988
4.65855 0.0859068
4.66259 0.0859087
4.6687 0.0879924
4.67284 0.0860753
4.67537 0.084575
4.68203 0.0819936
4.68248 0.0876534
4.68607 0.0860305
4.6904 0.0863218
4.6943 0.0861969
4.69901 0.0868659
4.70215 0.0859735
4.70612 0.0859131
4.71025 0.0860123
4.71445 0.0861712
4.72031 0.0880061
4.72435 0.0859928
4.72845 0.0860584
4.73239 0.0859674
4.73643 0.0859733
4.74118 0.0866843
4.74445 0.0859198
4.74858 0.0860194
4.75288 0.0862826
4.75862 0.0879886
4.76259 0.0859114
4.76663 0.0859207
4.7707 0.0859582
4.77487 0.0860929
4.78029 0.0874735
4.78202 0.0819766
4.78432 0.0862986
4.78861 0.0865558
4.79204 0.0859508
4.79608 0.0859542
4.80043 0.0862766
4.80447 0.086275
4.81023 0.0880081
4.81434 0.0860604
4.81882 0.0865102
4.81895 0.0866386
4.8233 0.0869615
4.82743 0.0870582
4.83038 0.0859747
4.83051 0.0861031
4.83435 0.0859114
4.83903 0.0865552
4.84281 0.0863018
4.84852 0.0879738
4.853 0.0864068
4.85659 0.0859652
4.86064 0.0859745
4.86461 0.0859147
4.86871 0.0859867
4.87275 0.085993
4.87791 0.0871193
4.88201 0.0819735
4.88246 0.0864549
4.88605 0.0860105
4.89041 0.0863334
4.89419 0.08608
4.90059 0.0884537
4.90486 0.0866655
4.90854 0.0863173
4.91226 0.0860041
4.9162 0.0859092
4.92031 0.0859807
4.92428 0.0859174
4.92844 0.0860492
4.93245 0.0860205
4.93876 0.0883027
4.94251 0.086001
4.94652 0.0859722
4.95087 0.0862971
4.95453 0.0859182
4.95857 0.0859275
4.96271 0.0860306
4.96674 0.0860325
4.97065 0.0859065
4.97543 0.0866481
4.98023 0.085405
4.982 0.081956
4.98443 0.0864063
4.99039 0.0883327
4.99475 0.0866388
4.99885 0.0867044
4.99897 0.0868328
5.00211 0.0859404
5.00613 0.0859209
5.01016 0.0859228
5.01427 0.0859918
5.01827 0.0859586
5.0225 0.0861555
5.02858 0.0882092
5.03237 0.085942
5.0325 0.0860704
5.03647 0.086014
5.04109 0.0865967
5.04458 0.0860578
5.04853 0.0859658
5.05285 0.0862601
5.05663 0.0860051
5.0607 0.086041
5.0667 0.0880043
5.07077 0.0860245
5.07471 0.085936
5.07484 0.0860644
5.08019 0.0873817
5.08859 0.0865321
5.09202 0.0859266
5.09612 0.0859946
5.10025 0.0860913
5.10415 0.0859598
5.10816 0.085934
5.11226 0.086006
5.11854 0.0882532
5.11867 0.0883816
5.12306 0.0867183
5.12319 0.0868467
5.12697 0.0865963
5.13037 0.0859607
5.1305 0.0860891
5.13438 0.0859325
5.13899 0.086514
5.14245 0.0859412
5.14652 0.0859786
5.15091 0.0863345
5.15655 0.0879443
5.16069 0.0860301
5.16463 0.0859387
5.16867 0.0859445
5.17268 0.0859157
5.178 0.0872055
5.1821 0.0820597
5.18255 0.0865411
5.18601 0.0859683
5.19001 0.0859366
5.19424 0.0861311
5.19894 0.0867962
5.20221 0.0860322
5.20857 0.0883653
5.21219 0.0859341
5.21633 0.0860343
5.2203 0.0859734
5.2244 0.0860425
5.22857 0.0861743
5.23241 0.085986
5.23647 0.086015
5.24096 0.0864693
5.24657 0.0880439
5.25093 0.086352
5.25458 0.0859731
5.25862 0.0859785
5.26266 0.0859843
5.2667 0.0859901
5.27077 0.0860276
5.27471 0.0859326
5.28032 0.0875078
5.28192 0.0818826
5.28448 0.0864613
5.28878 0.0867185
5.29211 0.0860202
5.29858 0.0884571
5.30211 0.0859331
5.30614 0.085931
5.31021 0.085964
5.31434 0.0860642
5.31866 0.0863544
5.31879 0.0864828
5.32283 0.0864862
5.32638 0.0860016
5.33045 0.0860361
5.3365 0.0880582
5.34115 0.0866552
5.34128 0.0867836
5.34467 0.086148
5.34852 0.0859597
5.35285 0.086254
5.35298 0.0863823
5.3566 0.0859719
5.36067 0.0860123
5.36471 0.0860186
5.36875 0.0860205
5.37503 0.0882722
5.37792 0.0851092
5.38192 0.0818829
5.38237 0.0863643
5.38871 0.0886729
5.39205 0.0859578
5.39609 0.0859612
5.39621 0.0860896
5.40057 0.0864085
5.40444 0.0862474
5.40845 0.0862222
5.4122 0.0859401
5.4163 0.0860092
5.42031 0.0859839
5.42697 0.0886149
5.4305 0.0860909
5.43447 0.0860316
5.43877 0.0862937
5.44268 0.0861687
5.44281 0.0862971
5.44652 0.0859805
5.4505 0.0859196
5.45463 0.0860198
5.45867 0.0860251
5.46466 0.0879809
5.4687 0.08597
5.47277 0.0860075
5.47793 0.0871377
5.48203 0.0819919
5.48248 0.0864733
5.48639 0.0863484
5.49001 0.085935
5.49424 0.0861295
5.49468 0.0865774
5.49888 0.0867363
5.50215 0.0859723
5.50622 0.0860093
5.5106 0.0863617
5.5163 0.0880297
5.52034 0.0860188
5.52438 0.0860222
5.52838 0.0859905
5.53242 0.0859969
5.53646 0.0860027
5.54095 0.0864569
5.54457 0.0860425
5.54848 0.0859205
5.55464 0.0880438
5.55861 0.0859661
5.56262 0.0859409
5.56669 0.0859812
5.57073 0.0859876
5.5749 0.0861223
5.58028 0.0874718
5.58202 0.081975
5.58445 0.0864253
5.58874 0.0866825
5.59204 0.0859491
5.59608 0.0859525
5.60046 0.086306
5.60623 0.0880357
5.61017 0.0859275
5.6143 0.0860276
5.61879 0.0864774
5.62295 0.0866092
5.62308 0.0867376
5.62647 0.0860975
5.63045 0.0860382
5.63448 0.0860411
5.639 0.0865254
5.64487 0.0883573
5.64852 0.0859617
5.65298 0.0863844
5.65666 0.0860361
5.66064 0.0859792
5.66471 0.0860167
5.66875 0.0860225
5.67279 0.0860288
5.67792 0.087124
5.68202 0.0819782
5.68247 0.0864597
5.68644 0.0863974
5.68657 0.0865258
5.69003 0.0859529
5.69618 0.0880704
5.70082 0.0866644
5.70454 0.0863478
5.70851 0.0862834
5.71264 0.0863831
5.71623 0.0859381
5.72034 0.0860101
5.72437 0.0860135
5.72841 0.0860169
5.7344 0.0879773
5.73453 0.0881057
5.73873 0.0862577
5.74245 0.0859416
5.74655 0.0860101
5.7505 0.0859221
5.7546 0.0859912
5.75868 0.0860316
5.76271 0.0860374
5.76672 0.0860082
5.77274 0.0879996
5.77537 0.0845799
5.78018 0.0853536
5.78031 0.085482
5.78204 0.0820019
5.7864 0.0883751
5.79028 0.0862017
5.79431 0.0862051
5.79876 0.0866174
5.80216 0.0859818
5.80623 0.0860192
5.81026 0.0860211
5.81424 0.0859618
5.81827 0.0859636
5.82439 0.0880484
5.82846 0.0860661
5.8324 0.0859752
5.83644 0.085981
5.84118 0.0866886
5.84458 0.0860525
5.84849 0.0859265
5.85285 0.0862518
5.85662 0.0859969
5.86272 0.0880569
5.86669 0.0859798
5.87073 0.0859861
5.87493 0.086152
5.88031 0.0875015
5.88204 0.0820046
5.88448 0.0864549
5.88864 0.0865838
5.8921 0.0860139
5.89608 0.0859516
5.8962 0.08608
5.9005 0.0863402
5.90446 0.0862724
5.90834 0.0861108
5.91455 0.0882968
5.91856 0.0862548
5.9233 0.0869629
5.92648 0.0861011
5.92692 0.086549
5.93045 0.0860417
5.93436 0.0859162
5.93901 0.0865289
5.94247 0.0859561
5.94651 0.0859624
5.95301 0.0884358
5.95314 0.0885642
5.9566 0.0859775
5.96065 0.0859868
5.96462 0.0859269
5.96866 0.0859328
5.97273 0.0859702
5.97799 0.0871938
5.98196 0.0819196
5.98254 0.0865294
5.986 0.0859565
5.99003 0.085956
5.99426 0.0861505
5.99471 0.0865984
5.99893 0.0867884
6.00454 0.0883655
6.00848 0.0862533
6.0122 0.0859401
6.01265 0.086388
6.01633 0.0860398
6.02031 0.0859829
6.02435 0.0859892
6.02838 0.0859926
6.03245 0.0860261
6.03649 0.086028
6.04258 0.0880856
6.04649 0.0859463
6.05053 0.0859511
6.05463 0.0860201
6.05861 0.0859632
6.06268 0.0860036
6.06672 0.0860095
6.07079 0.0860424
6.07479 0.0860161
6.08024 0.0874273
6.08856 0.0865075
6.09408 0.0879884
6.09875 0.0866125
6.10215 0.0859798
6.10615 0.0859455
6.11025 0.086013
6.11423 0.0859537
6.11436 0.0860821
6.11856 0.0862474
6.12272 0.0863792
6.12646 0.0860892
6.13246 0.0880461
6.13646 0.0860041
6.14114 0.0866494
6.1447 0.0861733
6.14851 0.08595
6.15297 0.0863726
6.15665 0.0860244
6.16069 0.0860297
6.16473 0.0860321
6.17079 0.0880576
6.17505 0.0862689
6.178 0.0851849
6.18194 0.0818958
6.1845 0.0884913
6.18879 0.0867318
6.18892 0.0868602
6.19212 0.0860335
6.1961 0.0859712
6.20039 0.0862314
6.20445 0.0862609
6.20833 0.0861032
6.21231 0.0860469
6.21627 0.0859831
6.22297 0.0886481
6.22762 0.0872416
6.23044 0.0860297
6.23057 0.0861581
6.23441 0.0859704
6.23454 0.0860988
6.239 0.0865209
6.24246 0.085948
6.24656 0.0860166
6.25095 0.0863725
6.25464 0.0860248
6.2606 0.0879564
6.26073 0.0880848
6.26467 0.0859731
6.26874 0.0860101
6.27271 0.0859502
6.27284 0.0860786
6.278 0.0872089
6.28197 0.0819347
6.28242 0.0864161
6.28601 0.0859716
6.29005 0.0859751
6.29428 0.0861696
6.29891 0.0867724
6.30218 0.0860084
6.30625 0.0860414
6.31224 0.0879973
6.31634 0.0860451
6.32034 0.0860193
6.32438 0.0860227
6.32842 0.0860261
6.32855 0.0861545
6.33242 0.0859974
6.33646 0.0859992
6.34091 0.0864189
6.34104 0.0865473
6.3445 0.0859773
6.35092 0.0883574
6.3547 0.0860902
6.35868 0.0860333
6.36269 0.0860081
6.36669 0.0859828
6.37076 0.0860202
6.37474 0.0859604
6.37487 0.0860888
6.38057 0.0877578
6.38204 0.0820041
6.38448 0.0864545
6.38877 0.0867117
6.3921 0.0860134
6.39608 0.0859511
6.40213 0.0879742
6.40655 0.086341
6.41027 0.0860273
6.41456 0.0862875
6.41882 0.0865156
6.42299 0.0866474
6.42644 0.0860695
6.42689 0.0865174
6.43042 0.0860102
6.43439 0.0859469
6.44125 0.0887709
6.44471 0.0861842
6.44484 0.0863126
6.44852 0.0859648
6.45295 0.0863524
6.45663 0.0860041
6.46067 0.0860134
6.46471 0.0860198
6.46875 0.0860216
6.47279 0.086028
6.47802 0.0872204
6.48199 0.0819462
6.48243 0.0864277
6.48602 0.0859832
6.49211 0.0880379
6.49608 0.0859589
6.49621 0.0860873
6.50069 0.0865346
6.50456 0.0863735
6.50841 0.0861887
6.51226 0.086004
6.51623 0.0859402
6.52034 0.0860122
6.52437 0.0860156
6.53053 0.0881359
6.5345 0.0860599
6.53912 0.0866454
6.54245 0.0859442
6.54258 0.0860725
6.54656 0.0860127
6.55053 0.0859558
6.55464 0.0860249
6.55867 0.0860302
6.56271 0.086032
6.56873 0.088019
6.57286 0.0861019
6.57546 0.0846638
6.58193 0.0818918
6.58238 0.0875516
6.58251 0.08768
6.58597 0.0859287
6.59036 0.0862828
6.59427 0.0861578
6.5989 0.0867606
6.60217 0.0859966
6.60624 0.0860301
6.61027 0.086032
6.61447 0.0861909
6.62036 0.0880524
6.6244 0.0860391
6.62847 0.0860736
6.62859 0.086202
6.63244 0.0860137
6.63648 0.0860196
6.6411 0.0866022
6.64446 0.085935
6.64849 0.0859334
6.65292 0.0863249
6.65862 0.0879958
6.66272 0.0860471
6.6667 0.0859907
6.67077 0.0860281
6.67491 0.0861278
6.68032 0.0875084
6.68205 0.0820115
6.68436 0.0863334
6.68865 0.0865907
6.69205 0.0859546
6.69614 0.0860207
6.70044 0.0862809
6.7045 0.0863104
6.71027 0.0880435
6.71456 0.086287
6.71886 0.0865501
6.71899 0.0866785
6.72283 0.0864908
6.72747 0.0870971
6.73042 0.0860136
6.73446 0.0860165
6.73901 0.0865319
6.74247 0.085959
6.74852 0.087981
6.74865 0.0881094
6.75304 0.0864491
6.75663 0.0860075
6.76068 0.0860168
6.76465 0.085957
6.76872 0.0859939
6.77276 0.0860003
6.77801 0.0872198
6.78199 0.0819457
6.78256 0.0865555
6.78602 0.0859826
6.79038 0.0863055
6.79429 0.0861806
6.80082 0.0886792
6.80457 0.0863769
6.80844 0.0862193
6.80857 0.0863477
6.81229 0.0860345
6.81623 0.0859396
6.82034 0.0860116
6.82437 0.086015
6.82841 0.0860184
6.83245 0.0860248
6.83915 0.0886927
6.84261 0.0861031
6.84656 0.0860121
6.85088 0.0863059
6.85467 0.0860554
6.85858 0.0859323
6.86268 0.0860043
6.86675 0.0860373
6.87078 0.0860397
6.87549 0.0867151
6.88055 0.0857254
6.88203 0.0819885
6.88446 0.0864388
6.89036 0.0882995
6.89471 0.0866056
6.89875 0.086609
6.90215 0.0859734
6.90625 0.0860454
6.91026 0.0860202
6.91443 0.086152
6.91827 0.0859592
6.9225 0.0861567
6.92263 0.0862851
6.92859 0.0882104
6.93243 0.0860054
6.9365 0.0860423
6.94112 0.0866249
6.94458 0.086055
6.94849 0.085929
6.95285 0.0862543
6.95666 0.0860305
6.9607 0.0860358
6.96669 0.0879991
6.9708 0.0860509
6.97503 0.0862478
6.98035 0.0875351
6.98195 0.0819099
6.98451 0.0864886
6.9888 0.0867458
6.99204 0.0859502
6.99608 0.0859536
7.00037 0.0862138
7.00466 0.0864715
7.00832 0.0860921
7.01229 0.0860357
7.01857 0.0882795
7.0187 0.0884079
7.02286 0.0865219
7.0276 0.0872255
7.03042 0.0860136
7.0344 0.0859543
7.03901 0.0865359
7.04247 0.085963
7.04651 0.0859688
7.05094 0.0863593
7.05658 0.087969
7.06065 0.0859921
7.06472 0.0860296
7.0687 0.0859732
7.06883 0.0861016
7.07277 0.0860096
7.07803 0.0872361
7.09004 0.0859691
7.09405 0.0859404
7.09894 0.086799
7.10211 0.0859406
7.10826 0.0880544
7.1123 0.0860435
7.11631 0.0860142
7.12034 0.0860156
7.12438 0.086019
7.12854 0.0861508
7.13245 0.0860248
7.13649 0.0860266
7.14104 0.0865436
7.14661 0.0880877
7.15091 0.0863335
7.15469 0.0860831
7.15863 0.0859911
7.16264 0.0859618
7.16671 0.0859988
7.17075 0.0860011
7.17485 0.0860697
7.18043 0.0876138
7.18203 0.0819885
7.18446 0.0864388
7.18875 0.0866961
7.19209 0.0859977
7.19888 0.0887542
7.20215 0.0859734
7.20625 0.0860375
7.21018 0.0859421
7.21063 0.08639
7.21435 0.0860733
7.21883 0.0865231
7.22287 0.0865265
7.223 0.0866549
7.22651 0.0861392
7.23036 0.0859515
7.23651 0.0880708
7.24119 0.0866994
7.24132 0.0868278
7.24475 0.0862233
7.24853 0.0859729
7.24866 0.0861013
7.25299 0.0863955
7.25664 0.0860162
7.26068 0.0860215
7.26475 0.0860549
7.26878 0.0860568
7.27507 0.0883085
7.2752 0.0884369
7.27802 0.0852077
7.28199 0.0819503
7.28244 0.0864317
7.28865 0.0886119
7.29212 0.0860252
7.29622 0.0860913
7.30051 0.0863481
7.30479 0.0866038
7.30845 0.0862244
7.3123 0.0860397
7.31624 0.0859447
7.32037 0.0860478
7.327 0.0886438
7.33053 0.0861198
7.33441 0.0859632
7.33453 0.0860916
7.33915 0.0866732
7.34248 0.0859719
7.34261 0.0861003
7.34655 0.0860093
7.34668 0.0861377
7.35091 0.0863342
7.35466 0.0860487
7.35869 0.08605
7.36469 0.0880098
7.36872 0.0859949
7.37279 0.0860324
7.37798 0.0871897
7.38196 0.0819156
7.3824 0.086397
7.38602 0.0859836
7.39038 0.0863065
7.39429 0.0861815
7.39474 0.0866294
7.39893 0.0867844
7.40219 0.0860204
7.40623 0.0860223
7.4103 0.0860552
7.41635 0.0880738
7.42036 0.0860312
7.42439 0.0860347
7.42855 0.0861625
7.43247 0.0860404
7.43647 0.0860152
7.44099 0.0865005
7.44112 0.0866289
7.44448 0.0859577
7.44852 0.085964
7.45471 0.0881185
7.45862 0.0859786
7.46273 0.0860506
7.4667 0.0859903
7.47077 0.0860237
7.47494 0.0861585
7.48042 0.0876053
7.48202 0.08198
7.48445 0.0864303
7.48874 0.0866876
7.49208 0.0859853
7.49618 0.0860514
7.50047 0.0863116
7.50658 0.0883919
7.51027 0.0860303
7.51434 0.0860643
7.51882 0.0865141
7.51895 0.0866424
7.52312 0.0867742
7.52651 0.0861341
7.53048 0.0860748
7.53439 0.0859493
7.539 0.0865269
7.5449 0.08839
7.54855 0.0859944
7.55301 0.0864171
7.55666 0.0860377
7.56064 0.0859768
7.5647 0.0860103
7.56874 0.0860161
7.57281 0.0860496
7.57801 0.0872109
7.58198 0.0819368
7.58242 0.0864182
7.58601 0.0859737
7.59037 0.0862966
7.5961 0.0879973
7.60084 0.0866846
7.60446 0.0862707
7.60459 0.0863991
7.6085 0.0862726
7.61222 0.0859594
7.61625 0.0859623
7.62033 0.0860027
7.62436 0.0860061
7.6284 0.0860095
7.63443 0.088001
7.63456 0.0881294
7.63914 0.0866631
7.64247 0.0859618
7.6426 0.0860902
7.64657 0.0860304
7.65055 0.0859735
7.65465 0.0860426
7.65866 0.0860168
7.66273 0.0860537
7.66677 0.0860555
7.67288 0.0881403
7.67548 0.0846855
7.68029 0.0854592
7.68042 0.0855876
7.68202 0.0819791
7.68641 0.0883834
7.69032 0.0862417
7.69435 0.0862451
7.6988 0.0866573
7.7022 0.0860217
7.70624 0.0860281
7.71027 0.0860299
7.71444 0.0861617
7.71831 0.0860001
7.7244 0.0880538
7.72859 0.0861999
7.73244 0.0860117
7.73648 0.0860175
7.74112 0.0866313
7.74125 0.0867597
7.74461 0.0860884
7.74852 0.0859624
7.75288 0.0862878
7.75669 0.0860639
7.76272 0.0880618
7.7667 0.0859886
7.77074 0.085995
7.77494 0.0861608
7.78032 0.0875103
7.78196 0.0819162
7.78439 0.0863665
7.78868 0.0866237
7.79205 0.0859565
7.79615 0.0860227
7.80044 0.0862828
7.80447 0.0862812
7.80834 0.0861196
7.81456 0.0883057
7.81898 0.0866764
7.82286 0.0865198
7.82299 0.0866482
7.82696 0.0865844
7.83049 0.0860772
7.83439 0.0859517
7.83901 0.0865333
7.84247 0.0859604
7.84651 0.0859668
7.85315 0.0885686
7.85661 0.0859818
7.86068 0.0860222
7.86466 0.0859624
7.86478 0.0860908
7.8687 0.0859682
7.86882 0.0860966
7.87273 0.0859706
7.87796 0.087163
7.88206 0.0820173
7.88251 0.0864987
7.88641 0.0863737
7.89035 0.0862798
7.89426 0.0861549
7.89896 0.0868199
7.90457 0.0883911
7.90848 0.0862518
7.9086 0.0863802
7.91264 0.0863865
7.91626 0.0859726
7.92033 0.086009
7.92437 0.0860125
7.92844 0.086047
7.93244 0.0860182
7.93648 0.0860201
7.94282 0.0883316
7.94657 0.0860293
7.95052 0.0859413
7.95097 0.0863892
7.95465 0.0860415
7.95863 0.0859846
7.96264 0.0859593
7.96671 0.0859962
7.97081 0.0860608
7.97484 0.0860632
7.98042 0.0876073
7.98202 0.081982
7.98446 0.0864323
7.98875 0.0866896
7.9948 0.0866924
7.99877 0.0866296
7.9989 0.086758
8.00217 0.085994
8.00618 0.0859708
8.01028 0.0860389
8.01425 0.0859796
8.01858 0.0862698
8.01871 0.0863982
8.02255 0.0862105
8.02268 0.0863389
8.02649 0.0861111
8.03248 0.088068
8.03645 0.0859909
8.03658 0.0861193
8.04113 0.0866357
8.04126 0.0867641
8.04475 0.0862253
8.04866 0.0861022
8.05295 0.0863613
8.05664 0.0860131
8.06071 0.086049
8.06475 0.0860513
8.07077 0.0880458
8.07485 0.0860688
8.07796 0.0851438
8.08865 0.0865948
8.09215 0.0860555
8.09618 0.0860573
8.10022 0.0860607
8.10415 0.0859603
8.10828 0.0860589
8.11229 0.0860336
8.11636 0.0860666
8.12347 0.089145
8.12764 0.08726
8.13046 0.0860481
8.13059 0.0861765
8.13443 0.0859888
8.13902 0.0865393
8.1428 0.0862859
8.14658 0.0860355
8.15096 0.0863834
8.15468 0.0860668
8.16071 0.0880647
8.16465 0.085957
8.16876 0.086029
8.17276 0.0860002
8.17289 0.0861286
8.17802 0.0872278
8.18199 0.0819536
8.18244 0.086435
8.18635 0.0863101
8.19039 0.0863135
8.19474 0.0866364
8.19896 0.0868224
8.20223 0.0860584
8.20659 0.0863798
8.21223 0.0859683
8.21636 0.0860685
8.22037 0.0860427
8.2244 0.0860461
8.22847 0.0860806
8.2286 0.086209
8.23248 0.0860519
8.23645 0.0859875
8.241 0.0865045
8.24449 0.0859657
8.25096 0.088404
8.25462 0.0860084
8.25475 0.0861368
8.25863 0.0859826
8.26273 0.0860506
8.2667 0.0859903
8.27077 0.0860238
8.27484 0.0860612
8.28045 0.0876364
8.28205 0.0820111
8.28448 0.0864614
8.28878 0.0867187
8.29211 0.0860204
8.29871 0.0885857
8.30217 0.0859955
8.30659 0.0863791
8.31021 0.0859681
8.31431 0.0860372
8.31883 0.0865181
8.32286 0.0865215
8.32641 0.0860369
8.32654 0.0861653
8.33039 0.0859776
8.33442 0.0859805
8.34132 0.0888396
8.34484 0.0863156
8.34853 0.0859678
8.35295 0.0863594
8.35667 0.0860462
8.36065 0.0859893
8.36472 0.0860228
8.36878 0.0860557
8.37281 0.0860502
8.37801 0.0872115
8.38198 0.0819373
8.38243 0.0864188
8.38877 0.0887273
8.3921 0.0860122
8.3962 0.0860784
8.40053 0.0863697
8.40482 0.0866253
8.40847 0.086246
8.41232 0.0860612
8.41626 0.0859663
8.42039 0.0860694
8.42443 0.0860728
8.43062 0.0862075
8.43446 0.0860198
8.43914 0.0866676
8.4428 0.0862859
8.44657 0.0860314
8.45055 0.0859706
8.45468 0.0860668
8.45871 0.0860641
8.46274 0.086066
8.46874 0.0880258
8.47278 0.0860154
8.47794 0.0871417
8.48204 0.0819959
8.48248 0.0864773
8.48601 0.0859672
8.49036 0.0862901
8.49427 0.0861651
8.49472 0.086613
8.49907 0.0869275
8.50221 0.0860351
8.50624 0.0860369
8.51031 0.0860699
8.51637 0.088093
8.52038 0.0860504
8.52441 0.0860538
8.52848 0.0860844
8.53245 0.0860245
8.53649 0.0860303
8.54107 0.0865784
8.5445 0.0859734
8.54854 0.0859797
8.55296 0.0863713
8.55861 0.08798
8.56271 0.0860352
8.56669 0.0859788
8.57079 0.0860474
8.57496 0.0861821
8.58044 0.0876289
8.58204 0.0820037
8.58435 0.0863256
8.58864 0.0865828
8.58877 0.0867112
8.59207 0.0859778
8.59617 0.0860439
8.60046 0.0863041
8.60658 0.0883844
8.6103 0.086054
8.61433 0.0860569
8.61885 0.0865377
8.62314 0.0867979
8.62653 0.0861578
8.63038 0.0859701
8.63445 0.0860041
8.63903 0.0865506
8.64249 0.0859777
8.64855 0.085987
8.65303 0.0864407
8.65666 0.0860303
8.66073 0.0860667
8.66473 0.0860379
8.66877 0.0860398
8.6728 0.0860422
8.678 0.0872035
8.68197 0.0819293
8.68242 0.0864108
8.68601 0.0859663
8.69036 0.0862892
8.69613 0.0880209
8.70087 0.0867083
8.70445 0.0862633
8.70458 0.0863917
8.70849 0.0862651
8.71221 0.085952
8.71628 0.085986
8.72035 0.0860264
8.72439 0.0860298
8.72855 0.0861616
8.73452 0.0880908
8.73907 0.0865934
8.7392 0.0867218
8.74272 0.0862117
8.74285 0.0863401
8.7466 0.0860546
8.75089 0.0863172
8.75468 0.0860667
8.75862 0.0859787
8.76275 0.0860739
8.76676 0.0860446
8.77079 0.086047
8.77547 0.0866953
8.7806 0.0857718
8.78208 0.0820349
8.78643 0.0884081
8.79021 0.086138
8.79437 0.0862658
8.79873 0.0865887
8.79886 0.0867171
8.80213 0.0859531
8.80658 0.0863757
8.81027 0.086027
8.81424 0.0859677
8.81828 0.0859695
8.82437 0.0880272
8.82847 0.086076
8.8286 0.0862044
8.83247 0.0860473
8.83651 0.0860531
8.84119 0.0866985
8.84459 0.0860629
8.84853 0.0859719
8.85296 0.0863634
8.8567 0.0860734
8.86071 0.0860476
8.86667 0.0859631
8.87078 0.0860316
8.87498 0.0861974
8.8751 0.0863258
8.88062 0.0878043
8.88196 0.0819222
8.8844 0.0863725
8.88869 0.0866298
8.89205 0.0859625
8.89615 0.0860287
8.90045 0.0862889
8.90448 0.0862873
8.90835 0.0861257
8.9146 0.0883428
8.91899 0.0866825
8.92287 0.0865259
8.923 0.0866543
8.92697 0.0865904
8.93039 0.0859859
8.93052 0.0861143
8.93443 0.0859888
8.93902 0.0865393
8.94267 0.0861576
8.94661 0.0860666
8.95302 0.0884427
8.95315 0.0885711
8.95661 0.0859844
8.96072 0.0860559
8.96469 0.0859961
8.96873 0.0859979
8.97276 0.0860003
8.97796 0.0871616
8.98206 0.0820159
8.9825 0.0864973
8.98641 0.0863723
8.99038 0.0863095
8.99429 0.0861846
8.99899 0.0868496
9.00447 0.0882986
9.0046 0.088427
9.00848 0.0862526
9.00861 0.086381
9.01223 0.0859705
9.0163 0.086004
9.02037 0.0860404
9.02434 0.0859811
9.02851 0.0861129
9.03248 0.0860531
9.03655 0.086086
9.04263 0.0881402
9.04651 0.0859698
9.04664 0.0860982
9.05055 0.0859751
9.05465 0.0860441
9.05866 0.0860183
9.06267 0.0859925
9.06677 0.0860566
9.0708 0.086055
9.07483 0.0860558
9.08031 0.0875021
9.08864 0.0865863
9.0941 0.0880049
9.09874 0.0866019
9.10224 0.0860625
9.10617 0.0859661
9.11031 0.0860647
9.1146 0.0863249
9.11473 0.0864533
9.1187 0.0863929
9.12274 0.0863963
9.12648 0.0861063
9.13251 0.0880983
9.13645 0.0859901
9.14119 0.0867011
9.14472 0.0861939
9.14857 0.0860057
9.15286 0.0862688
9.15661 0.0859867
9.16071 0.0860542
9.16475 0.0860566
9.16876 0.0860274
9.1751 0.0863245
9.17799 0.0851783
9.18209 0.0820493
9.18452 0.0885163
9.18465 0.0886447
9.18881 0.0867568
9.18894 0.0868852
9.19215 0.0860585
9.19612 0.0859962
9.20048 0.0863186
9.20483 0.0866365
9.20835 0.0861288
9.2123 0.0860373
9.21633 0.0860357
9.22312 0.0887981
9.22764 0.0872632
9.23046 0.0860513
9.23059 0.0861797
9.23443 0.085992
9.23456 0.0861204
9.23905 0.0865736
9.23918 0.086702
9.24251 0.0860007
9.24661 0.0860693
9.25093 0.086355
9.25465 0.0860384
9.26071 0.0880674
9.26478 0.086088
9.26876 0.0860317
9.2728 0.086038
9.27799 0.0871954
9.28209 0.0820496
9.28254 0.086531
9.28645 0.086406
9.29035 0.0862811
9.29439 0.0862845
9.299 0.0868562
9.30214 0.0859638
9.30617 0.0859657
9.31223 0.0879877
9.31636 0.0860712
9.3204 0.0860765
9.32444 0.0860799
9.32851 0.0861144
9.32864 0.0862428
9.33248 0.0860506
9.33652 0.0860564
9.34107 0.0865728
9.34459 0.0860656
9.35097 0.0884106
9.35475 0.0861434
9.3587 0.0860554
9.36277 0.0860924
9.36671 0.0860009
9.37078 0.0860344
9.37485 0.0860718
9.38065 0.0878381
9.382 0.0819561
9.38443 0.0864064
9.38856 0.0865036
9.39215 0.0860621
9.39612 0.0859998
9.40218 0.0880229
9.4066 0.0863937
9.41032 0.08608
9.41433 0.0860518
9.41884 0.0865327
9.42313 0.0867928
9.42653 0.0861527
9.43041 0.0859961
9.43447 0.0860301
9.44121 0.0887297
9.44133 0.0888581
9.44486 0.0863341
9.44855 0.0859864
9.45297 0.0863779
9.45669 0.0860648
9.46066 0.0860039
9.46473 0.0860374
9.46877 0.0860392
9.4728 0.0860416
9.478 0.0872029
9.48197 0.0819288
9.48242 0.0864102
9.48633 0.0862852
9.49209 0.0880204
9.49619 0.0860698
9.50071 0.0865522
9.50445 0.0862627
9.50458 0.0863911
9.50836 0.0861402
9.51228 0.0860176
9.51631 0.086016
9.52041 0.086084
9.52445 0.0860874
9.53053 0.0881416
9.53451 0.0860655
9.53906 0.0865849
9.53919 0.0867133
9.54252 0.0860121
9.54672 0.0861779
9.55057 0.0859886
9.55467 0.0860577
9.55867 0.0860279
9.56273 0.0860569
9.56879 0.0880829
9.5729 0.0861347
9.57546 0.0846655
9.58206 0.0820219
9.58251 0.0876817
9.58648 0.0864411
9.59026 0.0861877
9.5943 0.0861911
9.59475 0.086639
9.59897 0.0868251
9.59909 0.0869535
9.60224 0.0860611
9.60656 0.0863513
9.61031 0.0860648
9.61447 0.0861966
9.6204 0.0880932
9.62444 0.0860798
9.62848 0.0860832
9.6286 0.0862116
9.63248 0.0860545
9.63652 0.0860603
9.64117 0.0866741
9.64456 0.086034
9.6486 0.0860363
9.65292 0.0863306
9.65873 0.0881027
9.66271 0.0860296
9.66672 0.0860043
9.67082 0.0860729
9.67499 0.0862076
9.68034 0.087526
9.68207 0.0820291
9.68437 0.0863511
9.68867 0.0866083
9.69206 0.0859722
9.69616 0.0860383
9.70046 0.0862985
9.70452 0.086328
9.71032 0.0880922
9.71461 0.0863357
9.719 0.0866921
9.72285 0.0865044
9.72297 0.0866328
9.72653 0.0861522
9.72698 0.0866001
9.7304 0.0859956
9.73447 0.0860296
9.73908 0.0866072
9.74286 0.0863538
9.74857 0.0880258
9.75299 0.0864005
9.75312 0.0865289
9.75671 0.0860874
9.76066 0.0859954
9.76469 0.0859978
9.76876 0.0860347
9.7728 0.086041
9.77799 0.0871984
9.78209 0.0820526
9.78254 0.0865341
9.78645 0.0864091
9.79036 0.0862841
9.79427 0.0861591
9.79439 0.0862875
9.8009 0.088755
9.80445 0.0862622
9.80458 0.0863905
9.80849 0.086264
9.8123 0.0860442
9.8163 0.086012
9.82034 0.0860173
9.82441 0.0860518
9.82848 0.0860863
9.83248 0.0860576
9.83918 0.0887255
9.84265 0.0861359
9.84659 0.086045
9.85092 0.0863387
9.8547 0.0860882
9.85864 0.0860002
9.86271 0.0860372
9.86675 0.086039
9.87079 0.0860414
9.87547 0.0866897
9.8804 0.0855751
9.88201 0.0819666
9.88444 0.0864169
9.89027 0.0882148
9.89482 0.0867115
9.89879 0.0866488
9.90219 0.0860132
9.90661 0.0864007
9.91026 0.0860208
9.91436 0.0860899
9.9183 0.0859945
9.92276 0.0864142
9.92859 0.088215
9.9325 0.0860722
9.93654 0.0860781
9.94118 0.0866918
9.94464 0.0861179
9.94477 0.0862463
9.94855 0.0859919
9.95298 0.0863834
9.95669 0.0860583
9.96069 0.0860325
9.96679 0.0880931
9.97083 0.0860827
9.975 0.0862174
9.97512 0.0863458
9.98035 0.0875358
9.98198 0.0819417
9.98454 0.0865203
9.98883 0.0867776
9.99217 0.0860753
9.99614 0.086013

