% time_sec delay_sec
1.18083 0.0807281
1.18083 0.0807281
1.28083 0.0807233
1.38085 0.0807411
1.47881 0.382718
1.48092 0.0808168
1.58083 0.080726
1.68085 0.0807438
1.78085 0.0807414
1.78138 0.382616
1.88083 0.0807241
1.98008 0.279303
1.98221 0.082081
1.98409 0.0859782
1.98836 0.0862196
2.0802 0.174026
2.08225 0.0821235
2.0842 0.0860943
2.08849 0.08635
2.09221 0.0860323
2.09624 0.0860262
2.10037 0.0861264
2.10431 0.0860299
2.10837 0.0860624
2.1127 0.0863566
2.11866 0.0862675
2.12292 0.0864961
2.12696 0.0864985
2.13055 0.0860535
2.13458 0.0860564
2.1391 0.0865367
2.14262 0.0860265
2.14669 0.086064
2.15105 0.0863848
2.15682 0.088123
2.16086 0.0861115
2.1649 0.0861173
2.16923 0.0864116
2.17294 0.0860944
2.17842 0.0875402
2.18226 0.0821376
2.18252 0.086428
2.18649 0.0863652
2.19084 0.0866841
2.19475 0.0865592
2.19904 0.0868114
2.19917 0.0869398
2.20477 0.088511
2.20865 0.0863366
2.21269 0.0863429
2.2164 0.0860258
2.21653 0.0861542
2.22083 0.0864168
2.22448 0.086038
2.22855 0.0860725
2.23262 0.086106
2.23665 0.0861038
2.24104 0.0864608
2.24675 0.0881328
2.25104 0.0863746
2.25482 0.0861242
2.2588 0.0860673
2.25924 0.0865152
2.26281 0.086042
2.26685 0.0860513
2.27092 0.0860848
2.27499 0.0861222
2.28044 0.0875379
2.28236 0.0822321
2.2846 0.0864913
2.28889 0.0867486
2.29466 0.0884838
2.29479 0.0886122
2.29895 0.0867272
2.30235 0.0860916
2.30674 0.0864441
2.31062 0.0862904
2.3144 0.08604
2.31844 0.0860418
2.3227 0.0862704
2.32682 0.0863621
2.33061 0.0861117
2.33657 0.0860236
2.34134 0.0867658
2.34481 0.0861958
2.34494 0.0863242
2.34875 0.0861049
2.35305 0.086368
2.3568 0.0860859
2.36084 0.0860913
2.36487 0.0860931
2.36923 0.0864145
2.37515 0.0883076
2.37836 0.0854641
2.37849 0.0855925
2.3823 0.0821751
2.38454 0.0884511
2.38883 0.0866915
2.3923 0.0861216
2.39634 0.086125
2.40063 0.0863852
2.40076 0.0865136
2.40463 0.0863525
2.4086 0.0862921
2.41264 0.0862945
2.41642 0.0860396
2.42331 0.0888952
2.42741 0.0869475
2.43068 0.086183
2.43465 0.0861237
2.43917 0.086612
2.4393 0.0867404
2.44263 0.0860391
2.44674 0.0861076
2.45096 0.0863001
2.45475 0.0860497
2.45882 0.0860861
2.46484 0.0880765
2.46919 0.0863811
2.47292 0.0860679
2.47827 0.0873893
2.48237 0.0822435
2.48263 0.0865338
2.48654 0.0864088
2.49044 0.0862839
2.4948 0.0866068
2.49909 0.086859
2.49921 0.0869874
2.50236 0.086095
2.50665 0.0863542
2.50678 0.0864826
2.51267 0.0883412
2.51638 0.0860073
2.52077 0.0863632
2.52456 0.0861127
2.52859 0.0861161
2.53263 0.0861185
2.53663 0.0860893
2.54106 0.0864778
2.54465 0.0860363
2.54875 0.0861048
2.55481 0.0861141
2.55879 0.0860572
2.56353 0.0867682
2.56751 0.0867118
2.57094 0.0861103
2.57498 0.0861166
2.58036 0.0874661
2.58049 0.0875945
2.58229 0.0821604
2.58453 0.0864196
2.58882 0.0866768
2.59228 0.0861069
2.59632 0.0861103
2.60231 0.0880672
2.60663 0.0863367
2.61067 0.0863425
2.61445 0.0860921
2.61855 0.0861601
2.61868 0.0862885
2.62311 0.0866771
2.62688 0.0864227
2.6306 0.0861061
2.63463 0.086105
2.6412 0.0886411
2.64133 0.0887695
2.64473 0.0861171
2.64877 0.0861235
2.65307 0.0863866
2.65682 0.0861046
2.66086 0.0861138
2.66486 0.0860846
2.66922 0.0864099
2.67294 0.0860928
2.67839 0.0875074
2.68223 0.0821049
2.68249 0.0863952
2.68262 0.0865236
2.68652 0.0863986
2.69325 0.0890923
2.69626 0.0860548
2.70078 0.0865372
2.70091 0.0866656
2.70495 0.0866685
2.7086 0.0862891
2.71264 0.0862955
2.71642 0.0860406
2.72141 0.0870009
2.72455 0.0861086
2.73064 0.0881627
2.73462 0.0860867
2.73927 0.0867033
2.74292 0.0863216
2.74673 0.0861022
2.75097 0.0863026
2.75475 0.0860522
2.75882 0.0860886
2.76285 0.0860905
2.76753 0.0867308
2.77294 0.0860976
2.77561 0.0847257
2.78233 0.082207
2.78259 0.0876757
2.7865 0.0863723
2.79082 0.0866636
2.79473 0.0865386
2.79908 0.0868571
2.80235 0.0860931
2.80671 0.0864184
2.81069 0.0863581
2.81446 0.0861036
2.82081 0.0884131
2.82446 0.0860175
2.82866 0.0861804
2.83257 0.0860583
2.83655 0.0860019
2.83668 0.0861303
2.84126 0.0866779
2.84465 0.0860418
2.84875 0.0861063
2.85292 0.0862411
2.85917 0.0884572
2.86283 0.0860645
2.86751 0.0867128
2.87094 0.0861113
2.87498 0.0861176
2.8804 0.0874982
2.88232 0.0821925
2.88443 0.0863233
2.88872 0.0865805
2.89225 0.0860728
2.89635 0.0861389
2.90058 0.0863334
2.90071 0.0864618
2.90457 0.0862968
2.91066 0.0883494
2.91438 0.086016
2.91896 0.0865631
2.92293 0.0865037
2.92732 0.0868567
2.93053 0.08603
2.93462 0.0860951
2.93917 0.0866065
2.94295 0.0863532
2.94875 0.0881224
2.95304 0.0863648
2.95317 0.0864932
2.95683 0.0861138
2.96087 0.0861231
2.96488 0.0860978
2.96917 0.086361
2.97296 0.08611
2.9784 0.0875207
2.98237 0.0822465
2.98263 0.0865369
2.98692 0.0867941
2.99083 0.0866691
2.99474 0.0865441
3.00069 0.088466
3.00496 0.0866833
3.00865 0.0863351
3.01269 0.0863414
3.01281 0.0864698
3.0164 0.0860243
3.02083 0.0864153
3.02454 0.0860981
3.02877 0.0862927
3.0289 0.086421
3.03262 0.0861044
3.03893 0.0883827
3.04265 0.0860499
3.04675 0.0861219
3.05111 0.0864502
3.05477 0.0860713
3.05881 0.0860806
3.06285 0.0860859
3.06721 0.0864107
3.07092 0.0860931
3.07496 0.0860979
3.08028 0.0853674
3.08227 0.0821401
3.08428 0.0861731
3.09031 0.088164
3.09435 0.0861536
3.09864 0.0864127
3.10229 0.0860329
3.10675 0.0864584
3.11059 0.0862652
3.11072 0.0863936
3.11457 0.0862059
3.1185 0.0861099
3.1228 0.0863701
3.12873 0.0882643
3.13264 0.0861255
3.13668 0.0861313
3.14129 0.0867139
3.14479 0.0861751
3.1487 0.086053
3.153 0.0863162
3.15681 0.0860963
3.16082 0.0860705
3.16755 0.0887661
3.17088 0.0860505
3.17511 0.0862475
3.18037 0.0874686
3.18232 0.0821939
3.18456 0.0864531
3.18885 0.0867104
3.19228 0.0861054
3.19632 0.0861088
3.20061 0.086369
3.20074 0.0864974
3.20458 0.0863012
3.20471 0.0864296
3.20845 0.0861435
3.20858 0.0862719
3.21262 0.0862783
3.21881 0.0884327
3.22294 0.0865161
3.22307 0.0866445
3.22743 0.0869703
3.23054 0.0860463
3.23067 0.0861747
3.23464 0.0861154
3.23888 0.0863153
3.24279 0.0861903
3.24676 0.0861305
3.25095 0.0862918
3.25108 0.0864202
3.25685 0.0881583
3.2608 0.0860496
3.2649 0.0861176
3.26923 0.0864119
3.27291 0.0860636
3.27304 0.086192
3.27839 0.0875134
3.28237 0.0822392
3.28262 0.0865295
3.28653 0.0864045
3.29089 0.0867275
3.2948 0.0866025
3.29918 0.086952
3.30232 0.0860596
3.30866 0.0883621
3.31269 0.0863477
3.31641 0.0860306
3.3208 0.086387
3.32458 0.0861366
3.32862 0.08614
3.33262 0.0861113
3.33663 0.086082
3.34115 0.0865674
3.34672 0.0881109
3.35099 0.0863257
3.35477 0.0860752
3.35885 0.0861156
3.36352 0.0867605
3.3675 0.0867041
3.37093 0.0860985
3.3749 0.0860387
3.38035 0.0874544
3.38227 0.0821486
3.38452 0.0864078
3.38894 0.0867935
3.39227 0.0860951
3.39855 0.088341
3.39868 0.0884694
3.40237 0.0861049
3.40672 0.0864223
3.41065 0.0863268
3.41078 0.0864552
3.41444 0.0860764
3.41857 0.0861755
3.42267 0.0862446
3.4228 0.086373
3.42683 0.0863714
3.43062 0.0861209
3.43661 0.0880808
3.44122 0.0866432
3.44135 0.0867716
3.44488 0.0862644
3.44879 0.0861423
3.45308 0.0864055
3.45684 0.0861234
3.46084 0.0860976
3.46485 0.0860723
3.46921 0.0863937
3.47517 0.0883219
3.47838 0.0854784
3.4785 0.0856068
3.48222 0.0820926
3.48248 0.0863829
3.48882 0.0886915
3.49228 0.0861048
3.49632 0.0861082
3.50067 0.0864311
3.50465 0.0863713
3.50859 0.0862798
3.51266 0.0863173
3.5165 0.0861245
3.52086 0.0864499
3.52804 0.0895915
3.53067 0.0861717
3.53464 0.0861124
3.53926 0.086698
3.54291 0.0863162
3.54676 0.086128
3.55095 0.0862893
3.55108 0.0864177
3.55474 0.0860389
3.55881 0.0860753
3.56483 0.0880697
3.56925 0.0864405
3.57291 0.0860611
3.57829 0.0874136
3.58239 0.0822678
3.58265 0.0865581
3.58694 0.0868154
3.59043 0.0862736
3.59088 0.0867215
3.59479 0.0865965
3.59879 0.0865644
3.60232 0.0860571
3.6067 0.0864101
3.61071 0.0863809
3.61641 0.0880528
3.6208 0.086392
3.62459 0.0861415
3.62856 0.0860788
3.63263 0.0861162
3.63667 0.086122
3.64116 0.0865763
3.64468 0.0860686
3.64872 0.0860749
3.65475 0.0880698
3.65885 0.0861245
3.66353 0.0867694
3.66754 0.0867441
3.67094 0.0861114
3.67498 0.0861178
3.68036 0.0874673
3.68229 0.0821615
3.68453 0.0864207
3.68882 0.086678
3.68895 0.0868064
3.69228 0.0861041
3.69632 0.0861075
3.70055 0.0863015
3.70067 0.0864299
3.70634 0.0880623
3.71067 0.0863397
3.71445 0.0860893
3.71868 0.0862857
3.72294 0.0865143
3.72688 0.0864194
3.72733 0.0868673
3.73057 0.0860716
3.7346 0.0860706
3.73915 0.086586
3.74492 0.0883212
3.7487 0.086054
3.75306 0.0863793
3.75319 0.0865077
3.75684 0.0861283
3.76088 0.0861376
3.76486 0.0860812
3.76922 0.0864066
3.77294 0.0860894
3.77838 0.0875041
3.78223 0.0821016
3.78261 0.0865203
3.78652 0.0863953
3.79088 0.0867182
3.79639 0.0881966
3.8009 0.0866583
3.80497 0.0866923
3.80865 0.086344
3.81273 0.0863815
3.81644 0.0860604
3.8208 0.0863852
3.82458 0.0861348
3.82862 0.0861382
3.83458 0.0880674
3.83888 0.0863167
3.84272 0.086129
3.84676 0.0861354
3.85103 0.0863669
3.85481 0.0861164
3.85882 0.0860867
3.86285 0.0860885
3.86753 0.0867328
3.87298 0.0881475
3.87561 0.0847277
3.88042 0.0855015
3.88234 0.0822125
3.8865 0.0883946
3.89038 0.0862212
3.89487 0.0866725
3.89896 0.0867342
3.89909 0.0868625
3.90236 0.0860985
3.90671 0.0864204
3.91072 0.0863912
3.91456 0.0862035
3.91865 0.0862601
3.92455 0.0881237
3.92855 0.0860753
3.92868 0.0862036
3.93262 0.0861127
3.9366 0.0860563
3.93673 0.0861847
3.94135 0.0867673
3.94481 0.0861934
3.94871 0.0860674
3.95301 0.0863305
3.95679 0.0860796
3.96282 0.0880735
3.96744 0.0866388
3.97096 0.0861345
3.97513 0.0862693
3.98036 0.0874593
3.98228 0.0821535
3.98452 0.0864127
3.98868 0.0865416
3.98881 0.08667
3.99228 0.0861
3.99631 0.0861034
4.00054 0.0862974
4.00067 0.0864258
4.00461 0.0863326
4.00474 0.086461
4.00845 0.0861399
4.01441 0.0880686
4.01867 0.0862794
4.02287 0.0864452
4.023 0.0865736
4.02742 0.0869577
4.03063 0.086131
4.0346 0.0860716
4.03915 0.086587
4.0428 0.0862053
4.04671 0.0860827
4.05315 0.0884894
4.05678 0.0860622
4.06085 0.0861021
4.06488 0.0861044
4.06928 0.0864643
4.0729 0.0860568
4.07303 0.0861852
4.07836 0.0874744
4.0822 0.0820748
4.08233 0.0862367
4.08246 0.0863651
4.08624 0.0861147
4.09028 0.0861176
4.09435 0.086155
4.09885 0.0866279
4.10433 0.0880732
4.10847 0.086159
4.1127 0.086356
4.11654 0.0861667
4.12087 0.0864604
4.12453 0.0860816
4.12856 0.086085
4.1326 0.0860874
4.13663 0.0860892
4.14266 0.0880807
4.14679 0.0861636
4.15105 0.0863911
4.15118 0.0865195
4.15484 0.0861407
4.15881 0.0860838
4.15926 0.0865317
4.16292 0.0861558
4.1675 0.0867068
4.16763 0.0868352
4.17103 0.0861985
4.17494 0.0860725
4.18039 0.0874882
4.18234 0.0822135
4.18458 0.0864727
4.18471 0.0866011
4.18887 0.08673
4.189 0.0868584
4.19489 0.0887185
4.19502 0.0888469
4.19896 0.0867363
4.20236 0.0861007
4.20665 0.0863598
4.20678 0.0864882
4.21066 0.0863306
4.21444 0.0860801
4.21857 0.0861793
4.2228 0.0863767
4.2269 0.0864413
4.23264 0.0881449
4.23668 0.0861339
4.24136 0.0867793
4.24495 0.0863377
4.2488 0.0861495
4.25309 0.0864126
4.25684 0.0861306
4.26095 0.0862021
4.26486 0.0860761
4.27091 0.0880976
4.27517 0.0863089
4.27838 0.0854821
4.27851 0.0856105
4.28235 0.0822242
4.28459 0.0885002
4.28888 0.0867407
4.29331 0.0871293
4.29632 0.0861085
4.30077 0.0865282
4.30468 0.0863982
4.30859 0.0862756
4.31279 0.0864414
4.3165 0.0861203
4.32307 0.088657
4.32743 0.0869661
4.33063 0.0861394
4.33461 0.08608
4.33474 0.0862084
4.33922 0.0866616
4.34268 0.0860887
4.34676 0.0861262
4.35118 0.0865132
4.35486 0.0861655
4.36082 0.0880932
4.36486 0.0860783
4.36922 0.0864036
4.37294 0.0860905
4.37307 0.0862188
4.37842 0.0875402
4.38239 0.082266
4.38265 0.0865564
4.38643 0.086303
4.38656 0.0864314
4.39091 0.0867543
4.39482 0.0866293
4.39917 0.0869438
4.40231 0.0860514
4.40244 0.0861798
4.4067 0.0864044
4.41272 0.0883953
4.41644 0.0860614
4.4208 0.0863867
4.42458 0.0861363
4.42862 0.0861397
4.43265 0.0861421
4.43663 0.0860817
4.43676 0.0862101
4.44121 0.0866298
4.4447 0.086091
4.45099 0.0883427
4.45112 0.088471
4.45477 0.0860755
4.45881 0.0860808
4.46285 0.0860866
4.46753 0.0867349
4.47093 0.0861022
4.47494 0.0860735
4.47507 0.0862019
4.48039 0.0874892
4.48052 0.0876176
4.48231 0.0821834
4.48455 0.0864426
4.48884 0.0866999
4.49231 0.0861299
4.49634 0.0861333
4.50237 0.0881219
4.50665 0.0863563
4.51069 0.0863621
4.51082 0.0864905
4.51447 0.0861117
4.5187 0.0863081
4.52293 0.0865056
4.5269 0.0864418
4.53062 0.0861251
4.53459 0.0860658
4.54139 0.0888276
4.54479 0.0861753
4.54492 0.0863036
4.54873 0.0860843
4.55319 0.0865069
4.55687 0.0861587
4.56091 0.086168
4.56486 0.086077
4.56499 0.0862054
4.56934 0.0865268
4.57293 0.0860852
4.57848 0.0875972
4.58232 0.0821946
4.58258 0.086485
4.58649 0.08636
4.59324 0.0890848
4.59639 0.0861756
4.60077 0.0865297
4.6009 0.0866581
4.60497 0.0866921
4.6051 0.0868204
4.60859 0.0862816
4.61266 0.0863191
4.61279 0.0864474
4.6165 0.0861263
4.62144 0.0870285
4.62458 0.0861361
4.63063 0.0881557
4.63076 0.0882841
4.63461 0.0860796
4.63929 0.0867274
4.64294 0.0863456
4.64688 0.0862547
4.65108 0.08642
4.65487 0.0861696
4.65926 0.0865255
4.66284 0.0860795
4.66928 0.0884827
4.67296 0.0861177
4.67563 0.0847458
4.68235 0.0822271
4.68261 0.0876958
4.68652 0.0863924
4.69084 0.0866837
4.69475 0.0865588
4.69914 0.0869083
4.7024 0.0861443
4.7067 0.0864034
4.7107 0.0863742
4.71457 0.0862136
4.7214 0.089007
4.72461 0.0861635
4.72871 0.0862292
4.73265 0.0861382
4.73669 0.086144
4.74131 0.0867267
4.74143 0.0868551
4.7447 0.0860906
4.74884 0.0861902
4.753 0.0863249
4.75313 0.0864533
4.75887 0.0881593
4.76285 0.0860822
4.76753 0.0867305
4.77096 0.0861289
4.77513 0.0862637
4.78041 0.0875159
4.78234 0.0822102
4.78445 0.086341
4.78874 0.0865982
4.7923 0.0861216
4.79633 0.086125
4.80069 0.0864474
4.80472 0.0864458
4.81068 0.08837
4.81446 0.0861028
4.81908 0.086681
4.82356 0.0871323
4.82801 0.0875485
4.83064 0.0861455
4.83461 0.0860822
4.83929 0.086726
4.84294 0.0863442
4.84877 0.0881446
4.85313 0.0864492
4.85685 0.086136
4.86089 0.0861453
4.86487 0.0860855
4.86929 0.086477
4.87301 0.0861638
4.87836 0.0874812
4.87849 0.0876096
4.88233 0.082207
4.88259 0.0864973
4.88272 0.0866257
4.8865 0.0863724
4.89085 0.0866953
4.89476 0.0865703
4.90072 0.0884961
4.90498 0.0867079
4.90867 0.0863597
4.91271 0.086366
4.91646 0.08608
4.92088 0.086471
4.92453 0.0860882
4.92857 0.0860916
4.93257 0.0860628
4.93902 0.0884735
4.94277 0.0861718
4.94677 0.086143
4.95113 0.0864678
4.95479 0.086089
4.95883 0.0860983
4.96284 0.086073
4.9636 0.0868404
4.96764 0.0868423
4.97091 0.0860772
4.97568 0.0868188
4.98049 0.0855758
4.98232 0.0821896
4.98456 0.0864487
4.99039 0.0882467
4.99487 0.0866812
4.9991 0.0868752
5.00237 0.0861112
5.00671 0.0864112
5.01074 0.086413
5.01452 0.0861626
5.01852 0.0861294
5.01865 0.0862578
5.02263 0.0861979
5.02275 0.0863263
5.02871 0.0882516
5.03262 0.0861128
5.03673 0.0861848
5.04135 0.0867674
5.04484 0.0862286
5.04878 0.0861366
5.05311 0.0864309
5.05689 0.0861759
5.06096 0.0862118
5.06727 0.0884946
5.07103 0.0861953
5.07497 0.0861068
5.0751 0.0862351
5.08032 0.0874241
5.08231 0.082184
5.08423 0.0861237
5.08872 0.0865745
5.09227 0.0860974
5.09638 0.0861654
5.10038 0.0861337
5.10051 0.0862621
5.10441 0.0861306
5.10842 0.0861048
5.11271 0.0863679
5.1188 0.088424
5.12332 0.0868891
5.12742 0.0869582
5.13063 0.0861314
5.13463 0.0861032
5.13925 0.0866848
5.14271 0.086112
5.14678 0.0861494
5.15117 0.0865053
5.15681 0.0881151
5.16095 0.0862009
5.16489 0.0861094
5.16925 0.0864348
5.17293 0.0860865
5.17306 0.0862149
5.17845 0.0875674
5.18242 0.0822932
5.18268 0.0865835
5.1869 0.0867781
5.19091 0.0867464
5.19481 0.0866214
5.19919 0.086967
5.20246 0.086203
5.2087 0.0884077
5.21277 0.0864244
5.21658 0.086205
5.22087 0.0864637
5.22466 0.0862132
5.22869 0.0862166
5.23267 0.0861568
5.23673 0.0861858
5.24122 0.08664
5.24683 0.0882147
5.25106 0.0863944
5.25484 0.0861439
5.25888 0.0861492
5.26356 0.0867941
5.2676 0.0867999
5.27103 0.0861983
5.2751 0.0862318
5.28045 0.0875502
5.28224 0.0821161
5.28461 0.0865037
5.28903 0.0868893
5.29333 0.0871495
5.29871 0.0884995
5.30236 0.0861039
5.30672 0.0864213
5.31078 0.0864543
5.31447 0.0861066
5.31892 0.0865252
5.32308 0.086657
5.32759 0.0871309
5.33057 0.0860785
5.3307 0.0862069
5.33663 0.0881006
5.3414 0.086826
5.34493 0.0863187
5.34878 0.0861305
5.3531 0.0864247
5.35323 0.0865531
5.35686 0.0861427
5.36093 0.0861831
5.36497 0.0861894
5.36932 0.0865108
5.37529 0.088443
5.3785 0.0855995
5.38224 0.0821164
5.3825 0.0864067
5.38884 0.0887153
5.39231 0.0861286
5.39634 0.086132
5.40069 0.0864509
5.4047 0.0864182
5.40858 0.0862645
5.41277 0.0864304
5.41656 0.08618
5.42089 0.0864742
5.42755 0.0891052
5.43063 0.0861333
5.43473 0.0862024
5.43903 0.0864645
5.44306 0.0864679
5.44678 0.0861513
5.45107 0.0864099
5.45489 0.0861906
5.45925 0.0865154
5.46492 0.0881517
5.46927 0.0864603
5.47303 0.0861782
5.47838 0.0874996
5.48235 0.0822254
5.48261 0.0865157
5.48652 0.0863908
5.4909 0.0867448
5.49481 0.0866198
5.49494 0.0867482
5.49913 0.0869071
5.5024 0.0861431
5.50667 0.0863712
5.50679 0.0864996
5.51073 0.0864041
5.51656 0.0882005
5.52143 0.0870197
5.52464 0.086193
5.52864 0.0861613
5.53268 0.0861676
5.53672 0.0861735
5.54121 0.0866277
5.54483 0.0862133
5.54887 0.0862196
5.55489 0.0882146
5.55887 0.0861369
5.56287 0.0861116
5.56759 0.086791
5.57099 0.0861584
5.57503 0.0861647
5.57516 0.0862931
5.58041 0.0875142
5.58054 0.0876426
5.58233 0.0822085
5.58458 0.0864677
5.58887 0.0867249
5.589 0.0868533
5.5923 0.0861199
5.59633 0.0861233
5.60072 0.0864768
5.60667 0.0883976
5.61075 0.0864178
5.61456 0.0861984
5.61904 0.0866482
5.62321 0.08678
5.62737 0.0869073
5.63058 0.0860806
5.63474 0.0862118
5.63926 0.0866961
5.645 0.0883997
5.64878 0.0861325
5.65323 0.0865551
5.65692 0.0862069
5.6609 0.08615
5.66497 0.0861875
5.66933 0.0865128
5.67305 0.0861996
5.67837 0.0874859
5.6785 0.0876143
5.68234 0.0822117
5.68259 0.0865021
5.68272 0.0866304
5.68701 0.0868877
5.69092 0.0867627
5.69631 0.0881128
5.70095 0.0867068
5.7048 0.0865186
5.70876 0.0864542
5.71277 0.0864255
5.71649 0.0861089
5.72142 0.087011
5.72463 0.0861843
5.72867 0.0861877
5.73466 0.0881481
5.73899 0.0864285
5.74271 0.0861124
5.74681 0.0861809
5.75108 0.0864124
5.75486 0.086162
5.75925 0.0865219
5.76361 0.0868472
5.76761 0.086818
5.773 0.0881704
5.77563 0.0847506
5.78044 0.0855244
5.78236 0.0822354
5.78653 0.0884175
5.7904 0.0862441
5.79489 0.0866954
5.79901 0.0867882
5.80241 0.0861526
5.80667 0.0863811
5.81071 0.086383
5.81449 0.0861326
5.81853 0.0861344
5.81866 0.0862628
5.82465 0.0882192
5.82872 0.0862369
5.83266 0.086146
5.8367 0.0861518
5.84144 0.0868594
5.84484 0.0862233
5.84874 0.0860972
5.84887 0.0862256
5.8531 0.0864226
5.85688 0.0861676
5.86285 0.0880993
5.86746 0.0866612
5.87099 0.0861569
5.87519 0.0863228
5.88044 0.0875439
5.88236 0.0822381
5.88461 0.0864973
5.88877 0.0866262
5.8889 0.0867546
5.89332 0.0871432
5.89633 0.0861224
5.90063 0.0863826
5.90075 0.086511
5.90459 0.0863148
5.90472 0.0864432
5.90846 0.0861532
5.90859 0.0862816
5.91468 0.0883392
5.91481 0.0884676
5.91869 0.0862972
5.91882 0.0864256
5.92356 0.0871336
5.92737 0.0869109
5.93058 0.0860841
5.93462 0.086087
5.93926 0.0866997
5.94285 0.0862552
5.94676 0.0861332
5.95327 0.0886066
5.95686 0.0861483
5.9609 0.0861576
5.96488 0.0860977
5.96892 0.0861035
5.97299 0.086141
5.97844 0.0875557
5.98228 0.0821531
5.98266 0.0865718
5.98657 0.0864468
5.99093 0.0867658
5.99483 0.0866408
5.99496 0.0867692
5.99919 0.0869592
6.00467 0.0884079
6.00873 0.0864241
6.01277 0.0864304
6.01659 0.0862106
6.02088 0.0864732
6.0246 0.08616
6.02864 0.0861634
6.03271 0.0861969
6.03674 0.0861987
6.04271 0.088128
6.04675 0.0861171
6.0511 0.0864414
6.05489 0.0861909
6.05886 0.086134
6.06358 0.0868134
6.0673 0.0864997
6.07104 0.0862132
6.07505 0.0861869
6.08037 0.0874697
6.08232 0.0821945
6.08431 0.0861964
6.08869 0.0865499
6.08882 0.0866783
6.09434 0.0881591
6.09888 0.0866549
6.10241 0.0861506
6.10673 0.0864358
6.1107 0.0863749
6.11449 0.0861245
6.11881 0.0864182
6.12298 0.08655
6.12736 0.086899
6.13271 0.0882169
6.13672 0.0861749
6.1414 0.0868202
6.14496 0.0863441
6.14877 0.0861208
6.15322 0.0865434
6.15691 0.0861952
6.16095 0.0862005
6.16498 0.0862029
6.17104 0.0882284
6.17518 0.0863113
6.1753 0.0864397
6.17844 0.0855468
6.18226 0.0821293
6.18463 0.0885337
6.18892 0.0867742
6.19334 0.0871628
6.19635 0.086142
6.20065 0.0864022
6.20471 0.0864317
6.20858 0.086274
6.21275 0.0864088
6.21653 0.0861538
6.21666 0.0862822
6.2231 0.0886905
6.22807 0.0876035
6.2307 0.0862005
6.23467 0.0861412
6.2348 0.0862696
6.23925 0.0866917
6.24271 0.0861188
6.24284 0.0862472
6.24682 0.0861873
6.25121 0.0865433
6.25489 0.0861955
6.26086 0.0881272
6.26492 0.0861439
6.26931 0.0865004
6.27297 0.086121
6.2731 0.0862494
6.27845 0.0875708
6.28229 0.0821682
6.28255 0.0864585
6.28268 0.0865869
6.28691 0.0867814
6.29063 0.0864653
6.29485 0.0866599
6.29917 0.0869432
6.30244 0.0861792
6.3067 0.0864033
6.31281 0.0884876
6.31659 0.0862159
6.32143 0.0870202
6.32156 0.0871486
6.32464 0.0861935
6.32868 0.0861969
6.33268 0.0861681
6.33672 0.08617
6.3413 0.0867181
6.34476 0.0861481
6.35105 0.0883998
6.35483 0.0861326
6.35925 0.0865236
6.36358 0.0868179
6.36759 0.0867926
6.37102 0.086191
6.375 0.0861312
6.37512 0.0862596
6.3807 0.0878002
6.38083 0.0879286
6.38236 0.0822377
6.38461 0.0864968
6.3889 0.0867541
6.39332 0.0871427
6.39633 0.0861219
6.40239 0.088145
6.40668 0.0863834
6.41072 0.0863892
6.41084 0.0865176
6.41469 0.0863299
6.41895 0.086558
6.42325 0.0868181
6.42734 0.0868793
6.43068 0.0861809
6.4308 0.0863093
6.43477 0.086246
6.44138 0.0888133
6.44497 0.086355
6.44878 0.0861356
6.4532 0.0865232
6.45689 0.0861749
6.46093 0.0861842
6.46497 0.0861906
6.46933 0.0865119
6.47305 0.0861987
6.47846 0.0875823
6.48231 0.0821798
6.48256 0.0864701
6.48269 0.0865985
6.48647 0.0863451
6.48692 0.086793
6.4932 0.0890388
6.49634 0.0861297
6.50095 0.0867054
6.50482 0.0865443
6.50867 0.0863595
6.51271 0.0863659
6.51649 0.0861109
6.52155 0.0871415
6.52463 0.0861864
6.53066 0.0881783
6.53079 0.0883067
6.53476 0.0862306
6.53938 0.0868162
6.54271 0.0861149
6.54284 0.0862433
6.54681 0.0861835
6.55111 0.0864461
6.55489 0.0861957
6.55925 0.0865205
6.56361 0.0868418
6.56931 0.0885093
6.57299 0.0861443
6.57572 0.0848346
6.58225 0.0821253
6.58251 0.087594
6.58642 0.0862906
6.58655 0.086419
6.59048 0.0863252
6.59484 0.0866481
6.59916 0.0869314
6.60243 0.0861674
6.60669 0.086392
6.60681 0.0865204
6.61072 0.0863939
6.61459 0.0862333
6.62145 0.0890533
6.62465 0.0862098
6.62872 0.0862444
6.6327 0.0861845
6.63674 0.0861903
6.64135 0.086773
6.64485 0.0862341
6.64888 0.0862325
6.65318 0.0864957
6.65888 0.0881666
6.66362 0.0868569
6.6676 0.0868005
6.67103 0.0861989
6.67516 0.0862986
6.68045 0.0875508
6.68237 0.082245
6.68449 0.0863758
6.68878 0.0866331
6.6889 0.0867615
6.69326 0.0870839
6.6964 0.0861915
6.7007 0.0864517
6.70463 0.0863528
6.71072 0.0884054
6.71469 0.0863293
6.71912 0.0867209
6.72309 0.0866615
6.72805 0.0875874
6.73068 0.0861843
6.73472 0.0861872
6.73926 0.0867027
6.74273 0.0861298
6.74285 0.0862582
6.74878 0.0881518
6.75317 0.0864915
6.75689 0.0861783
6.76093 0.0861876
6.76491 0.0861278
6.7693 0.0864842
6.77302 0.086171
6.77846 0.0875817
6.78231 0.0821792
6.78269 0.0865979
6.78692 0.0867924
6.79051 0.0863479
6.79486 0.0866708
6.80095 0.0887216
6.8047 0.0864193
6.8087 0.0863901
6.81274 0.0863964
6.81287 0.0865248
6.81649 0.0861104
6.82142 0.0870125
6.82463 0.0861858
6.82867 0.0861892
6.8288 0.0863176
6.83271 0.0861955
6.83928 0.0887351
6.84274 0.0861455
6.84681 0.0861829
6.85114 0.0864766
6.85492 0.0862262
6.85928 0.086551
6.86358 0.0868141
6.86764 0.0868471
6.87104 0.0862105
6.87565 0.0867886
6.88081 0.0858962
6.88235 0.082222
6.88459 0.0864812
6.89048 0.0883419
6.89484 0.086648
6.89888 0.0866514
6.89901 0.0867798
6.9024 0.0861442
6.9067 0.0864073
6.90683 0.0865357
6.91071 0.0863821
6.91456 0.0861944
6.91865 0.0862584
6.92276 0.0863275
6.92871 0.0882528
6.93269 0.0861762
6.93676 0.0862131
6.94137 0.0867957
6.94484 0.0862258
6.94887 0.0862282
6.9531 0.0864251
6.95691 0.0862013
6.96095 0.0862066
6.96759 0.0888089
6.97105 0.0862217
6.97528 0.0864186
6.98048 0.0875775
6.98227 0.0821434
6.98464 0.086531
6.98893 0.0867882
6.9923 0.086121
6.99633 0.0861244
7.00063 0.0863846
7.00492 0.0866423
7.00857 0.0862629
7.01274 0.0863976
7.01883 0.0884503
7.02312 0.0866927
7.02805 0.0875874
7.02818 0.0877158
7.03068 0.0861844
7.03465 0.086125
7.03478 0.0862534
7.03927 0.0867066
7.04286 0.0862622
7.0469 0.086268
7.05119 0.0865301
7.05696 0.0882682
7.06091 0.0861629
7.06498 0.0862004
7.06896 0.086144
7.06941 0.0865919
7.07303 0.0861804
7.07848 0.087598
7.08229 0.0821633
7.08255 0.0864536
7.08626 0.086137
7.0903 0.0861399
7.09443 0.0862395
7.0992 0.0869697
7.1025 0.0862398
7.10852 0.0882252
7.11275 0.0864054
7.11656 0.086185
7.12156 0.0871449
7.12463 0.0861898
7.1288 0.0863216
7.13271 0.0861955
7.13687 0.0863258
7.14129 0.0867144
7.14687 0.0882585
7.15104 0.0863759
7.15495 0.0862539
7.15889 0.0861619
7.16353 0.0867716
7.16761 0.0868086
7.171 0.0861719
7.17523 0.0863689
7.18055 0.0876562
7.18235 0.082222
7.18459 0.0864812
7.18901 0.0868669
7.1933 0.087127
7.19901 0.0887966
7.2024 0.0861442
7.20682 0.0865278
7.21076 0.0864324
7.21461 0.0862441
7.21896 0.0865655
7.22313 0.0866973
7.22741 0.086949
7.23075 0.0862507
7.23677 0.0882416
7.24145 0.0868702
7.24501 0.0863941
7.24879 0.0861437
7.24892 0.0862721
7.25325 0.0865663
7.2569 0.0861869
7.26094 0.0861922
7.26501 0.0862257
7.26513 0.0863541
7.26936 0.0865471
7.27533 0.0884793
7.27847 0.0855696
7.28231 0.0821838
7.28257 0.0864741
7.2827 0.0866025
7.28878 0.0886543
7.29333 0.0871545
7.29634 0.0861337
7.29647 0.0862621
7.30063 0.0863905
7.30076 0.0865189
7.30505 0.0867746
7.30858 0.0862668
7.31275 0.0864016
7.31287 0.0865299
7.31662 0.0862439
7.32159 0.0871772
7.32758 0.0891341
7.33066 0.0861622
7.33466 0.086134
7.33479 0.0862624
7.33941 0.086844
7.34287 0.0862711
7.34694 0.0863085
7.35117 0.0865049
7.35492 0.0862194
7.35504 0.0863478
7.35927 0.0865403
7.36494 0.0881806
7.36898 0.0861657
7.37305 0.0862031
7.37856 0.08768
7.38228 0.0821491
7.38253 0.0864394
7.38692 0.0867934
7.39051 0.0863489
7.39064 0.0864773
7.39487 0.0866718
7.39918 0.0869552
7.40245 0.0861912
7.40681 0.0865125
7.41074 0.0864171
7.41087 0.0865455
7.41661 0.0882446
7.42144 0.0870322
7.42465 0.0862054
7.42868 0.0862049
7.43272 0.0862112
7.43673 0.0861859
7.44125 0.0866713
7.44138 0.0867997
7.44487 0.0862569
7.44891 0.0862632
7.45484 0.0881608
7.45497 0.0882892
7.45888 0.0861494
7.46362 0.0868604
7.4676 0.0868001
7.47102 0.0861945
7.47519 0.0863292
7.48055 0.0876477
7.48234 0.0822135
7.48471 0.0866011
7.489 0.0868583
7.49329 0.0871146
7.49643 0.0862222
7.5006 0.086354
7.50671 0.0884343
7.51072 0.0863922
7.51085 0.0865206
7.5146 0.0862351
7.51908 0.0866848
7.52324 0.0868166
7.52741 0.0869439
7.53074 0.0862456
7.53478 0.0862485
7.53926 0.0866977
7.54503 0.0884324
7.54881 0.0861652
7.55327 0.0865878
7.55692 0.0862085
7.56089 0.0861476
7.56496 0.0861811
7.56932 0.0865064
7.57307 0.0862204
7.5732 0.0863488
7.57845 0.0875728
7.5823 0.0821703
7.58268 0.086589
7.58659 0.086464
7.5905 0.086339
7.59063 0.0864674
7.59636 0.0881681
7.60097 0.086727
7.60472 0.0864415
7.60875 0.0864434
7.61279 0.0864497
7.61651 0.0861331
7.62154 0.087132
7.62475 0.0863053
7.62866 0.0861803
7.62879 0.0863087
7.63468 0.0881718
7.63927 0.0867055
7.64286 0.086261
7.64683 0.0862012
7.65113 0.0864638
7.65491 0.0862133
7.65892 0.0861875
7.66363 0.0868635
7.66376 0.0869919
7.66766 0.0868653
7.67301 0.0881827
7.67574 0.0848562
7.68054 0.08563
7.68234 0.0822126
7.68654 0.0884258
7.69044 0.0862841
7.69493 0.0867354
7.69905 0.0868281
7.70245 0.0861925
7.70668 0.08639
7.70681 0.0865184
7.71072 0.0863918
7.71085 0.0865202
7.71469 0.0863325
7.71869 0.0862993
7.72465 0.0882246
7.72872 0.0862423
7.73269 0.0861825
7.73673 0.0861883
7.74151 0.0869304
7.74487 0.0862592
7.74878 0.0861332
7.74891 0.0862616
7.75327 0.0865869
7.75695 0.0862347
7.76362 0.0888716
7.7676 0.0867984
7.771 0.0861658
7.7752 0.0863316
7.78045 0.0875527
7.78228 0.0821497
7.78452 0.0864089
7.78465 0.0865373
7.78894 0.0867945
7.79326 0.0870858
7.7964 0.0861934
7.8007 0.0864536
7.80473 0.086452
7.80847 0.086162
7.81482 0.0884764
7.81911 0.0867188
7.82312 0.0866906
7.82741 0.0869463
7.82754 0.0870747
7.83074 0.086248
7.83478 0.0862509
7.83927 0.0867041
7.84286 0.0862596
7.8469 0.0862659
7.85327 0.0886109
7.85687 0.0861526
7.86094 0.086193
7.86491 0.0861332
7.86504 0.0862616
7.86895 0.086139
7.87299 0.0861414
7.87853 0.0876533
7.88238 0.0822508
7.88276 0.0866695
7.88654 0.0864161
7.89061 0.0864506
7.89484 0.0866451
7.89922 0.0869907
7.90469 0.0884335
7.90873 0.0864226
7.91277 0.0864289
7.91652 0.0861434
7.92155 0.0871383
7.92463 0.0861832
7.9287 0.0862177
7.93283 0.0863174
7.93674 0.0861909
7.93686 0.0863193
7.94295 0.088374
7.94683 0.0862001
7.95109 0.0864316
7.95122 0.08656
7.95491 0.0862123
7.95889 0.0861554
7.96289 0.0861301
7.96366 0.0868975
7.9676 0.086806
7.97106 0.0862316
7.97523 0.0863623
7.98055 0.0876497
7.98234 0.0822155
7.98471 0.0866031
7.989 0.0868603
7.99493 0.0867348
7.9989 0.086672
7.99903 0.0868004
8.00243 0.0861648
8.00675 0.0864611
8.01073 0.0864008
8.01086 0.0865292
8.01451 0.0861503
8.01884 0.0864406
8.02281 0.0863813
8.02294 0.0865097
8.02738 0.0869209
8.03273 0.0882388
8.03671 0.0861616
8.04139 0.0868065
8.04151 0.0869349
8.04501 0.086396
8.04892 0.086273
8.05321 0.0865321
8.0569 0.0861839
8.06109 0.0863482
8.065 0.0862221
8.06513 0.0863505
8.07103 0.0882165
8.0751 0.0862396
8.07853 0.0856341
8.08231 0.0821845
8.08436 0.0882694
8.08865 0.0865088
8.08878 0.0866372
8.0924 0.0862263
8.09644 0.0862281
8.10048 0.0862315
8.10454 0.0862595
8.10854 0.0862297
8.11287 0.0865239
8.11662 0.0862374
8.12373 0.0893157
8.12808 0.0876219
8.12821 0.0877503
8.13071 0.0862189
8.13469 0.0861596
8.13927 0.0867101
8.1394 0.0868384
8.14318 0.0865851
8.14684 0.0862063
8.15122 0.0865542
8.15135 0.0866826
8.15493 0.0862376
8.16097 0.0882355
8.16504 0.0862561
8.16901 0.0861998
8.17315 0.0862994
8.1786 0.0877181
8.18231 0.0821871
8.1827 0.0866058
8.18648 0.0863525
8.19064 0.0864843
8.19487 0.0866788
8.19922 0.0869932
8.20249 0.0862292
8.20672 0.0864222
8.20684 0.0865506
8.2128 0.0864586
8.21662 0.0862393
8.22145 0.0870436
8.22158 0.087172
8.22466 0.0862169
8.22873 0.0862514
8.23273 0.0862226
8.23683 0.0862867
8.24125 0.0866753
8.24138 0.0868037
8.24488 0.0862648
8.25109 0.0884464
8.25488 0.0861792
8.255 0.0863076
8.25933 0.0866013
8.26362 0.0868604
8.2676 0.0868001
8.27102 0.0861945
8.2751 0.086232
8.27522 0.0863604
8.28058 0.0876788
8.28237 0.0822446
8.28461 0.0865038
8.28474 0.0866322
8.28903 0.0868895
8.29333 0.0871497
8.29884 0.0886281
8.30243 0.0861663
8.30672 0.0864215
8.31079 0.0864584
8.31457 0.086208
8.31895 0.0865605
8.32312 0.0866922
8.32744 0.0869751
8.33077 0.0862767
8.33481 0.0862796
8.34144 0.0888819
8.3451 0.0864864
8.34891 0.086267
8.35321 0.0865301
8.35334 0.0866585
8.35693 0.086217
8.36091 0.0861601
8.36104 0.0862885
8.36497 0.0861936
8.36949 0.0866744
8.3732 0.0863493
8.37858 0.0877018
8.3823 0.0821708
8.38268 0.0865896
8.3889 0.0887697
8.38902 0.0888981
8.39332 0.0871415
8.39646 0.0862491
8.40066 0.086412
8.40494 0.0866677
8.40507 0.0867961
8.4086 0.0862884
8.41277 0.0864231
8.41664 0.0862655
8.42161 0.0871987
8.42469 0.0862436
8.43074 0.0862499
8.43472 0.0861906
8.4394 0.0868384
8.44305 0.0864566
8.44683 0.0862022
8.45112 0.0864609
8.45125 0.0865893
8.45506 0.0863659
8.45928 0.0865544
8.46364 0.0868758
8.46899 0.0881966
8.47303 0.0861862
8.47851 0.087632
8.48236 0.0822294
8.48261 0.0865197
8.48658 0.0864575
8.49049 0.0863325
8.49062 0.0864609
8.49485 0.0866554
8.49933 0.0870982
8.50247 0.0862059
8.50682 0.0865272
8.51076 0.0864318
8.51089 0.0865602
8.51662 0.0882638
8.52146 0.0870513
8.52159 0.0871797
8.52467 0.0862246
8.52873 0.0862551
8.53271 0.0861953
8.53675 0.0862011
8.54133 0.0867492
8.54488 0.0862726
8.54892 0.0862789
8.55322 0.086542
8.55931 0.0885987
8.56361 0.086845
8.56759 0.0867886
8.57105 0.0862182
8.57522 0.0863529
8.58057 0.0876713
8.58236 0.0822372
8.58461 0.0864964
8.5889 0.0867536
8.59328 0.0871071
8.59642 0.0862147
8.60059 0.0863465
8.60072 0.0864749
8.6067 0.0884268
8.61074 0.0864159
8.61459 0.0862276
8.6191 0.0867085
8.62327 0.0868403
8.62743 0.0869676
8.63076 0.0862693
8.63483 0.0863033
8.63928 0.0867214
8.63941 0.0868498
8.64287 0.0862769
8.6488 0.0861578
8.65329 0.0866115
8.65691 0.086201
8.66098 0.0862375
8.66499 0.0862087
8.66934 0.0865301
8.67319 0.0863413
8.67857 0.0876938
8.68229 0.0821628
8.68267 0.0865816
8.68658 0.0864566
8.69049 0.0863316
8.69062 0.08646
8.69638 0.0881917
8.70099 0.0867507
8.70471 0.0864341
8.70875 0.0864359
8.71279 0.0864423
8.71666 0.0862851
8.72157 0.0871557
8.72477 0.0863289
8.72868 0.086204
8.72881 0.0863323
8.73477 0.0882616
8.73933 0.0867642
8.74311 0.0865109
8.74685 0.0862253
8.75115 0.0864879
8.75493 0.0862375
8.75933 0.0865974
8.76365 0.0868837
8.76378 0.0870121
8.76765 0.0868544
8.77105 0.0862178
8.77118 0.0863462
8.77573 0.0868661
8.78073 0.0858142
8.78239 0.0822684
8.78656 0.0884505
8.79034 0.0861804
8.79482 0.0866277
8.79899 0.0867595
8.80251 0.0862523
8.80684 0.0865465
8.81084 0.0865173
8.81463 0.0862668
8.81866 0.0862687
8.82463 0.0881979
8.82873 0.0862468
8.83273 0.0862181
8.83677 0.0862239
8.84145 0.0868692
8.84222 0.0876366
8.84485 0.0862336
8.84497 0.086362
8.84892 0.0862711
8.85334 0.0866626
8.85696 0.0862442
8.86096 0.0862184
8.86109 0.0863468
8.86757 0.0867729
8.87103 0.0862024
8.87523 0.0863682
8.87536 0.0864966
8.88074 0.0878467
8.88228 0.0821557
8.88452 0.0864149
8.88465 0.0865433
8.88894 0.0868006
8.89327 0.0870919
8.89641 0.0861995
8.9007 0.0864597
8.90474 0.0864581
8.90848 0.086168
8.90861 0.0862964
8.91473 0.0883852
8.91486 0.0885136
8.91912 0.0867249
8.92312 0.0866966
8.92741 0.0869523
8.92754 0.0870807
8.93065 0.0861567
8.93078 0.0862851
8.93482 0.086288
8.93927 0.0867101
8.94305 0.0864567
8.94687 0.0862374
8.95328 0.0886135
8.95687 0.0861552
8.96097 0.0862267
8.96495 0.0861669
8.96898 0.0861687
8.97302 0.0861711
8.97315 0.0862995
8.97853 0.0876519
8.98238 0.0822494
8.98276 0.0866681
8.98654 0.0864147
8.99064 0.0864803
8.99487 0.0866748
8.99912 0.086892
9.0046 0.088341
9.00473 0.0884694
9.00873 0.0864234
9.0128 0.0864608
9.01655 0.0861748
9.02126 0.0868502
9.02473 0.0862803
9.02876 0.0862837
9.03286 0.0863522
9.0368 0.0862568
9.04289 0.088311
9.0469 0.0862689
9.05126 0.0865938
9.05491 0.0862149
9.05504 0.0863433
9.05892 0.0861891
9.05905 0.0863175
9.06369 0.0869307
9.06766 0.0868664
9.07118 0.0863542
9.07509 0.0862266
9.07522 0.086355
9.08044 0.0875445
9.08236 0.0822382
9.08442 0.0863063
9.0889 0.0867571
9.09448 0.0883041
9.09887 0.0866443
9.10249 0.0862333
9.10675 0.0864564
9.10688 0.0865848
9.11075 0.0864266
9.11088 0.086555
9.11486 0.0864957
9.11883 0.0864353
9.12312 0.0866955
9.12738 0.0869161
9.13276 0.0882691
9.13683 0.0862892
9.14145 0.0868719
9.14498 0.0863647
9.14511 0.0864931
9.14895 0.0863048
9.15325 0.086568
9.157 0.0862859
9.1611 0.0863534
9.16501 0.0862274
9.16514 0.0863558
9.16946 0.086646
9.17536 0.0864953
9.17857 0.0856686
9.18241 0.0822828
9.18478 0.0886871
9.18894 0.0867992
9.18907 0.0869276
9.19324 0.0870594
9.19336 0.0871878
9.19651 0.0862954
9.20073 0.0864894
9.20508 0.0868073
9.20861 0.0862996
9.21287 0.0865276
9.21671 0.0863349
9.22338 0.0889689
9.22809 0.0876251
9.22821 0.0877535
9.23072 0.0862221
9.23482 0.0862912
9.23943 0.0868728
9.2429 0.0862999
9.24687 0.08624
9.25132 0.0866542
9.25503 0.0863376
9.26097 0.0882381
9.26504 0.0862588
9.26902 0.0862024
9.27306 0.0862088
9.27857 0.0876857
9.28241 0.0822831
9.28267 0.0865734
9.28279 0.0867018
9.28657 0.0864484
9.29061 0.0864519
9.29484 0.0866464
9.29497 0.0867748
9.29925 0.087027
9.30252 0.086263
9.30675 0.086456
9.31281 0.088478
9.31662 0.0862419
9.32162 0.0872058
9.3247 0.0862507
9.32876 0.0862852
9.33273 0.0862214
9.33677 0.0862272
9.34145 0.086872
9.34485 0.0862364
9.34498 0.0863648
9.3511 0.088453
9.35488 0.0861858
9.35896 0.0862262
9.36367 0.0869022
9.36761 0.0868107
9.37104 0.0862052
9.37116 0.0863336
9.37523 0.086371
9.38078 0.0878805
9.38091 0.0880089
9.38232 0.0821896
9.38456 0.0864488
9.38469 0.0865772
9.38882 0.0866744
9.39324 0.087063
9.39337 0.0871914
9.39651 0.086299
9.40257 0.0883221
9.40673 0.0864361
9.4109 0.0865703
9.41458 0.0862226
9.4191 0.0867034
9.42326 0.0868352
9.42339 0.0869636
9.42742 0.0869625
9.43079 0.0862953
9.43092 0.0864237
9.43486 0.0863293
9.44146 0.0889005
9.44499 0.0863765
9.44893 0.0862856
9.45323 0.0865487
9.45336 0.0866771
9.45695 0.0862356
9.46105 0.0863031
9.46499 0.0862082
9.46512 0.0863365
9.46947 0.0866579
9.47306 0.0862124
9.47319 0.0863408
9.47857 0.0876932
9.48229 0.0821623
9.48267 0.086581
9.48645 0.0863276
9.48658 0.086456
9.49318 0.0890213
9.49645 0.0862406
9.50097 0.086723
9.50471 0.0864335
9.50862 0.0863109
9.51285 0.0865079
9.51669 0.0863152
9.52162 0.0872133
9.52175 0.0873417
9.5247 0.0862582
9.53079 0.0883124
9.53476 0.0862363
9.53945 0.0868841
9.54291 0.0863112
9.54698 0.0863487
9.55127 0.0866073
9.55492 0.0862285
9.55505 0.0863569
9.55938 0.0866466
9.56363 0.0868667
9.56376 0.0869951
9.56905 0.0882537
9.57315 0.0863055
9.57572 0.0848363
9.58238 0.0822554
9.58264 0.0877241
9.58661 0.0864835
9.59052 0.0863585
9.59487 0.0866814
9.59922 0.0869959
9.59935 0.0871242
9.60249 0.0862319
9.60682 0.0865221
9.61088 0.0865551
9.61473 0.0863674
9.62149 0.0890941
9.6247 0.0862506
9.62873 0.086254
9.63274 0.0862253
9.63678 0.0862311
9.64155 0.0869732
9.64495 0.0863331
9.64898 0.0863355
9.65331 0.0866297
9.65931 0.088593
9.6636 0.0868394
9.66761 0.0868141
9.67107 0.0862437
9.67524 0.0863784
9.68047 0.0875684
9.68059 0.0876968
9.68239 0.0822627
9.6845 0.0863934
9.68463 0.0865218
9.68892 0.0867791
9.69328 0.0871015
9.69642 0.0862091
9.70071 0.0864693
9.70478 0.0864988
9.71076 0.0884541
9.71474 0.0863781
9.71487 0.0865064
9.71913 0.0867345
9.7231 0.0866752
9.72742 0.086962
9.73079 0.0862948
9.73486 0.0863287
9.73947 0.0869064
9.74325 0.086653
9.74895 0.088325
9.75325 0.0865713
9.75697 0.0862581
9.76104 0.0862946
9.76508 0.0862969
9.76902 0.0862055
9.76947 0.0866534
9.77306 0.0862118
9.77857 0.0876887
9.78241 0.0822861
9.78267 0.0865765
9.7828 0.0867048
9.78658 0.0864515
9.79061 0.0864549
9.79484 0.0866494
9.80102 0.0887974
9.80458 0.0863046
9.80471 0.0864329
9.80875 0.0864348
9.81288 0.0865345
9.81669 0.0863111
9.82156 0.0871466
9.82467 0.0862226
9.82874 0.0862571
9.82886 0.0863855
9.83274 0.0862284
9.83287 0.0863567
9.83931 0.0887679
9.8429 0.0863067
9.84684 0.0862157
9.84697 0.0863441
9.85117 0.0865095
9.85496 0.086259
9.85935 0.0866189
9.86361 0.086847
9.86374 0.0869754
9.86777 0.0869772
9.87104 0.0862122
9.87117 0.0863406
9.87572 0.0868605
9.88053 0.0856174
9.88066 0.0857458
9.88233 0.0822001
9.88457 0.0864593
9.8847 0.0865876
9.8904 0.0882572
9.89495 0.0867539
9.89905 0.0868195
9.90244 0.0861839
9.90674 0.0864431
9.90687 0.0865715
9.91084 0.0865111
9.91462 0.0862607
9.91869 0.0862937
9.92301 0.0865849
9.92872 0.0882574
9.93275 0.086243
9.93679 0.0862489
9.94144 0.0868626
9.94157 0.086991
9.94503 0.0864171
9.94894 0.086291
9.95323 0.0865542
9.95707 0.0863575
9.96108 0.0863317
9.96755 0.0887745
9.96768 0.0889029
9.97108 0.0862534
9.97538 0.0865166
9.98048 0.0875782
9.9823 0.0821752
9.98467 0.0865627
9.98909 0.0869484
9.99325 0.0870762
9.99639 0.0861838
9.99652 0.0863122

