% time_sec delay_sec
1.16561 0.0655397
1.16561 0.0655397
1.2656 0.0655349
1.36559 0.0655216
1.46368 0.367622
1.46562 0.0655497
1.56561 0.0655376
1.66559 0.0655243
1.76559 0.0655217
1.76642 0.367689
1.8656 0.0655358
1.96503 0.264297
1.96698 0.0668871
1.96912 0.0710478
1.97307 0.0709702
2.06498 0.15884
2.06702 0.066937
2.06922 0.0711482
2.06935 0.0712766
2.07307 0.0709696
2.07713 0.0709936
2.08116 0.070988
2.08542 0.0712126
2.08913 0.070896
2.08926 0.0710244
2.09349 0.0712174
2.09825 0.0719471
2.10331 0.0709587
2.10735 0.0709561
2.11135 0.0709308
2.11546 0.0709989
2.11946 0.0709731
2.12344 0.0709137
2.12811 0.0715551
2.1317 0.0711101
2.13561 0.0709876
2.14224 0.073579
2.14589 0.0711834
2.14974 0.0709981
2.15406 0.0712849
2.15771 0.070905
2.16336 0.0725143
2.16714 0.0670549
2.16772 0.0716647
2.17102 0.0709308
2.17505 0.0709331
2.18021 0.0720575
2.18412 0.0719325
2.18918 0.0729596
2.19347 0.071199
2.19852 0.0722187
2.20167 0.0713263
2.20541 0.0710403
2.20942 0.071011
2.21336 0.0709201
2.21381 0.071368
2.21746 0.0709881
2.22153 0.0710256
2.2256 0.071063
2.23159 0.0730204
2.23172 0.0731488
2.23556 0.0709393
2.24021 0.0715486
2.2436 0.0709125
2.24796 0.0712343
2.25168 0.0709206
2.25591 0.0711181
2.25976 0.0709328
2.26505 0.0721914
2.26717 0.0670797
2.26935 0.0712762
2.27309 0.0709902
2.27915 0.0730162
2.27928 0.0731446
2.28409 0.0718986
2.28806 0.0718364
2.2912 0.070944
2.29133 0.0710724
2.2953 0.0710131
2.29934 0.0710165
2.30338 0.0710228
2.30738 0.0709901
2.31145 0.0710276
2.31575 0.0712907
2.32142 0.0709103
2.32554 0.071002
2.32952 0.0709427
2.33368 0.0710745
2.3376 0.0709548
2.34205 0.0713745
2.34596 0.0712525
2.34965 0.0709077
2.35401 0.0712335
2.35981 0.0730057
2.36327 0.070415
2.36712 0.0670306
2.36936 0.0733021
2.37304 0.0709331
2.37714 0.0710051
2.38115 0.0709769
2.3857 0.0714909
2.38935 0.0711092
2.39345 0.0711783
2.39755 0.0712473
2.40127 0.0709312
2.40742 0.0730466
2.41155 0.0711255
2.41168 0.0712539
2.41578 0.0713185
2.4195 0.0710048
2.42369 0.0711677
2.42811 0.0715563
2.42824 0.0716847
2.4317 0.0711113
2.43555 0.0709265
2.44033 0.0716686
2.44369 0.0710014
2.44962 0.0728951
2.45398 0.0712002
2.4577 0.0708865
2.4633 0.0724567
2.46714 0.0670555
2.46772 0.0716653
2.47112 0.0710327
2.47516 0.071039
2.47974 0.0715871
2.48019 0.072035
2.4841 0.07191
2.48845 0.0722329
2.49141 0.0711494
2.49153 0.0712778
2.49857 0.0742831
2.50127 0.070926
2.5053 0.0709284
2.5094 0.0709925
2.51375 0.0713143
2.51738 0.0709034
2.52148 0.0709719
2.52552 0.0709783
2.52949 0.070919
2.53378 0.0711752
2.54054 0.0718851
2.54369 0.0709957
2.54779 0.0710648
2.54792 0.0711931
2.55167 0.0709106
2.55603 0.0712364
2.55975 0.0709227
2.56507 0.072213
2.56706 0.0669729
2.56927 0.0712005
2.57312 0.0710157
2.57729 0.0711499
2.58113 0.0709622
2.58735 0.0731424
2.59126 0.0710006
2.59138 0.071129
2.59523 0.0709413
2.5993 0.0709753
2.60333 0.0709737
2.6074 0.0710111
2.61137 0.0709513
2.6115 0.0710797
2.61567 0.0712144
2.61945 0.0709629
2.6256 0.0730793
2.62951 0.0709371
2.63355 0.0709405
2.63752 0.0708791
2.64236 0.071681
2.64601 0.0713022
2.64967 0.0709263
2.65403 0.0712522
2.65772 0.0709074
2.6633 0.0724544
2.66711 0.0670221
2.66756 0.0715035
2.67102 0.0709331
2.67717 0.0730485
2.68121 0.0710351
2.68543 0.0712296
2.68934 0.0711046
2.68947 0.071233
2.69364 0.0713648
2.6986 0.0722951
2.70129 0.0709549
2.70546 0.0710861
2.70937 0.0709636
2.71578 0.0733362
2.71943 0.0709401
2.72404 0.0715158
2.72811 0.0715504
2.73179 0.0712026
2.73555 0.0709206
2.74061 0.0719511
2.74074 0.0720795
2.74369 0.070996
2.74782 0.0710962
2.74795 0.0712246
2.75206 0.0712966
2.7577 0.070889
2.76042 0.0695793
2.76708 0.0669919
2.76766 0.0727801
2.77102 0.0709339
2.77509 0.0709714
2.78015 0.0719985
2.78393 0.0717451
2.7872 0.0709811
2.78733 0.0711095
2.79134 0.0710813
2.79147 0.0712097
2.79537 0.0710847
2.80036 0.0720421
2.80533 0.0729783
2.80934 0.0709323
2.81337 0.0709346
2.81747 0.0709987
2.82151 0.0710051
2.82545 0.0709141
2.82956 0.0709832
2.83372 0.071115
2.83757 0.0709331
2.84369 0.0730179
2.84779 0.0710663
2.84792 0.0711946
2.85164 0.070881
2.85587 0.0710745
2.85981 0.0709864
2.86507 0.072214
2.86706 0.0669739
2.86927 0.0712014
2.87312 0.0710167
2.87732 0.071182
2.88117 0.0709943
2.88571 0.0715083
2.88584 0.0716367
2.88949 0.0712549
2.88962 0.0713833
2.89539 0.0731151
2.8993 0.0709733
2.90329 0.0709366
2.90739 0.0710012
2.91136 0.0709414
2.91534 0.070881
2.91947 0.0709807
2.92345 0.0709214
2.92802 0.0714655
2.92815 0.0715939
2.9336 0.0730096
2.93757 0.0709314
2.94244 0.0717604
2.94596 0.0712532
2.94965 0.0709045
2.95401 0.0712303
2.95773 0.0709166
2.96334 0.0724948
2.96712 0.0670354
2.9677 0.0716452
2.9711 0.0710125
2.97514 0.0710149
2.97526 0.0711433
2.98045 0.0722948
2.9859 0.0737075
2.98955 0.071309
2.99358 0.0713124
2.99826 0.0719503
3.00165 0.0713147
3.00535 0.0709725
3.00942 0.0710095
3.01333 0.0708874
3.01378 0.0713353
3.01746 0.0709866
3.02342 0.0729153
3.02839 0.0718283
3.03166 0.0710643
3.03178 0.0711927
3.03553 0.0709067
3.04021 0.071551
3.04367 0.0709811
3.04765 0.0709247
3.05207 0.0713157
3.05586 0.0710653
3.05971 0.0708834
3.06497 0.0700902
3.06708 0.0669913
3.0692 0.071125
3.07509 0.0729855
3.07919 0.0710368
3.08313 0.0709413
3.08726 0.0710415
3.09114 0.0708844
3.09127 0.0710128
3.09528 0.0709875
3.09928 0.0709588
3.10332 0.0709641
3.10739 0.0710045
3.11405 0.0736299
3.11741 0.0709409
3.12165 0.0711384
3.12549 0.0709502
3.1295 0.0709219
3.13366 0.0710537
3.13379 0.0711821
3.13758 0.0709341
3.142 0.0713227
3.14594 0.0712317
3.14607 0.0713601
3.15203 0.0732923
3.15575 0.0709589
3.15588 0.0710873
3.15983 0.0709993
3.16498 0.0721221
3.1671 0.0670104
3.16934 0.0712691
3.17299 0.0708898
3.17312 0.0710181
3.17713 0.0709929
3.18117 0.0709958
3.18572 0.0715098
3.1895 0.0712564
3.19356 0.0712904
3.19754 0.0712311
3.2033 0.0729578
3.20736 0.0709745
3.2114 0.0709809
3.21535 0.0708899
3.21948 0.0709931
3.22346 0.0709337
3.22814 0.0715791
3.23182 0.0712314
3.23554 0.0709182
3.24214 0.073486
3.24586 0.0711526
3.24964 0.0709011
3.2541 0.0713203
3.25775 0.0709404
3.26291 0.0720667
3.26336 0.0725146
3.26714 0.0670552
3.26759 0.0715366
3.26772 0.071665
3.27099 0.0709
3.27112 0.0710283
3.27506 0.0709374
3.28019 0.0720307
3.28031 0.0721591
3.28422 0.0720341
3.28858 0.072357
3.29351 0.0732591
3.29364 0.0733875
3.29854 0.0722309
3.30123 0.0708906
3.30168 0.0713385
3.30536 0.0709868
3.30929 0.0708874
3.30942 0.0710158
3.31333 0.0708938
3.31378 0.0713417
3.31737 0.0708956
3.3215 0.0709958
3.32554 0.0710021
3.33172 0.0731502
3.33557 0.0709446
3.33955 0.0708877
3.34358 0.0708906
3.34784 0.0711192
3.34797 0.0712476
3.35208 0.0713196
3.35586 0.0710692
3.35981 0.0709812
3.36494 0.0720768
3.36506 0.0722052
3.36705 0.0669651
3.36923 0.0711616
3.36936 0.07129
3.37311 0.0710039
3.37728 0.0711382
3.384 0.0738319
3.38842 0.0722008
3.39124 0.0709889
3.39522 0.0709295
3.39932 0.0709986
3.40326 0.0709037
3.40339 0.0710321
3.40736 0.0709683
3.41149 0.071064
3.41566 0.0711987
3.42139 0.0729012
3.42555 0.0710113
3.42953 0.0709519
3.43369 0.0710837
3.43757 0.070929
3.44237 0.0716999
3.44603 0.071321
3.44969 0.0709451
3.45405 0.071271
3.45972 0.0729148
3.46328 0.0704214
3.4671 0.0670099
3.46755 0.0714913
3.47305 0.0729642
3.47716 0.0710194
3.48119 0.0710228
3.48542 0.0712174
3.4892 0.070964
3.49343 0.0711614
3.49849 0.072189
3.49862 0.0723174
3.50164 0.0712967
3.50529 0.0709173
3.51157 0.073165
3.51541 0.0709556
3.51945 0.0709619
3.52368 0.0711559
3.52842 0.071864
3.53169 0.0711
3.53182 0.0712284
3.53554 0.0709152
3.54073 0.0720741
3.54368 0.0709906
3.54964 0.0729154
3.55409 0.0713178
3.55781 0.0710041
3.56329 0.0724499
3.56707 0.0669865
3.56765 0.0715963
3.57099 0.0708975
3.57111 0.0710259
3.57506 0.0709349
3.57977 0.0716114
3.58412 0.0719343
3.58854 0.07232
3.59139 0.0711392
3.59152 0.0712676
3.59543 0.0711426
3.59556 0.071271
3.60123 0.0729049
3.60168 0.0733528
3.60536 0.0709843
3.60936 0.0709551
3.61375 0.071312
3.61747 0.0709944
3.62151 0.0710007
3.62561 0.0710693
3.62946 0.0708816
3.63378 0.0711729
3.64019 0.0735524
3.64359 0.0708996
3.64782 0.071097
3.65206 0.0712974
3.6559 0.0711092
3.65603 0.0712376
3.65982 0.0709901
3.66495 0.0720858
3.66507 0.0722141
3.66709 0.0670052
3.66927 0.0712016
3.6694 0.07133
3.67299 0.0708885
3.67312 0.0710168
3.67726 0.07112
3.68114 0.0709633
3.68594 0.0717342
3.69126 0.0730185
3.69523 0.0709385
3.69926 0.0709414
3.70336 0.0710059
3.7073 0.070911
3.70743 0.0710394
3.71137 0.0709485
3.71535 0.0708921
3.71948 0.0709912
3.72346 0.0709319
3.72948 0.0729194
3.73358 0.0709683
3.73758 0.070938
3.74229 0.0716115
3.74594 0.0712327
3.74607 0.0713611
3.74966 0.070919
3.75402 0.0712448
3.75774 0.0709312
3.76332 0.0724782
3.76711 0.0670188
3.76755 0.0715002
3.76768 0.0716286
3.77102 0.0709298
3.77521 0.0710916
3.7812 0.0730485
3.78543 0.0712263
3.78934 0.0711013
3.79363 0.0713615
3.79847 0.0721594
3.79859 0.0722878
3.80129 0.0709475
3.80548 0.0711099
3.8093 0.0708901
3.81375 0.0713092
3.81952 0.0730424
3.82342 0.0709001
3.82797 0.0714171
3.83163 0.0710382
3.83176 0.0711666
3.83561 0.0709819
3.84061 0.0719497
3.84362 0.0709318
3.84785 0.0711293
3.85167 0.0709129
3.85776 0.07297
3.86042 0.0695774
3.86497 0.0700928
3.86708 0.0669939
3.87105 0.0729838
3.87509 0.0709734
3.87913 0.0709798
3.88407 0.071879
3.88721 0.0709866
3.89134 0.0710867
3.89538 0.0710902
3.8996 0.0712802
3.90326 0.0709014
3.90934 0.0729511
3.91405 0.0716108
3.91737 0.0709
3.92263 0.0721187
3.92548 0.0709374
3.92958 0.0710065
3.93378 0.0711694
3.93763 0.0709875
3.94205 0.0713761
3.94781 0.0731063
3.95205 0.0712899
3.95573 0.0709422
3.95981 0.0709826
3.965 0.07214
3.96699 0.0668999
3.9693 0.0712247
3.96942 0.0713531
3.97302 0.0709116
3.97314 0.0710399
3.97715 0.0710147
3.98113 0.0709553
3.98567 0.0714694
3.9858 0.0715978
3.98945 0.071216
3.99356 0.0712851
3.99369 0.0714135
3.99926 0.0729541
4.00332 0.0709668
4.00736 0.0709709
4.0114 0.0709772
4.01579 0.0713297
4.01948 0.0709849
4.02352 0.0709912
4.02812 0.0715664
4.02825 0.0716948
4.03178 0.0711876
4.03755 0.0729247
4.04216 0.0714842
4.04562 0.0709142
4.04966 0.070919
4.05399 0.0712098
4.05777 0.0709583
4.06357 0.0727271
4.0637 0.0728555
4.06716 0.0670731
4.06729 0.071235
4.06742 0.0713634
4.07098 0.0708902
4.07111 0.0710186
4.07509 0.0709652
4.07964 0.0714811
4.0831 0.0709112
4.08919 0.0729659
4.09332 0.0710488
4.09821 0.0719068
4.10129 0.0709517
4.10526 0.0708903
4.10539 0.0710187
4.1093 0.0708956
4.10943 0.071024
4.11334 0.070902
4.11379 0.0713499
4.11744 0.0709695
4.12145 0.0709408
4.12158 0.0710692
4.1276 0.0730611
4.13164 0.0710473
4.13558 0.0709518
4.14054 0.0718846
4.14365 0.07096
4.14788 0.0711535
4.1517 0.0709371
4.15593 0.0711346
4.15978 0.0709493
4.16504 0.0721768
4.16706 0.0669678
4.16924 0.0711643
4.17308 0.0709755
4.17923 0.0730949
4.18407 0.07188
4.1874 0.0711788
4.19121 0.0709565
4.19528 0.070991
4.19541 0.0711194
4.19935 0.0710255
4.20326 0.0709035
4.20339 0.0710319
4.2073 0.0709058
4.21149 0.0710677
4.21162 0.0711961
4.21736 0.0728986
4.2214 0.0708882
4.22549 0.0709528
4.22947 0.0708935
4.23366 0.0710564
4.23758 0.0709368
4.24206 0.0713881
4.24597 0.071266
4.2461 0.0713944
4.24969 0.0709523
4.25582 0.0730411
4.25973 0.0709052
4.26358 0.070717
4.2671 0.0670136
4.26924 0.0731878
4.26937 0.0733162
4.27306 0.0709512
4.27716 0.0710232
4.28107 0.0708977
4.2812 0.071026
4.28575 0.0715401
4.2894 0.0711583
4.29382 0.0715469
4.29754 0.0712308
4.30173 0.0713937
4.30734 0.0729639
4.31144 0.0710157
4.31157 0.0711441
4.3156 0.0711425
4.31945 0.0709577
4.32345 0.0709295
4.32813 0.0715748
4.33166 0.0710676
4.33179 0.071196
4.33551 0.0708828
4.34025 0.0715899
4.34599 0.0732935
4.34964 0.0708968
4.35406 0.0712849
4.35771 0.070905
4.36332 0.0724752
4.36717 0.067078
4.36761 0.0715595
4.36774 0.0716879
4.37101 0.0709268
4.37505 0.0709331
4.38021 0.0720575
4.38412 0.0719325
4.38848 0.0722554
4.39156 0.0713003
4.39853 0.0742394
4.40122 0.0708824
4.40535 0.0709786
4.40929 0.0708871
4.41333 0.0708895
4.41378 0.0713374
4.41737 0.0708953
4.4215 0.0709955
4.42554 0.0710018
4.42952 0.0709425
4.43554 0.07293
4.44057 0.0719087
4.44361 0.070922
4.44784 0.0711194
4.45208 0.0713198
4.45592 0.0711316
4.45977 0.0709463
4.46497 0.0721076
4.46708 0.0669959
4.46926 0.0711924
4.46939 0.0713208
4.47311 0.0710076
4.47718 0.0710445
4.48116 0.0709852
4.48737 0.0731654
4.49115 0.0708953
4.49525 0.0709643
4.49922 0.0709016
4.50326 0.0709
4.50338 0.0710283
4.50729 0.0709023
4.50742 0.0710307
4.51139 0.0709709
4.51562 0.0711678
4.51947 0.0709825
4.52562 0.0730984
4.52953 0.0709561
4.53357 0.0709596
4.53755 0.0709061
4.54229 0.0716107
4.54241 0.0717391
4.54607 0.0713603
4.54963 0.0708871
4.55402 0.0712441
4.55777 0.0709615
4.56354 0.0726997
4.56367 0.072828
4.5671 0.0670146
4.56755 0.071496
4.57101 0.0709216
4.57713 0.0730098
4.5813 0.0711248
4.5854 0.071191
4.5893 0.071066
4.5935 0.0712289
4.59363 0.0713573
4.59847 0.0721592
4.59859 0.0722876
4.60161 0.0712668
4.60548 0.0711097
4.60939 0.0709871
4.61561 0.0731652
4.61945 0.0709637
4.62394 0.071415
4.62842 0.0718663
4.63166 0.0710672
4.63557 0.0709447
4.64063 0.0719752
4.64358 0.0708917
4.64785 0.0711202
4.65397 0.0732085
4.65772 0.0709091
4.66054 0.0696967
4.6671 0.067012
4.66755 0.0726718
4.66768 0.0728002
4.67104 0.070954
4.67511 0.0709915
4.68017 0.0720186
4.68395 0.0717652
4.68735 0.0711296
4.69136 0.0711014
4.69539 0.0711048
4.70042 0.0720933
4.70526 0.0729011
4.70935 0.0709484
4.71406 0.0716209
4.71736 0.0708909
4.72211 0.071599
4.7255 0.0709629
4.72948 0.0709036
4.7338 0.0711949
4.73759 0.0709469
4.74361 0.0729383
4.74781 0.0710839
4.75172 0.0709648
4.75576 0.0709677
4.75589 0.0710961
4.75971 0.0708797
4.76496 0.0721033
4.76708 0.0669916
4.76929 0.0712191
4.76942 0.0713475
4.77301 0.070906
4.77314 0.0710344
4.77721 0.0710713
4.77734 0.0711997
4.78118 0.071012
4.78573 0.071526
4.78951 0.0712726
4.79525 0.0729728
4.79928 0.0709589
4.80331 0.0709573
4.80728 0.0708935
4.81139 0.070962
4.81568 0.0712212
4.81946 0.0709702
4.82395 0.0714215
4.8284 0.0718377
4.83359 0.0729967
4.83759 0.0709496
4.8423 0.0716231
4.84243 0.0717515
4.84589 0.0711781
4.8497 0.0709578
4.85409 0.0713147
4.85775 0.0709388
4.86358 0.0727392
4.86371 0.0728676
4.86711 0.067023
4.86756 0.0715044
4.86769 0.0716328
4.87109 0.0710001
4.87516 0.0710376
4.88041 0.0722553
4.88541 0.0732201
4.88554 0.0733485
4.88932 0.0710784
4.88945 0.0712068
4.89348 0.0712102
4.8972 0.0708936
4.90124 0.070897
4.90168 0.0713449
4.90537 0.0709972
4.90931 0.0709057
4.90944 0.0710341
4.91335 0.070912
4.91736 0.0708828
4.92341 0.0729054
4.92806 0.0714989
4.93161 0.0710228
4.93552 0.0709002
4.93956 0.0709055
4.94363 0.0709395
4.94786 0.071137
4.95164 0.0708855
4.95588 0.0710829
4.956 0.0712113
4.96043 0.0716058
4.96502 0.07014
4.96706 0.0669749
4.96924 0.0711714
4.97504 0.0729361
4.97921 0.0710541
4.98404 0.071856
4.98738 0.0711548
4.99122 0.0709671
4.99539 0.0710989
4.99949 0.0711645
5.00327 0.070914
5.00735 0.0709572
5.01343 0.0730104
5.01743 0.0709604
5.02147 0.0709662
5.02551 0.0709686
5.02948 0.0709093
5.03365 0.0710411
5.03378 0.0711695
5.03763 0.0709876
5.04205 0.0713762
5.04567 0.0709657
5.0517 0.0729591
5.0558 0.0710074
5.05974 0.0709149
5.06503 0.0721701
5.06715 0.0670584
5.06936 0.0712855
5.07304 0.0709402
5.07705 0.0709138
5.07718 0.0710422
5.08109 0.0709202
5.08122 0.0710486
5.08535 0.0711487
5.08923 0.0709921
5.08936 0.0711205
5.09355 0.0712824
5.09842 0.0721178
5.10332 0.0729788
5.10739 0.0709985
5.11137 0.0709421
5.11537 0.0709129
5.11941 0.0709182
5.12357 0.07105
5.1237 0.0711784
5.12812 0.0715669
5.12825 0.0716953
5.13181 0.0712192
5.13559 0.0709683
5.14194 0.0732792
5.14588 0.0711715
5.14601 0.0712999
5.14966 0.07092
5.15405 0.071277
5.15777 0.0709633
5.16335 0.0725064
5.16707 0.0669808
5.16765 0.0715906
5.17101 0.0709229
5.17114 0.0710513
5.17508 0.0709603
5.18024 0.0720847
5.18037 0.0722131
5.18428 0.0720881
5.1885 0.0722826
5.18863 0.072411
5.19353 0.0732781
5.19855 0.0722459
5.20125 0.0709056
5.20528 0.070904
5.20934 0.070933
5.21405 0.0716094
5.21745 0.0709728
5.22145 0.070944
5.22158 0.0710724
5.22562 0.0710788
5.23164 0.0730673
5.23177 0.0731957
5.23551 0.0708889
5.24058 0.0719189
5.24362 0.0709322
5.24788 0.0711568
5.2517 0.0709404
5.25596 0.071169
5.25971 0.0708864
5.26497 0.0721104
5.26702 0.0669326
5.26933 0.0712574
5.27308 0.0709754
5.27724 0.0711056
5.2841 0.0739277
5.28839 0.0721682
5.29121 0.0709563
5.29538 0.0710881
5.29922 0.0709004
5.29935 0.0710288
5.30326 0.0709028
5.30339 0.0710312
5.30736 0.0709673
5.31149 0.071063
5.31569 0.0712289
5.32212 0.0736332
5.32554 0.0710034
5.32948 0.0709095
5.33365 0.0710413
5.33756 0.0709177
5.34243 0.0717542
5.34608 0.0713754
5.34971 0.0709644
5.35407 0.0712903
5.35974 0.0729341
5.36356 0.070698
5.36709 0.0669986
5.36753 0.07148
5.37304 0.0729569
5.37715 0.0710121
5.38119 0.0710155
5.38545 0.0712411
5.38923 0.0709878
5.39346 0.0711852
5.39851 0.0722088
5.40166 0.0713165
5.40534 0.0709642
5.41143 0.0730214
5.41156 0.0731498
5.41553 0.0710737
5.41941 0.07092
5.42358 0.0710518
5.4237 0.0711802
5.42813 0.0715688
5.43165 0.0710616
5.43178 0.07119
5.43563 0.0710052
5.43954 0.0708821
5.44358 0.0708855
5.44966 0.0729387
5.45409 0.07131
5.45774 0.0709301
5.46363 0.0727887
5.46709 0.0670063
5.46767 0.0716161
5.47097 0.0708862
5.4711 0.0710146
5.47505 0.0709236
5.48017 0.0720169
5.48408 0.0718919
5.48735 0.0711279
5.48844 0.0722148
5.49142 0.0711624
5.49155 0.0712908
5.49545 0.0711658
5.4959 0.0716137
5.50163 0.0733104
5.50532 0.0709454
5.50938 0.0709784
5.51336 0.0709185
5.51739 0.0709204
5.52169 0.0711806
5.52556 0.0710234
5.52954 0.0709641
5.53383 0.0712243
5.54056 0.0739234
5.54361 0.0709159
5.54784 0.0711134
5.55207 0.0713138
5.55595 0.0711566
5.55983 0.0710025
5.56499 0.0721327
5.56701 0.0669237
5.56932 0.0712485
5.57304 0.0709354
5.57734 0.071198
5.58105 0.0708819
5.58118 0.0710103
5.58599 0.0717811
5.59118 0.0729371
5.59524 0.0709543
5.59931 0.0709883
5.60328 0.0709285
5.60732 0.0709269
5.60745 0.0710553
5.61132 0.0708981
5.61145 0.0710265
5.61571 0.0712546
5.61943 0.0709374
5.62359 0.0710692
5.62949 0.0729283
5.63358 0.0709772
5.63756 0.0709198
5.64195 0.0712738
5.64589 0.0711828
5.64602 0.0713112
5.64971 0.0709664
5.65407 0.0712923
5.65769 0.0708813
5.66356 0.0727128
5.66368 0.0728412
5.66708 0.0669966
5.66753 0.071478
5.66766 0.0716064
5.671 0.0709076
5.67516 0.0710423
5.68119 0.0730303
5.68586 0.071656
5.68951 0.0712742
5.69355 0.0712776
5.69368 0.071406
5.69851 0.0722079
5.69864 0.0723363
5.70165 0.0713155
5.70531 0.0709362
5.70941 0.0710003
5.71405 0.0716105
5.71944 0.072963
5.72347 0.0709496
5.72802 0.0714666
5.73168 0.0710878
5.73559 0.0709652
5.74059 0.071933
5.74367 0.0709774
5.7479 0.0711748
5.75172 0.0709585
5.75778 0.0729845
5.76041 0.0695647
5.76054 0.0696931
5.76502 0.0701468
5.76704 0.0669506
5.77108 0.0730067
5.77512 0.0709963
5.77916 0.0710027
5.78409 0.0719019
5.78723 0.0710095
5.79124 0.0709813
5.79527 0.0709847
5.7954 0.0711131
5.79953 0.0712058
5.80334 0.0709865
5.80933 0.0729429
5.8134 0.0709636
5.81744 0.0709654
5.82167 0.0711629
5.82551 0.0709707
5.82949 0.0709114
5.83368 0.0710743
5.83381 0.0712026
5.8376 0.0709546
5.84214 0.0714681
5.84784 0.0731361
5.85169 0.0709341
5.85579 0.0709992
5.85977 0.0709423
5.86502 0.0721624
5.86701 0.0669223
5.86932 0.0712471
5.87304 0.070934
5.87711 0.0709709
5.88121 0.07104
5.88576 0.071554
5.88941 0.0711722
5.88954 0.0713006
5.89428 0.0720087
5.89922 0.0729108
5.90331 0.0709547
5.90737 0.0709842
5.91141 0.0709905
5.91568 0.0712191
5.91946 0.0709716
5.92382 0.0712945
5.92395 0.0714229
5.92808 0.0715196
5.92821 0.071648
5.93186 0.0712692
5.93756 0.0729401
5.94195 0.0712774
5.94586 0.0711553
5.94599 0.0712837
5.94968 0.0709389
5.9541 0.071327
5.95776 0.0709511
5.96359 0.0727514
5.96706 0.0669691
5.96763 0.0715789
5.97107 0.0709773
5.97511 0.0709837
5.98036 0.0722013
5.98426 0.0720764
5.98939 0.0731696
5.99355 0.0712807
5.99854 0.0722381
6.00124 0.0708978
6.00528 0.0709021
6.0054 0.0710305
6.00938 0.0709701
6.01342 0.0709765
6.01749 0.0710134
6.0214 0.0708908
6.02768 0.0731396
6.03165 0.0710595
6.03556 0.070933
6.04059 0.0719319
6.04367 0.0709763
6.04771 0.0709821
6.05175 0.0709874
6.05598 0.0711849
6.05979 0.0709679
6.06499 0.0721298
6.06704 0.0669519
6.06929 0.071214
6.0731 0.0709931
6.07953 0.0733959
6.08315 0.0709647
6.08722 0.0709987
6.09119 0.0709394
6.09523 0.0709412
6.09927 0.0709441
6.10334 0.0709805
6.10737 0.0709818
6.11154 0.0711121
6.1174 0.0729465
6.1217 0.0711899
6.1255 0.0709626
6.12948 0.0709033
6.13374 0.0711284
6.13762 0.0709777
6.14242 0.0717485
6.14598 0.0712724
6.14611 0.0714008
6.1497 0.0709547
6.15572 0.0729462
6.15585 0.0730746
6.15983 0.0710009
6.16357 0.0707154
6.1671 0.067012
6.16937 0.0733186
6.17306 0.0709535
6.1771 0.0709594
6.1811 0.0709312
6.18578 0.0715736
6.18943 0.0711918
6.18956 0.0713202
6.19417 0.0718999
6.19757 0.0712643
6.20161 0.0712677
6.20737 0.0729934
6.21153 0.0711114
6.21166 0.0712398
6.21563 0.071176
6.21948 0.0709912
6.22349 0.070963
6.22845 0.0718928
6.23172 0.0711288
6.23185 0.0712572
6.2356 0.0709751
6.24028 0.0716199
6.24592 0.0732262
6.24967 0.0709269
6.25409 0.071315
6.25778 0.0709702
6.26364 0.0727976
6.26713 0.0670464
6.26758 0.0715278
6.26771 0.0716562
6.27105 0.0709574
6.27512 0.0709948
6.28024 0.0720881
6.28415 0.0719631
6.28851 0.072286
6.29159 0.0713309
6.29853 0.0742389
6.30167 0.0713297
6.30535 0.0709775
6.30935 0.0709483
6.31336 0.0709195
6.31381 0.0713674
6.31743 0.0709525
6.32214 0.071629
6.3256 0.071059
6.32957 0.0709997
6.33553 0.072921
6.33957 0.0709101
6.34367 0.0709791
6.34777 0.0710482
6.35169 0.0709291
6.35595 0.0711577
6.35977 0.0709413
6.36499 0.0721342
6.36701 0.0669252
6.36935 0.0712812
6.37307 0.070968
6.37714 0.071005
6.37727 0.0711333
6.38147 0.0712963
6.38742 0.0732196
6.39121 0.0709495
6.39537 0.0710813
6.39925 0.0709247
6.40328 0.0709271
6.40341 0.0710555
6.40732 0.0709294
6.40745 0.0710578
6.41142 0.070998
6.41155 0.0711264
6.41565 0.0711955
6.41947 0.0709756
6.42555 0.0730258
6.42946 0.0708836
6.43362 0.0710114
6.4376 0.070954
6.44195 0.0712769
6.44208 0.0714053
6.44612 0.0714116
6.44974 0.0710006
6.45404 0.0712603
6.45779 0.0709777
6.46356 0.0727159
6.46369 0.0728443
6.46709 0.0669997
6.46754 0.0714811
6.47099 0.0709067
6.47712 0.0729949
6.48128 0.07111
6.48551 0.0713045
6.48929 0.0710511
6.48942 0.0711795
6.49346 0.0711829
6.49358 0.0713113
6.49851 0.0722065
6.49864 0.0723349
6.50165 0.0713141
6.50533 0.0709619
6.50931 0.0709055
6.51559 0.0731498
6.51572 0.0732782
6.51944 0.0709483
6.5236 0.0710801
6.52815 0.0715971
6.53168 0.0710898
6.53553 0.0709051
6.54059 0.0719356
6.54072 0.072064
6.54367 0.07098
6.5479 0.0711774
6.55399 0.0732346
6.55774 0.0709352
6.56053 0.0696917
6.567 0.0669102
6.5677 0.0728267
6.57107 0.0709806
6.57507 0.0709519
6.5802 0.0720452
6.58398 0.0717918
6.58725 0.0710278
6.58738 0.0711562
6.59145 0.0711907
6.59535 0.0710657
6.60044 0.0721165
6.60534 0.072983
6.60937 0.0709681
6.61408 0.0716406
6.61741 0.0709378
6.6217 0.0711974
6.62215 0.0716453
6.62552 0.0709781
6.62949 0.0709188
6.63385 0.0712412
6.63763 0.0709932
6.64363 0.0729535
6.64785 0.0711263
6.65177 0.0710072
6.6558 0.07101
6.65593 0.0711384
6.65971 0.070887
6.66503 0.0721732
6.66702 0.0669331
6.66936 0.0712891
6.67305 0.0709409
6.67724 0.0711062
6.68122 0.0710469
6.68577 0.0715609
6.68955 0.0713075
6.69531 0.0730393
6.69929 0.0709632
6.70335 0.0709927
6.70732 0.0709289
6.71142 0.0709974
6.71565 0.0711949
6.7195 0.0710101
6.72347 0.0709508
6.72843 0.0718766
6.73363 0.0730355
6.7376 0.0709574
6.74196 0.0712803
6.74208 0.0714087
6.74593 0.0712204
6.74971 0.070969
6.754 0.0712286
6.75779 0.0709811
6.76362 0.0727815
6.76709 0.0669991
6.76753 0.0714806
6.76766 0.071609
6.7711 0.0710074
6.7752 0.0710759
6.78038 0.0722274
6.78051 0.0723558
6.78551 0.0733207
6.78942 0.0711789
6.79345 0.0711823
6.79851 0.072206
6.80165 0.0713136
6.80534 0.0709653
6.80934 0.0709361
6.81338 0.0709424
6.81739 0.0709132
6.82348 0.0729679
6.82803 0.0714681
6.83168 0.0710893
6.83556 0.0709356
6.84062 0.0719661
6.84367 0.0709794
6.8479 0.0711769
6.85165 0.0708943
6.85595 0.0711539
6.86044 0.0716106
6.86499 0.0701137
6.86707 0.0669798
6.86938 0.0713046
6.87511 0.0730032
6.88017 0.0720135
6.88408 0.0718885
6.88741 0.0711872
6.89119 0.0709339
6.89535 0.0710657
6.89939 0.0710691
6.9033 0.070947
6.90734 0.0709534
6.91404 0.0736184
6.91743 0.070961
6.92147 0.0709674
6.92551 0.0709697
6.92952 0.0709415
6.93371 0.0711044
6.93384 0.0712328
6.93753 0.0708875
6.94208 0.0714045
6.94599 0.0712824
6.94612 0.0714108
6.9517 0.0729534
6.95579 0.0710017
6.9598 0.0709759
6.96502 0.0721649
6.96714 0.0670532
6.96938 0.0713118
6.97304 0.0709325
6.97714 0.0710045
6.98112 0.0709452
6.98579 0.0715876
6.98957 0.0713342
6.99358 0.071306
6.99755 0.0712467
7.00331 0.0729735
7.00736 0.0709655
7.0114 0.0709719
7.01559 0.0711337
7.01943 0.0709445
7.02351 0.0709819
7.02843 0.0718766
7.02856 0.072005
7.03183 0.071241
7.03558 0.070959
7.04196 0.073301
7.04561 0.0709049
7.04969 0.0709448
7.05408 0.0713017
7.0577 0.0708908
7.06357 0.0727257
7.0637 0.0728541
7.0671 0.0670095
7.06767 0.0716193
7.07107 0.0709827
7.07508 0.0709603
7.07963 0.0714763
7.08319 0.0709996
7.08735 0.0711309
7.09341 0.07315
7.09855 0.0722486
7.10134 0.0710051
7.10535 0.0709748
7.10935 0.0709451
7.11339 0.0709514
7.11736 0.0708866
7.12213 0.0716252
7.1256 0.0710553
7.13168 0.073106
7.13181 0.0732344
7.13559 0.0709627
7.13956 0.0709064
7.1436 0.0709098
7.14786 0.0711383
7.15168 0.0709219
7.156 0.0712127
7.15972 0.070899
7.16501 0.0721502
7.16703 0.0669412
7.16937 0.0712972
7.17305 0.0709489
7.17722 0.0710832
7.18408 0.0739053
7.18741 0.0711872
7.19119 0.0709339
7.19535 0.0710657
7.19926 0.0709407
7.19939 0.0710691
7.20333 0.0709742
7.20734 0.0709454
7.21146 0.0710411
7.21557 0.0711097
7.22216 0.0736734
7.22555 0.0710126
7.22953 0.0709533
7.23369 0.0710851
7.23754 0.0708993
7.24234 0.0716701
7.24247 0.0717985
7.24616 0.0714508
7.24972 0.0709776
7.25408 0.0713034
7.25982 0.0730094
7.26357 0.0707072
7.26712 0.0670349
7.26757 0.0715163
7.27308 0.0729932
7.27712 0.0709822
7.28129 0.071114
7.28551 0.0713086
7.28917 0.0709268
7.28929 0.0710552
7.29372 0.0714438
7.29384 0.0715722
7.29845 0.0721484
7.29858 0.0722768
7.3016 0.071256
7.30557 0.0711922
7.31153 0.0731209
7.31166 0.0732493
7.31559 0.0711376
7.31947 0.070984
7.32364 0.0711158
7.32816 0.0715977
7.33168 0.0710904
7.33181 0.0712188
7.33556 0.0709368
7.34062 0.0719633
7.34075 0.0720917
7.34367 0.0709766
7.34969 0.0729675
7.35405 0.0712766
7.35776 0.070955
7.36366 0.0728176
7.36699 0.0669028
7.36757 0.0715127
7.3677 0.071641
7.371 0.0709111
7.37113 0.0710395
7.37507 0.0709446
7.38022 0.0720689
7.384 0.0718156
7.38743 0.0712111
7.39147 0.0712145
7.39551 0.0712179
7.40155 0.0732301
7.40533 0.0709584
7.4094 0.0709913
7.4134 0.0709626
7.41744 0.0709645
7.4217 0.071193
7.42561 0.071067
7.42958 0.0710077
7.43388 0.0712679
7.44061 0.073967
7.44365 0.0709595
7.44788 0.0711569
7.4517 0.0709405
7.45599 0.0712002
7.45971 0.0708865
7.465 0.0721417
7.46702 0.0669327
7.46936 0.0712887
7.47308 0.0709715
7.47734 0.071203
7.48119 0.0710153
7.48599 0.0717861
7.49118 0.0729421
7.49547 0.0711816
7.49932 0.0709939
7.50332 0.0709651
7.50735 0.0709635
7.51142 0.071001
7.51155 0.0711294
7.51552 0.0710656
7.51946 0.0709741
7.52363 0.0711059
7.52952 0.072965
7.53362 0.0710138
7.53759 0.0709524
7.54195 0.0712754
7.54605 0.0713439
7.54974 0.0709991
7.5541 0.071325
7.55782 0.0710113
7.56365 0.0728037
7.56711 0.0670213
7.56756 0.0715028
7.56769 0.0716312
7.57099 0.0709012
7.57518 0.0710631
7.57531 0.0711915
7.58127 0.0731173
7.5855 0.071295
7.58928 0.0710417
7.58941 0.07117
7.59348 0.0712046
7.59361 0.0713329
7.59853 0.0722282
7.60168 0.0713358
7.60536 0.0709876
7.6094 0.0709894
7.61407 0.0716348
7.61943 0.0729556
7.62347 0.0709422
7.6277 0.0711397
7.63167 0.0710804
7.63552 0.0708916
7.64061 0.0719533
7.64369 0.0709976
7.64792 0.0711951
7.65177 0.0710098
7.6577 0.0729074
7.66052 0.0696783
7.66504 0.0701631
7.66709 0.066998
7.67109 0.073019
7.6751 0.0709735
7.67926 0.0711083
7.6841 0.0719102
7.68724 0.0710178
7.69141 0.0711496
7.69531 0.0710246
7.69544 0.071153
7.69957 0.0712458
7.70335 0.0709953
7.70937 0.0729828
7.71405 0.0716114
7.71748 0.0710019
7.72171 0.0711994
7.72552 0.0709761
7.72949 0.0709167
7.73372 0.0711108
7.73385 0.0712391
7.73754 0.0708938
7.74209 0.0714108
7.74788 0.0731721
7.75173 0.07097
7.75583 0.0710351
7.75984 0.0710093
7.76503 0.0721712
7.76702 0.0669311
7.76933 0.071256
7.77308 0.0709739
7.77712 0.0709797
7.78112 0.0709515
7.7858 0.0715939
7.78945 0.0712122
7.78958 0.0713406
7.79422 0.0719514
7.79929 0.0729819
7.80332 0.0709635
7.80738 0.070993
7.81142 0.0709994
7.81155 0.0711278
7.81559 0.0711306
7.8195 0.0710081
7.8235 0.0709799
7.82811 0.0715551
7.82824 0.0716835
7.8319 0.0713046
7.8376 0.0729756
7.84196 0.0712817
7.846 0.0712881
7.84972 0.0709744
7.85411 0.0713313
7.8578 0.0709865
7.86363 0.0727869
7.86709 0.0670045
7.86767 0.0716143
7.87107 0.0709777
7.87514 0.0710152
7.88045 0.072299
7.88436 0.072174
7.88936 0.0731389
7.89356 0.071285
7.89858 0.0722696
7.90159 0.0712488
7.90534 0.0709628
7.90938 0.0709686
7.91405 0.071614
7.91748 0.0710084
7.92213 0.0716187
7.92805 0.0735134
7.93167 0.0710827
7.93558 0.0709562
7.93956 0.0708998
7.94359 0.0709032
7.94792 0.071194
7.95174 0.0709776
7.956 0.0712062
7.95972 0.0708925
7.96494 0.0720855
7.96507 0.0722138
7.96703 0.0669387
7.96937 0.0712946
7.97311 0.0710086
7.97927 0.0711112
7.98407 0.071882
7.9874 0.0711807
7.99121 0.0709584
7.99531 0.0710241
7.99928 0.0709613
8.00335 0.0709948
8.0074 0.0710072
8.01156 0.0711379
8.01169 0.0712663
8.01743 0.0729689
8.0214 0.0708928
8.02553 0.0709845
8.0295 0.0709252
8.03376 0.0711503
8.03389 0.0712787
8.03754 0.0708983
8.04209 0.0714152
8.04571 0.0710048
8.04965 0.0709123
8.05578 0.0730011
8.0559 0.0731294
8.05972 0.0708918
8.06359 0.0707347
8.06712 0.0670313
8.06936 0.0733067
8.07305 0.0709446
8.07706 0.0709183
8.07718 0.0710467
8.08119 0.071018
8.08548 0.0712777
8.08917 0.0709265
8.08929 0.0710549
8.09356 0.0712829
8.09753 0.071222
8.10125 0.0709059
8.10738 0.0730118
8.11149 0.071067
8.11162 0.0711954
8.11546 0.0710027
8.11947 0.0709774
8.12398 0.0714598
8.12847 0.0719111
8.13174 0.0711472
8.13187 0.0712755
8.13559 0.0709624
8.1403 0.0716383
8.14594 0.0732451
8.14607 0.0733735
8.14971 0.0709729
8.1541 0.0713259
8.15782 0.0710122
8.16362 0.0727815
8.16715 0.0670653
8.16773 0.0716751
8.1711 0.0710074
8.17514 0.0710137
8.18039 0.0722354
8.18417 0.071982
8.18744 0.071218
8.19161 0.0713498
8.19858 0.0722721
8.20159 0.0712514
8.20537 0.0709964
8.20937 0.0709672
8.21408 0.0716436
8.21745 0.0709759
8.22216 0.0716524
8.22565 0.0711135
8.2295 0.0709258
8.23552 0.0729093
8.24061 0.0719542
8.24366 0.0709675
8.24782 0.0710987
8.24795 0.0712271
8.25173 0.0709757
8.256 0.0712042
8.25972 0.0708905
8.26503 0.0721728
8.26702 0.0669327
8.26939 0.0713198
8.27311 0.0710027
8.27724 0.0711058
8.2841 0.0739279
8.28743 0.0712099
8.29121 0.0709565
8.29538 0.0710883
8.29929 0.0709628
8.30335 0.0709963
8.30736 0.0709675
8.31149 0.0710672
8.31162 0.0711956
8.31556 0.0711046
8.31947 0.0709781
8.32558 0.0730554
8.32955 0.0709794
8.33365 0.071045
8.33754 0.0708942
8.34247 0.0717934
8.34612 0.0714146
8.34968 0.0709414
8.35404 0.0712673
8.35773 0.0709225
8.36357 0.0727229
8.36369 0.0728513
8.36709 0.0670027
8.36754 0.0714841
8.37307 0.0729802
8.37711 0.0709692
8.3814 0.0712294
8.3855 0.0712956
8.38928 0.0710422
8.38941 0.0711706
8.3937 0.0714308
8.39758 0.0712742
8.40162 0.0712776
8.40546 0.0710854
8.40937 0.0709628
8.41562 0.0711592
8.4195 0.0710056
8.42366 0.0711374
8.42808 0.0715259
8.43177 0.0711782
8.4319 0.0713066
8.43552 0.0708962
8.44062 0.0719578
8.44369 0.0710027
8.44795 0.0712273
8.45401 0.0732493
8.45778 0.0709731
8.46364 0.0727966
8.467 0.066917
8.46771 0.0716552
8.47098 0.0708941
8.47111 0.0710225
8.47505 0.0709276
8.47518 0.071056
8.47954 0.0713819
8.4803 0.0721493
8.48396 0.0717675
8.48742 0.0711946
8.49145 0.071198
8.49536 0.071073
8.49549 0.0712014
8.50157 0.0732447
8.50531 0.0709419
8.50941 0.071006
8.51409 0.0716514
8.51746 0.0709836
8.52217 0.0716601
8.52566 0.0711173
8.5295 0.0709296
8.53386 0.071252
8.53755 0.0709067
8.54367 0.072992
8.5479 0.0711726
8.55168 0.0709251
8.55588 0.0710875
8.55601 0.0712159
8.55983 0.0709995
8.56502 0.0721614
8.56701 0.0669213
8.56938 0.0713083
8.5731 0.0709952
8.57736 0.0712267
8.58121 0.071039
8.58576 0.071553
8.5912 0.0729658
8.59546 0.0711741
8.59931 0.0709864
8.60334 0.0709888
8.60738 0.0709872
8.61145 0.0710246
8.61555 0.0710892
8.61949 0.0709977
8.62365 0.0711295
8.62813 0.0715764
8.63365 0.0710375
8.63762 0.0709761
8.64197 0.071299
8.64604 0.0713365
8.64964 0.0708944
8.65368 0.0709007
8.65772 0.0709066
8.66364 0.0728002
8.66714 0.067049
8.66758 0.0715304
8.66771 0.0716588
8.67101 0.0709249
8.67518 0.0710556
8.67531 0.071184
8.68126 0.0731098
8.68549 0.0712876
8.6894 0.0711626
8.6935 0.0712282
8.69363 0.0713566
8.69856 0.0722518
8.70157 0.0712311
8.7017 0.0713594
8.70529 0.0709139
8.70542 0.0710423
8.70939 0.070982
8.71407 0.0716273
8.71945 0.0729792
8.72349 0.0709659
8.72772 0.0711634
8.72817 0.0716112
8.7317 0.071104
8.73557 0.0709504
8.73958 0.0709251
8.74067 0.072012
8.74362 0.0709285
8.74794 0.0712193
8.75166 0.0709056
8.75602 0.0712314
8.76048 0.071657
8.76493 0.0700549
8.76708 0.0669871
8.77105 0.072977
8.77509 0.0709666
8.77945 0.0712925
8.7799 0.0717404
8.78412 0.0719349
8.78726 0.0710425
8.7913 0.0710419
8.79533 0.0710453
8.79937 0.0710488
8.7995 0.0711771
8.80328 0.0709267
8.80937 0.0729799
8.81341 0.0709694
8.81744 0.0709713
8.82148 0.0709776
8.82552 0.0709805
8.8295 0.0709212
8.83375 0.0711463
8.83754 0.0708983
8.84247 0.0717975
8.846 0.0712903
8.84613 0.0714187
8.85168 0.0709173
8.85584 0.0710446
8.85972 0.0708904
8.865 0.0721456
8.86712 0.0670339
8.86936 0.0712926
8.87312 0.0710105
8.87709 0.0709541
8.88126 0.0710859
8.88581 0.0716
8.88946 0.0712182
8.88959 0.0713466
8.89423 0.0719574
8.89929 0.0729879
8.90333 0.0709696
8.90739 0.0709991
8.91133 0.0709081
8.91146 0.0710365
8.91547 0.0710083
8.91559 0.0711367
8.9195 0.0710141
8.92351 0.0709859
8.92812 0.0715611
8.92825 0.0716895
8.93193 0.0713418
8.93761 0.0729816
8.94228 0.0716072
8.94594 0.0712284
8.94607 0.0713568
8.94972 0.0709769
8.95411 0.0713339
8.9577 0.0708918
8.96366 0.0728206
8.96712 0.0670342
8.9677 0.0716441
8.9711 0.0710074
8.97526 0.0711421
8.98045 0.0722976
8.98436 0.0721726
8.98936 0.0731375
8.99359 0.0713147
8.99848 0.0721709
9.00162 0.0712785
9.00537 0.0709986
9.00941 0.0710005
9.01345 0.0710068
9.01745 0.0709776
9.02152 0.0710111
9.02767 0.0731314
9.02812 0.0735793
9.03171 0.0711176
9.03552 0.0708937
9.03956 0.0708996
9.04369 0.0709997
9.04799 0.0712629
9.05177 0.0710114
9.056 0.0712089
9.05975 0.0709258
9.06504 0.0721809
9.06709 0.0669991
9.0694 0.0713239
9.07311 0.0710057
9.07961 0.0734707
9.08313 0.0709462
9.08717 0.0709491
9.0873 0.0710775
9.09127 0.0710181
9.09528 0.0709929
9.09926 0.0709335
9.10329 0.0709349
9.10739 0.0710024
9.11159 0.0711637
9.11742 0.0729636
9.12171 0.071207
9.12552 0.0709797
9.12949 0.0709204
9.13379 0.0711806
9.1376 0.0709637
9.14247 0.0718001
9.146 0.0712929
9.14613 0.0714213
9.14972 0.0709792
9.15408 0.0713051
9.15982 0.0709943
9.1636 0.0707399
9.16712 0.0670365
9.16901 0.0729574
9.16946 0.0734053
9.17311 0.0710092
9.17709 0.0709528
9.18126 0.0710846
9.18138 0.071213
9.1858 0.0715986
9.18946 0.0712169
9.19375 0.0714771
9.1975 0.0711921
9.20157 0.0712266
9.20739 0.073019
9.21149 0.0710708
9.21556 0.0711003
9.21947 0.0709811
9.22364 0.0711129
9.22847 0.0719143
9.23174 0.0711504
9.23187 0.0712787
9.23559 0.0709656
9.24033 0.0716726
9.24597 0.0732789
9.2461 0.0734073
9.24965 0.0709094
9.25407 0.0712975
9.25782 0.0710149
9.26363 0.0727842
9.26716 0.067068
9.26728 0.0712299
9.26773 0.0716778
9.271 0.0709167
9.27113 0.0710451
9.27504 0.0709191
9.28036 0.072203
9.28414 0.0719496
9.28849 0.0722725
9.29157 0.0713174
9.29848 0.0741943
9.30162 0.0712851
9.30527 0.0709018
9.30941 0.071001
9.31409 0.0716463
9.31748 0.0710097
9.32219 0.0716861
9.32556 0.0710189
9.32953 0.0709596
9.33562 0.0730093
9.33959 0.0709356
9.34363 0.070939
9.34786 0.0711365
9.35174 0.0709823
9.356 0.0712109
9.35979 0.0709634
9.36504 0.0721835
9.36703 0.0669434
9.3694 0.0713304
9.37312 0.0710133
9.37725 0.0711164
9.38155 0.0713766
9.38722 0.0730116
9.39125 0.0709982
9.39529 0.0710016
9.3993 0.0709734
9.40337 0.0710109
9.40737 0.0709821
9.41147 0.0710507
9.41558 0.0711192
9.41948 0.0709927
9.42557 0.0730429
9.42957 0.0709979
9.43367 0.0710635
9.43755 0.0709128
9.44236 0.0716836
9.44614 0.0714332
9.4497 0.07096
9.45406 0.0712859
9.45775 0.0709411
9.46368 0.0728347
9.46711 0.0670173
9.46723 0.0711792
9.47101 0.0709243
9.4771 0.0729775
9.48139 0.0712209
9.48549 0.071287
9.48927 0.0710336
9.49357 0.0712938
9.49853 0.0722241
9.50167 0.0713318
9.50535 0.0709795
9.50939 0.0709854
9.51567 0.0732257
9.51938 0.0708918
9.52368 0.071152
9.5281 0.0715405
9.53181 0.0712239
9.53554 0.0709108
9.54066 0.0720035
9.54368 0.0709856
9.54787 0.071148
9.548 0.0712764
9.55403 0.0732674
9.55771 0.0709018
9.56053 0.0696894
9.56706 0.0669741
9.56764 0.0727623
9.56777 0.0728907
9.5711 0.0710135
9.57508 0.0709536
9.57956 0.0714079
9.58398 0.0717935
9.58731 0.0710922
9.58744 0.0712206
9.59148 0.071224
9.59539 0.071099
9.6005 0.0721809
9.60534 0.0729847
9.60941 0.0710009
9.61409 0.0716463
9.61748 0.0710096
9.62175 0.0712382
9.62219 0.0716861
9.62553 0.0709878
9.6295 0.0709284
9.63389 0.0712819
9.63758 0.0709366
9.6436 0.0729241
9.64783 0.0711008
9.65177 0.0710128
9.65587 0.0710819
9.65982 0.0709939
9.66505 0.0721869
9.66703 0.0669468
9.6694 0.0713338
9.673 0.0708923
9.67313 0.0710207
9.67726 0.0711238
9.68111 0.0709361
9.68578 0.0715785
9.68956 0.0713251
9.69533 0.0730569
9.6993 0.0709808
9.70337 0.0710103
9.7074 0.0710087
9.71147 0.0710461
9.71557 0.0711152
9.71939 0.0708954
9.72349 0.0709644
9.72813 0.0715707
9.73367 0.0730797
9.73755 0.0709043
9.74235 0.0716751
9.74248 0.0718035
9.74604 0.0713274
9.74972 0.0709826
9.75408 0.0713085
9.75774 0.0709326
9.76366 0.0728223
9.76713 0.0670399
9.76726 0.0712018
9.77101 0.0709198
9.77517 0.0710505
9.78049 0.0723344
9.78549 0.0732992
9.7894 0.0711575
9.79343 0.0711609
9.79859 0.0722818
9.8016 0.071261
9.80538 0.0710101
9.80935 0.0709457
9.81406 0.0716222
9.81746 0.0709856
9.82348 0.0729736
9.82765 0.0710881
9.82809 0.071536
9.83171 0.0711221
9.83556 0.0709373
9.83957 0.070912
9.84034 0.0716794
9.84367 0.0709811
9.84787 0.0711435
9.848 0.0712719
9.85169 0.0709271
9.85605 0.0712529
9.8605 0.0716785
9.86505 0.0701777
9.86707 0.0669815
9.86906 0.0709868
9.87508 0.0729778
9.87938 0.0712241
9.88406 0.0718665
9.8872 0.0709742
9.8913 0.0710398
9.89142 0.0711682
9.89533 0.0710432
9.89943 0.0711088
9.90334 0.0709828
9.90738 0.0709891
9.9134 0.0729801
9.91747 0.0709963
9.92173 0.0712248
9.92552 0.0709744
9.92949 0.0709151
9.93378 0.0711713
9.93391 0.0712997
9.9376 0.0709544
9.94215 0.0714713
9.94605 0.0713453
9.94618 0.0714737
9.9517 0.072954
9.95586 0.0710646
9.95973 0.0709064
9.96499 0.0721305
9.96711 0.0670188
9.96941 0.0713436
9.97314 0.0710305
9.97711 0.0709741
9.98115 0.070977
9.98582 0.0716194
9.9896 0.071366
9.99421 0.0719417
9.99748 0.0711778
9.99761 0.0713061

