% time_sec delay_sec
1.18537 0.0852387
1.18537 0.0852387
1.28537 0.0852339
1.38539 0.0852517
1.48336 0.387235
1.48542 0.0852891
1.58536 0.0852281
1.68539 0.0852544
1.78538 0.0852487
1.78601 0.387217
1.88536 0.0852263
1.98469 0.283888
1.98677 0.0866162
1.98874 0.0906067
1.99306 0.0908888
2.08471 0.178509
2.08676 0.0866108
2.08875 0.0906127
2.09336 0.0911908
2.09688 0.0906741
2.10088 0.0906459
2.10495 0.0906778
2.10901 0.0907102
2.11296 0.0906193
2.11703 0.0906557
2.12305 0.0906304
2.12754 0.0910807
2.13157 0.0910835
2.13523 0.0907042
2.13936 0.0907994
2.14326 0.0906744
2.14734 0.0907118
2.1513 0.0906475
2.15534 0.0906539
2.16156 0.0928389
2.16169 0.0929672
2.16541 0.0906368
2.16948 0.0906742
2.17346 0.0906139
2.17756 0.0906819
2.18323 0.0923169
2.18681 0.0866571
2.18732 0.0912042
2.19123 0.0910752
2.19136 0.0912036
2.19514 0.0909502
2.19955 0.0913308
2.20295 0.0906952
2.2089 0.092616
2.21294 0.0906056
2.21705 0.0906736
2.22128 0.0908706
2.2214 0.090999
2.22548 0.0910364
2.22906 0.0905919
2.23364 0.091136
2.23716 0.0906233
2.2413 0.0907235
2.2454 0.090792
2.25129 0.0926541
2.25533 0.0906436
2.25937 0.0906495
2.2595 0.0907779
2.26338 0.0906242
2.26774 0.090953
2.26787 0.0910814
2.27149 0.0906669
2.27194 0.0911148
2.2755 0.0906417
2.27973 0.0908391
2.28562 0.0926998
2.28678 0.0866237
2.28941 0.091268
2.29338 0.0912087
2.29908 0.0928783
2.30287 0.0906111
2.30699 0.0907068
2.31132 0.091001
2.31504 0.0906878
2.31898 0.0905924
2.32308 0.0906615
2.32753 0.0910727
2.3315 0.0910134
2.33522 0.0907002
2.34179 0.0912196
2.34192 0.0913479
2.34538 0.090778
2.34926 0.0906243
2.3533 0.0906307
2.35731 0.0906054
2.36154 0.0908018
2.36167 0.0909302
2.36539 0.0906126
2.36948 0.0906771
2.36961 0.0908055
2.37355 0.0907101
2.38022 0.093344
2.38326 0.0903376
2.38685 0.086695
2.38909 0.092971
2.39319 0.0910233
2.39685 0.0906445
2.40101 0.0907763
2.40514 0.090872
2.40899 0.0906832
2.41302 0.0906856
2.41706 0.0906874
2.42164 0.091235
2.42799 0.0935465
2.43157 0.0910847
2.43517 0.0906432
2.43943 0.0908747
2.44331 0.090718
2.44725 0.0906271
2.45135 0.0906912
2.45539 0.0906975
2.45939 0.0906683
2.46356 0.0907985
2.46945 0.0926605
2.47356 0.0907158
2.47757 0.0906905
2.4832 0.0922944
2.48685 0.0867007
2.48711 0.090991
2.49115 0.0909944
2.49128 0.0911228
2.49531 0.0911262
2.4996 0.0913785
2.50287 0.0906145
2.50716 0.0908736
2.51132 0.0910004
2.51699 0.0926368
2.52122 0.090817
2.52135 0.0909454
2.52539 0.0909517
2.52911 0.0906356
2.53353 0.0910202
2.53365 0.0911486
2.53715 0.0906087
2.54144 0.0908689
2.5458 0.0911948
2.5493 0.0906554
2.55334 0.0906617
2.55936 0.0906394
2.56366 0.0909025
2.56379 0.0910309
2.56777 0.0909745
2.57152 0.0906925
2.57196 0.0911404
2.57556 0.0906983
2.58011 0.0912153
2.58568 0.0927564
2.58683 0.0866803
2.58933 0.0911963
2.59331 0.091137
2.5969 0.090692
2.60096 0.0907265
2.60689 0.0926162
2.61125 0.0909247
2.61497 0.0906116
2.61907 0.0906796
2.62336 0.0909398
2.62746 0.0910049
2.63163 0.0911362
2.63515 0.0906244
2.63935 0.0907898
2.64575 0.093164
2.64928 0.0906429
2.65332 0.0906493
2.65733 0.090624
2.66157 0.0908244
2.66538 0.090604
2.66948 0.0906726
2.66961 0.090801
2.67345 0.0906122
2.67756 0.0906803
2.68396 0.0930516
2.68684 0.0866905
2.68723 0.0911092
2.68736 0.0912376
2.69127 0.0911126
2.69681 0.0926221
2.70104 0.0907999
2.7052 0.0909312
2.70898 0.0906802
2.71302 0.0906866
2.71699 0.0906222
2.72276 0.0923505
2.72542 0.0909786
2.72913 0.0906625
2.73516 0.092654
2.74016 0.091605
2.7433 0.0907126
2.74724 0.0906217
2.75135 0.0906937
2.75539 0.0907001
2.75952 0.0907992
2.76343 0.0906726
2.76356 0.090801
2.76778 0.0909935
2.76791 0.0911219
2.77192 0.0910931
2.77747 0.0905918
2.78067 0.0897587
2.78682 0.0866642
2.78695 0.0920045
2.78707 0.0921329
2.79108 0.0909263
2.79512 0.0909297
2.7996 0.0913765
2.80287 0.0906125
2.8071 0.0908095
2.81152 0.091197
2.81504 0.0906853
2.81908 0.0906872
2.82533 0.0929043
2.82917 0.0906998
2.83347 0.09096
2.83359 0.0910884
2.83719 0.0906498
2.84196 0.0913885
2.84581 0.0912002
2.84927 0.0906258
2.85331 0.0906321
2.85731 0.0906029
2.8634 0.0926635
2.86777 0.0909755
2.87152 0.0906934
2.87197 0.0911413
2.87556 0.0906993
2.88014 0.0912473
2.88559 0.0926601
2.88674 0.086584
2.88924 0.0911
2.89372 0.0915508
2.89686 0.0906584
2.90109 0.0908529
2.90496 0.0906878
2.90899 0.0906897
2.91495 0.0926144
2.91921 0.0908257
2.92319 0.0907664
2.92332 0.0908948
2.92758 0.0911194
2.93155 0.0910601
2.93514 0.0906145
2.94019 0.0916366
2.94321 0.0906158
2.94728 0.0906533
2.9533 0.0926442
2.95734 0.0906333
2.96157 0.0908337
2.96539 0.0906173
2.96943 0.0906236
2.97353 0.0906917
2.97757 0.0906935
2.9841 0.0931932
2.98679 0.0866381
2.98743 0.0913136
2.99134 0.0911886
2.99512 0.0909352
2.99915 0.0909341
2.99928 0.0910625
3.00509 0.0928344
3.0089 0.0905977
3.01294 0.0906041
3.01704 0.0906721
3.02108 0.0906779
3.02538 0.0909371
3.02928 0.0908121
3.03351 0.0910061
3.03723 0.0906919
3.04329 0.0927145
3.04726 0.0906413
3.05137 0.0907128
3.05541 0.0907192
3.05945 0.0907285
3.06343 0.0906681
3.06759 0.0908018
3.07144 0.0906125
3.07548 0.0906173
3.07958 0.0906854
3.0848 0.0898541
3.08688 0.0867246
3.08893 0.0907927
3.09489 0.0927209
3.0989 0.0906754
3.10294 0.0906807
3.10714 0.0908495
3.11143 0.0911041
3.11508 0.0907253
3.11902 0.0906294
3.12305 0.0906328
3.12738 0.0909236
3.13353 0.0930439
3.13719 0.0906508
3.14187 0.0912961
3.14581 0.0912052
3.14934 0.0907009
3.15338 0.0907072
3.15732 0.0906158
3.16152 0.0907811
3.16549 0.0907207
3.17149 0.0926806
3.17194 0.0931285
3.17553 0.0906696
3.17979 0.0908982
3.18482 0.0918942
3.18687 0.0867139
3.18924 0.0911015
3.19331 0.0911354
3.19683 0.0906282
3.20113 0.0908884
3.20509 0.0908206
3.20897 0.090663
3.21301 0.0906693
3.21708 0.0907068
3.2232 0.0927955
3.22801 0.0915525
3.23157 0.0910764
3.23169 0.0912048
3.23516 0.0906349
3.23926 0.0907064
3.2433 0.0907098
3.24727 0.0906499
3.25134 0.0906829
3.25538 0.0906892
3.26159 0.0928703
3.26172 0.0929986
3.26541 0.0906371
3.26948 0.0906745
3.27355 0.0907115
3.27756 0.0906862
3.28409 0.0931859
3.28685 0.0866964
3.28736 0.0912435
3.29127 0.0911185
3.29518 0.0909935
3.29531 0.0911219
3.29956 0.0913431
3.30296 0.0907075
3.30709 0.0908037
3.31295 0.0926272
3.31698 0.0906123
3.32137 0.0909692
3.32541 0.0909756
3.32913 0.0906595
3.33365 0.0911413
3.33727 0.0907299
3.3414 0.09083
3.34582 0.0912181
3.35137 0.0927335
3.35541 0.0907231
3.35942 0.0906978
3.36378 0.0910231
3.36776 0.0909667
3.37151 0.0906807
3.37195 0.0911286
3.37554 0.0906865
3.37978 0.090884
3.38567 0.0927447
3.38682 0.0866686
3.38945 0.0913129
3.39342 0.0912536
3.39682 0.090618
3.40287 0.0926371
3.40697 0.0906849
3.41136 0.0910374
3.41508 0.0907242
3.41908 0.090695
3.42306 0.0906357
3.42754 0.091082
3.43151 0.0910226
3.43164 0.091151
3.43523 0.0907095
3.44212 0.0935617
3.44577 0.0911661
3.4493 0.0906618
3.45334 0.0906681
3.45735 0.0906429
3.46155 0.0908082
3.46168 0.0909366
3.46549 0.0907202
3.46946 0.0906564
3.46959 0.0907847
3.47357 0.0907244
3.48055 0.0936778
3.48395 0.0910225
3.48683 0.0866782
3.48722 0.0910969
3.49318 0.0930233
3.49683 0.0906277
3.50106 0.0908222
3.50516 0.0908907
3.50898 0.0906709
3.51305 0.0907083
3.51702 0.090644
3.52144 0.0910321
3.52541 0.0909727
3.53156 0.0930902
3.53515 0.0906319
3.53952 0.0909607
3.5433 0.0907073
3.54727 0.0906474
3.55134 0.0906804
3.55538 0.0906867
3.55938 0.0906575
3.55951 0.0907859
3.56355 0.0907917
3.56951 0.0927199
3.57355 0.090709
3.57759 0.0907148
3.58323 0.0923187
3.58681 0.0866594
3.5872 0.0910781
3.59127 0.0911126
3.5953 0.091116
3.5993 0.0910838
3.60296 0.090705
3.60709 0.0908012
3.61141 0.0910914
3.61507 0.0907121
3.62125 0.0928625
3.62548 0.0910427
3.6292 0.0907266
3.63352 0.0910179
3.63365 0.0911463
3.63718 0.0906415
3.64141 0.090839
3.64583 0.091227
3.64936 0.0907227
3.6534 0.0907291
3.65943 0.0927235
3.66379 0.0910321
3.6678 0.0910068
3.67152 0.0906936
3.67197 0.0911415
3.6755 0.0906372
3.67979 0.0908969
3.68568 0.0927576
3.68684 0.0866815
3.68946 0.0913258
3.69343 0.0912625
3.69683 0.0906269
3.70093 0.0906925
3.7049 0.0906287
3.70503 0.0907571
3.71124 0.0929387
3.71509 0.0907371
3.71907 0.0906768
3.7232 0.090777
3.72759 0.0911299
3.73159 0.0911017
3.73524 0.0907184
3.7394 0.0908486
3.74331 0.0907237
3.74928 0.0926524
3.75332 0.090642
3.75344 0.0907704
3.75735 0.0906478
3.76159 0.0908482
3.7655 0.0907291
3.76948 0.0906693
3.77345 0.0906089
3.77755 0.0906769
3.78396 0.0930482
3.78408 0.0931766
3.78684 0.0866872
3.78735 0.0912342
3.79126 0.0911093
3.79517 0.0909843
3.80103 0.0928093
3.80523 0.090955
3.80904 0.0907351
3.81298 0.0906442
3.81708 0.0907082
3.82137 0.0909674
3.82541 0.0909737
3.82913 0.0906576
3.83355 0.0910462
3.83926 0.0927246
3.84324 0.0906485
3.84728 0.0906548
3.85129 0.0906295
3.85533 0.0906359
3.85939 0.0906688
3.86356 0.0907991
3.86779 0.0909955
3.87195 0.0911263
3.8776 0.092739
3.88042 0.0895074
3.88529 0.0903438
3.88682 0.0866697
3.89109 0.0929485
3.89512 0.0909352
3.89947 0.0912536
3.90287 0.090618
3.9071 0.0908115
3.91142 0.0911017
3.91508 0.0907229
3.91904 0.0906512
3.9234 0.0909741
3.9292 0.0927399
3.93352 0.0910144
3.93724 0.0907042
3.94192 0.0913495
3.94583 0.0912235
3.94936 0.0907153
3.9534 0.0907216
3.95743 0.0907274
3.96154 0.0907955
3.96769 0.0929183
3.97154 0.0907167
3.97555 0.0906914
3.97978 0.0908889
3.98023 0.0913368
3.98478 0.0918538
3.98683 0.0866735
3.9892 0.091061
3.99343 0.0912585
3.99683 0.0906229
4.00105 0.0908169
4.00512 0.090852
4.00896 0.0906593
4.013 0.0906657
4.01906 0.0926872
4.02326 0.0908363
4.028 0.0915399
4.03165 0.091161
4.03524 0.0907195
4.03941 0.0908497
4.04331 0.0907247
4.04735 0.0907306
4.05133 0.0906697
4.05738 0.0926917
4.06155 0.0908127
4.0654 0.0906239
4.06953 0.090727
4.07355 0.0907047
4.07749 0.0906162
4.08284 0.0919346
4.08682 0.0866633
4.08707 0.0909537
4.09111 0.0909565
4.09492 0.0907367
4.09924 0.091019
4.10299 0.0907369
4.10892 0.0926291
4.11296 0.0906186
4.11706 0.0906861
4.12132 0.0909142
4.12145 0.0910426
4.12549 0.0910489
4.12921 0.0907328
4.13362 0.0911174
4.13728 0.0907371
4.14131 0.0907399
4.1473 0.0926958
4.15131 0.0906538
4.15535 0.0906601
4.15939 0.0906659
4.1635 0.0907379
4.16776 0.0909694
4.16789 0.0910978
4.17192 0.0911002
4.17558 0.0907203
4.17981 0.0909178
4.18573 0.0928096
4.18676 0.0866051
4.18939 0.0912494
4.19361 0.0914434
4.19374 0.0915718
4.19909 0.0928873
4.20287 0.0906201
4.20704 0.0907509
4.21149 0.0911695
4.21508 0.090728
4.21909 0.0906987
4.22306 0.0906394
4.22319 0.0907678
4.22748 0.0910235
4.23148 0.0909953
4.23719 0.0926702
4.24193 0.0913615
4.24585 0.0912394
4.24931 0.090669
4.25335 0.0906753
4.25736 0.09065
4.26152 0.0907843
4.26165 0.0909126
4.2655 0.0907239
4.2695 0.0906912
4.26963 0.0908196
4.27556 0.0927167
4.28024 0.0913453
4.28395 0.0910257
4.28677 0.0866158
4.28914 0.0930201
4.29343 0.0912635
4.29356 0.0913919
4.29683 0.0906279
4.30116 0.0909192
4.30506 0.0907892
4.30897 0.0906667
4.31304 0.0907041
4.31701 0.0906398
4.3214 0.0909968
4.328 0.093565
4.33153 0.091041
4.33525 0.0907279
4.33948 0.0909243
4.34333 0.0907366
4.34727 0.0906457
4.35143 0.0907759
4.35538 0.090685
4.35941 0.0906868
4.36543 0.0926767
4.36947 0.0906663
4.37358 0.0907383
4.37759 0.090713
4.38323 0.0923169
4.38688 0.0867232
4.38726 0.0911419
4.3913 0.0911454
4.39143 0.0912737
4.39521 0.0910204
4.39956 0.0913348
4.40298 0.0907303
4.40708 0.0907954
4.41134 0.0910235
4.41698 0.0926287
4.42137 0.0909689
4.42541 0.0909753
4.42913 0.0906592
4.43355 0.0910438
4.43368 0.0911722
4.43727 0.0907296
4.44147 0.0908925
4.44586 0.0912494
4.44926 0.0906168
4.45535 0.0926739
4.45939 0.0906629
4.46343 0.0906688
4.46779 0.0909976
4.47151 0.0906844
4.47196 0.0911323
4.47558 0.0907213
4.47981 0.0909188
4.4857 0.0927794
4.48686 0.0867033
4.48948 0.0913477
4.49346 0.0912884
4.49692 0.090715
4.50102 0.0907811
4.50691 0.0926357
4.51127 0.0909443
4.51502 0.0906622
4.51909 0.0906992
4.52319 0.0907682
4.52748 0.0910239
4.53164 0.0911552
4.53524 0.0907137
4.5394 0.0908479
4.54581 0.0932221
4.54937 0.0907322
4.55344 0.0907696
4.55739 0.0906782
4.56162 0.0908786
4.5655 0.0907249
4.5696 0.0907895
4.57357 0.0907331
4.57752 0.0906416
4.58405 0.0931413
4.58681 0.0866518
4.58732 0.0911989
4.59126 0.0911051
4.59693 0.092743
4.60103 0.0907923
4.60535 0.0910831
4.60548 0.0912115
4.60898 0.0906727
4.60911 0.0908011
4.61305 0.0907101
4.61702 0.0906458
4.62278 0.0923781
4.62541 0.0909751
4.62919 0.0907217
4.63518 0.0926781
4.64019 0.0916291
4.64333 0.0907367
4.64727 0.0906458
4.65134 0.0906827
4.65538 0.0906891
4.65951 0.0907882
4.66355 0.09079
4.6678 0.0910136
4.66793 0.091142
4.67351 0.092685
4.67749 0.0906119
4.68069 0.0897788
4.68684 0.0866843
4.68709 0.092153
4.6911 0.0909464
4.69514 0.0909498
4.70029 0.0920668
4.70292 0.0906637
4.70721 0.0909229
4.71153 0.0912131
4.71509 0.0907331
4.71903 0.0906421
4.72525 0.0928247
4.72909 0.0906202
4.73355 0.0910399
4.73367 0.0911683
4.7372 0.0906635
4.74188 0.0913089
4.74201 0.0914373
4.74586 0.091249
4.74935 0.0907097
4.75339 0.090716
4.75733 0.0906246
4.76342 0.0926812
4.76778 0.0909932
4.77154 0.0907111
4.77198 0.091159
4.77558 0.090717
4.78016 0.091265
4.7856 0.0926778
4.78688 0.0867301
4.78925 0.0911177
4.78938 0.0912461
4.79345 0.09128
4.79685 0.0906444
4.80108 0.0908384
4.80511 0.0908368
4.80902 0.0907103
4.81497 0.0926351
4.8192 0.0908152
4.81933 0.0909436
4.82382 0.0913949
4.82827 0.0918112
4.83154 0.0910472
4.83166 0.0911756
4.83525 0.09073
4.84018 0.0916277
4.84333 0.0907353
4.8473 0.0906755
4.85339 0.0927286
4.85736 0.0906555
4.8616 0.0908559
4.86551 0.0907333
4.86955 0.0907396
4.87356 0.0907144
4.87753 0.090654
4.88406 0.0931537
4.88682 0.0866642
4.88733 0.0912113
4.89137 0.0912147
4.89515 0.0909614
4.89919 0.0909643
4.90511 0.092859
4.90893 0.0906223
4.91297 0.0906287
4.9171 0.0907278
4.92133 0.0909248
4.92146 0.0910532
4.92549 0.0910555
4.92921 0.0907394
4.9336 0.0910929
4.93716 0.0906192
4.94325 0.0926729
4.94729 0.0906625
4.95139 0.0907305
4.95543 0.0907369
4.9594 0.0906805
4.96386 0.0911031
4.9679 0.091105
4.97193 0.0911073
4.97555 0.0906964
4.98049 0.0915985
4.98571 0.0907688
4.98686 0.0867095
4.98891 0.0907776
4.995 0.0928323
4.99513 0.0929607
4.99923 0.0910095
5.00289 0.0906307
5.00722 0.0909307
5.01145 0.0911236
5.01504 0.0906821
5.01904 0.0906488
5.02304 0.0906201
5.02737 0.0909109
5.02749 0.0910393
5.03352 0.0930313
5.03724 0.0907043
5.04192 0.0913496
5.04555 0.0909392
5.04933 0.0906872
5.05337 0.0906935
5.0574 0.0906954
5.06153 0.090794
5.06541 0.0906403
5.0715 0.0926964
5.07558 0.0907195
5.07962 0.0907253
5.08478 0.0918526
5.08683 0.0866753
5.08897 0.0908372
5.09343 0.0912558
5.09689 0.0906848
5.10089 0.0906532
5.10492 0.09065
5.10906 0.0907526
5.11297 0.0906306
5.11704 0.090667
5.12345 0.0930402
5.12357 0.0931685
5.128 0.0915404
5.13155 0.0910642
5.13168 0.0911926
5.13521 0.0906849
5.1395 0.0909475
5.14325 0.0906625
5.14729 0.0906689
5.1513 0.0906396
5.15534 0.090646
5.16162 0.0928932
5.16175 0.0930215
5.16547 0.0906911
5.16951 0.0906974
5.17358 0.0907344
5.17762 0.0907402
5.18402 0.0931115
5.18415 0.0932399
5.18678 0.086622
5.18742 0.0912975
5.19142 0.0912658
5.19533 0.0911409
5.19958 0.091358
5.20301 0.0907535
5.20714 0.0908492
5.21303 0.0927038
5.21703 0.0906583
5.22132 0.0909175
5.22145 0.0910459
5.22549 0.0910522
5.22921 0.0907361
5.23356 0.0910585
5.23369 0.0911869
5.23724 0.0907053
5.24148 0.0909027
5.2458 0.0911935
5.25131 0.0926738
5.25538 0.0906945
5.25946 0.0907314
5.26381 0.0910568
5.26785 0.0910626
5.27192 0.0911
5.27205 0.0912284
5.27548 0.0906229
5.28019 0.0912993
5.28577 0.0928405
5.28679 0.086636
5.28955 0.0914088
5.29371 0.0915406
5.29685 0.0906482
5.303 0.0927646
5.30697 0.090684
5.31136 0.0910365
5.31498 0.090626
5.31905 0.0906595
5.32334 0.0909197
5.32817 0.0917131
5.3316 0.0911086
5.33519 0.0906631
5.34217 0.093616
5.34583 0.0912204
5.34932 0.0906811
5.35336 0.0906874
5.35737 0.0906621
5.36163 0.0908936
5.36548 0.0907089
5.36958 0.0907734
5.37356 0.0907171
5.38055 0.0936705
5.38397 0.0910463
5.38686 0.086702
5.38724 0.0911207
5.3932 0.093047
5.39685 0.0906475
5.40108 0.090842
5.40521 0.0909377
5.40896 0.0906556
5.41303 0.0906931
5.41707 0.0906994
5.42146 0.0910564
5.42544 0.090997
5.43152 0.0930518
5.43524 0.0907218
5.43928 0.0907271
5.44332 0.0907305
5.44729 0.0906707
5.45133 0.0906726
5.4554 0.09071
5.4595 0.090778
5.46389 0.0911305
5.46953 0.0927397
5.47357 0.0907288
5.47755 0.0906724
5.48318 0.0922763
5.48684 0.0866826
5.48709 0.0909729
5.48722 0.0911013
5.49129 0.0911358
5.49533 0.0911393
5.49952 0.0912982
5.50292 0.0906626
5.50718 0.0908906
5.51131 0.0909863
5.51144 0.0911147
5.51509 0.0907314
5.52156 0.0931707
5.52544 0.0909969
5.52915 0.0906808
5.53358 0.0910693
5.5337 0.0911977
5.53723 0.0906929
5.54146 0.0908904
5.54585 0.0912434
5.54938 0.0907391
5.55342 0.0907454
5.55944 0.0927359
5.56345 0.0906938
5.56784 0.0910537
5.57157 0.0907406
5.5756 0.0907464
5.58015 0.0912633
5.58573 0.0928045
5.58688 0.0867284
5.58951 0.0913728
5.59345 0.0912784
5.59358 0.0914068
5.59685 0.0906428
5.60098 0.0907395
5.60495 0.0906796
5.60508 0.090808
5.61119 0.0928883
5.61501 0.0906517
5.61917 0.0907825
5.6193 0.0909109
5.62346 0.0910427
5.62763 0.09117
5.6316 0.0911106
5.63173 0.091239
5.63525 0.0907313
5.63939 0.0908304
5.63952 0.0909588
5.64326 0.0906738
5.64932 0.0926999
5.65336 0.0906894
5.65349 0.0908178
5.65743 0.0907264
5.6616 0.0908606
5.66548 0.0907069
5.66945 0.0906471
5.66958 0.0907755
5.67356 0.0907191
5.67753 0.0906587
5.68407 0.0931584
5.68689 0.0867317
5.68849 0.0923657
5.69131 0.0911538
5.69522 0.0910288
5.70108 0.0928578
5.70492 0.0906528
5.70902 0.0907169
5.71303 0.0906882
5.717 0.0906283
5.72168 0.0912737
5.72546 0.0910233
5.72918 0.0907072
5.7335 0.0909985
5.73925 0.0927079
5.74328 0.090694
5.74732 0.0907004
5.75133 0.0906751
5.75537 0.0906814
5.75951 0.0907846
5.76387 0.0911099
5.76787 0.0910806
5.77197 0.0911492
5.77762 0.0927619
5.78044 0.0895303
5.78531 0.0903668
5.78685 0.0866926
5.79098 0.0928431
5.79502 0.0908297
5.79927 0.0910509
5.7994 0.0911792
5.80293 0.090672
5.80719 0.0909006
5.81142 0.0910936
5.81154 0.091222
5.81501 0.090652
5.81904 0.0906539
5.82308 0.0906573
5.8291 0.0926448
5.83355 0.0910477
5.83721 0.0906713
5.84201 0.0914416
5.84586 0.0912533
5.84932 0.0906789
5.85336 0.0906853
5.85739 0.0906871
5.86156 0.0908213
5.86771 0.0929407
5.87156 0.0907391
5.87201 0.091187
5.8756 0.0907449
5.88018 0.091293
5.88486 0.0919384
5.88678 0.0866297
5.88928 0.0911456
5.89383 0.0916626
5.89685 0.0906418
5.89697 0.0907702
5.90114 0.090902
5.90511 0.0908342
5.90898 0.0906726
5.91302 0.090679
5.91908 0.092705
5.92369 0.0912679
5.92382 0.0913963
5.92763 0.0911735
5.9316 0.0911142
5.93173 0.0912426
5.93526 0.0907349
5.93952 0.0909624
5.94324 0.0906463
5.94731 0.0906838
5.95135 0.0906896
5.95737 0.0926845
5.96161 0.0908681
5.96174 0.0909965
5.96545 0.0906794
5.96949 0.0906857
5.9735 0.0906605
5.9776 0.0907285
5.98414 0.0932282
5.98689 0.0867387
5.98741 0.0912858
5.99144 0.0912852
5.99535 0.0911602
5.99957 0.0913503
6.003 0.0907458
6.00899 0.0927035
6.01303 0.0906931
6.0171 0.09073
6.02114 0.0907359
6.02544 0.090999
6.02916 0.0906829
6.0336 0.0910986
6.03373 0.091227
6.03726 0.0907182
6.04136 0.0907873
6.04732 0.0927155
6.05136 0.090704
6.0554 0.0907104
6.05941 0.0906846
6.06383 0.0910761
6.06743 0.090634
6.06755 0.0907624
6.07156 0.0907326
6.07556 0.0907063
6.07979 0.0908993
6.08482 0.0918942
6.08684 0.0866818
6.08921 0.0910694
6.09344 0.0912663
6.09901 0.0928059
6.10295 0.0906972
6.10711 0.0908269
6.11141 0.0910855
6.11154 0.0912139
6.115 0.090644
6.11907 0.0906809
6.12323 0.0908127
6.12336 0.0909411
6.12749 0.0910333
6.12762 0.0911617
6.13156 0.0910673
6.13723 0.0927111
6.14229 0.0917219
6.14585 0.0912458
6.14931 0.0906714
6.15335 0.0906777
6.15348 0.0908061
6.15742 0.0907146
6.16152 0.0907827
6.16165 0.0909111
6.1655 0.0907223
6.16963 0.090822
6.17556 0.0927191
6.1803 0.0914099
6.1829 0.0899723
6.1868 0.0866493
6.1893 0.093182
6.1936 0.0914254
6.19687 0.0906614
6.20103 0.0907932
6.20116 0.0909216
6.20509 0.0908227
6.20897 0.0906651
6.21301 0.0906714
6.21705 0.0906733
6.22144 0.0910303
6.22832 0.093883
6.23159 0.0911022
6.23521 0.0906917
6.23951 0.0909544
6.24326 0.0906694
6.24733 0.0907068
6.25146 0.0908059
6.25541 0.090715
6.25944 0.0907208
6.26547 0.0927113
6.26944 0.0906347
6.26957 0.090763
6.27351 0.0906716
6.27762 0.0907436
6.28389 0.0929865
6.28678 0.0866254
6.28729 0.0911725
6.29133 0.0911759
6.29146 0.0913043
6.29524 0.0910509
6.29537 0.0911793
6.29956 0.0913343
6.30295 0.0906987
6.30708 0.0907944
6.31134 0.0910184
6.31704 0.0926859
6.32169 0.0912829
6.32547 0.0910324
6.32919 0.0907163
6.33358 0.0910698
6.3337 0.0911982
6.33723 0.0906895
6.34187 0.0913003
6.34547 0.0908587
6.34931 0.0906739
6.35537 0.0927
6.35938 0.0906579
6.35951 0.0907863
6.36384 0.0910805
6.36785 0.0910553
6.3716 0.0907732
6.37554 0.0906817
6.38044 0.0915493
6.38576 0.0928337
6.38678 0.0866292
6.38941 0.0912736
6.38954 0.0914019
6.3937 0.0915337
6.39685 0.0906414
6.40091 0.0906759
6.40693 0.0926629
6.41129 0.0909714
6.41508 0.090721
6.41921 0.0908206
6.4235 0.0910808
6.4276 0.0911419
6.4317 0.091211
6.43529 0.0907655
6.43939 0.0908335
6.44586 0.0932734
6.44936 0.0907173
6.45346 0.0907858
6.4574 0.0906944
6.46164 0.0908948
6.46548 0.09071
6.46958 0.0907746
6.47356 0.0907182
6.47763 0.0907551
6.48403 0.0931264
6.48679 0.086637
6.4873 0.0911841
6.49121 0.0910591
6.49685 0.0926619
6.50108 0.0908397
6.50508 0.090807
6.50521 0.0909354
6.50906 0.0907506
6.5131 0.0907569
6.51713 0.0907588
6.52213 0.0917236
6.52546 0.0910253
6.52918 0.0907092
6.53527 0.0927669
6.53951 0.0909505
6.54329 0.0906966
6.54733 0.090703
6.55137 0.0907088
6.55541 0.0907151
6.55951 0.0907832
6.56386 0.0911045
6.56783 0.0910402
6.56796 0.0911686
6.57354 0.0927116
6.57758 0.0907007
6.58071 0.0898054
6.58686 0.0867109
6.58712 0.0921796
6.59119 0.0910357
6.59523 0.0910391
6.59954 0.0913225
6.60294 0.0906869
6.6072 0.0909115
6.61143 0.0911044
6.61155 0.0912328
6.61511 0.0907527
6.61908 0.0906884
6.62526 0.0928399
6.62911 0.0906354
6.63359 0.0910862
6.63372 0.0912146
6.63725 0.0907098
6.64193 0.0913552
6.6458 0.091198
6.64939 0.090752
6.65343 0.0907583
6.65747 0.0907602
6.66375 0.0930079
6.66773 0.0909348
6.66785 0.0910632
6.67161 0.0907811
6.67205 0.091229
6.67561 0.0907518
6.68019 0.0912999
6.68564 0.0927127
6.68679 0.0866366
6.68942 0.0912809
6.69377 0.0916033
6.69692 0.090711
6.70108 0.0908428
6.70502 0.0907439
6.70905 0.0907457
6.71508 0.0927372
6.71924 0.0908551
6.72335 0.0909242
6.72818 0.0917216
6.72831 0.09185
6.73158 0.091086
6.7317 0.0912144
6.73523 0.0907067
6.73952 0.0909653
6.74327 0.0906803
6.74731 0.0906827
6.75343 0.0927709
6.7574 0.0906978
6.76164 0.0908982
6.76545 0.0906783
6.76955 0.0907469
6.77359 0.0907527
6.77763 0.0907546
6.78416 0.0932542
6.78679 0.0866364
6.78743 0.0913119
6.79134 0.0911869
6.79525 0.0910619
6.79954 0.0913181
6.80495 0.0926988
6.80896 0.0906527
6.813 0.0906591
6.81713 0.0907582
6.82168 0.0912752
6.82546 0.0910247
6.82918 0.0907087
6.8336 0.0910972
6.83723 0.0906897
6.84329 0.0927128
6.84733 0.0907024
6.8514 0.0907393
6.85537 0.0906795
6.85941 0.0906853
6.85954 0.0908137
6.86383 0.0910768
6.8679 0.0911098
6.87194 0.0911121
6.87207 0.0912405
6.87549 0.090635
6.88081 0.0919189
6.88574 0.0908013
6.8869 0.086742
6.88927 0.0911295
6.88939 0.0912579
6.8951 0.0929275
6.89913 0.0909141
6.90292 0.0906637
6.90721 0.0909268
6.91141 0.0910926
6.91507 0.0907138
6.91904 0.0906495
6.92314 0.0907186
6.92737 0.090912
6.9275 0.0910404
6.93358 0.0930946
6.93727 0.0907326
6.94195 0.0913779
6.94586 0.0912559
6.94932 0.0906814
6.95336 0.0906878
6.95743 0.0907207
6.96153 0.0907888
6.96166 0.0909172
6.96541 0.0906351
6.97156 0.0927544
6.97201 0.0932023
6.97554 0.0906813
6.98022 0.0913266
6.9849 0.091972
6.98682 0.0866633
6.98932 0.0911793
6.99345 0.0912795
6.99685 0.0906439
6.99698 0.0907722
7.00101 0.0907757
7.00543 0.0911617
7.00896 0.090654
7.013 0.0906603
7.01707 0.0906933
7.02325 0.0928437
7.02831 0.0918501
7.03158 0.0910861
7.0317 0.0912144
7.03517 0.0906445
7.03953 0.0909693
7.04327 0.0906843
7.04728 0.090659
7.05132 0.0906644
7.05536 0.0906707
7.06165 0.0929214
7.06177 0.0930498
7.06549 0.0907198
7.06953 0.0907262
7.07354 0.0906998
7.07765 0.0907708
7.08293 0.0920231
7.08684 0.0866856
7.0871 0.090976
7.08722 0.0911044
7.09113 0.0909789
7.09495 0.090759
7.09958 0.0913608
7.10301 0.0907593
7.10711 0.0908228
7.11301 0.0926848
7.1171 0.0907316
7.12168 0.0912792
7.12547 0.0910287
7.12919 0.0907126
7.1336 0.0910972
7.13373 0.0912256
7.13726 0.0907168
7.14142 0.0908486
7.14584 0.0912372
7.15142 0.0927837
7.15543 0.0907382
7.15947 0.0907441
7.16379 0.0910343
7.16786 0.0910712
7.17158 0.0907541
7.17203 0.091202
7.17562 0.0907599
7.1803 0.0914053
7.18574 0.0928181
7.1869 0.086742
7.18952 0.0913863
7.19369 0.0915181
7.19382 0.0916465
7.19696 0.0907541
7.20295 0.0927076
7.20695 0.0906621
7.21134 0.0910145
7.21512 0.0907636
7.21909 0.0906998
7.22338 0.09096
7.22767 0.0912117
7.23164 0.0911524
7.23523 0.0907068
7.24222 0.0936603
7.2459 0.0912958
7.24933 0.0906942
7.25337 0.0907006
7.2535 0.090829
7.25744 0.0907375
7.26164 0.0909028
7.26552 0.0907452
7.26962 0.0908098
7.27359 0.0907534
7.28064 0.093769
7.28404 0.0911137
7.28679 0.086641
7.28718 0.0910597
7.29359 0.093434
7.29692 0.0907154
7.30102 0.0907815
7.30544 0.0911656
7.30896 0.0906579
7.313 0.0906642
7.31313 0.0907926
7.31714 0.0907634
7.32172 0.0913114
7.32546 0.0910259
7.33155 0.0930806
7.33518 0.0906534
7.33953 0.0909782
7.34328 0.0906932
7.34732 0.0906996
7.35142 0.0907676
7.35543 0.0907389
7.35953 0.090803
7.36392 0.0911594
7.36956 0.0927646
7.37359 0.0907497
7.3776 0.0907245
7.38279 0.0918804
7.38679 0.0866374
7.38718 0.0910561
7.39134 0.0911879
7.39538 0.0911913
7.39957 0.0913463
7.40297 0.0907106
7.40719 0.0909036
7.41145 0.0911277
7.415 0.0906471
7.42157 0.0931832
7.42548 0.0910404
7.4292 0.0907243
7.43362 0.0911129
7.43375 0.0912413
7.43728 0.0907365
7.44151 0.090934
7.44589 0.0912869
7.44933 0.0906854
7.45337 0.0906917
7.45946 0.0927483
7.46375 0.0909947
7.46388 0.0911231
7.46785 0.0910627
7.4716 0.0907767
7.47205 0.0912246
7.47561 0.0907514
7.48029 0.0913968
7.48573 0.0928095
7.48586 0.0929379
7.48689 0.0867334
7.48951 0.0913778
7.4938 0.091634
7.49695 0.0907416
7.50098 0.090745
7.50499 0.0907163
7.5113 0.0929912
7.51507 0.0907195
7.51921 0.0908191
7.51934 0.0909475
7.5235 0.0910793
7.52753 0.0910782
7.52766 0.0912066
7.53164 0.0911473
7.53176 0.0912757
7.53529 0.090768
7.53939 0.090832
7.53952 0.0909604
7.5433 0.0907065
7.54936 0.0927325
7.5534 0.0907221
7.55744 0.0907279
7.56163 0.0908893
7.56176 0.0910177
7.56551 0.0907317
7.56958 0.0907691
7.57358 0.0907398
7.57762 0.0907457
7.58415 0.0932453
7.58691 0.0867559
7.58742 0.091303
7.59133 0.091178
7.59514 0.0909557
7.6011 0.0928781
7.60498 0.0907042
7.60901 0.090706
7.61305 0.0907124
7.61702 0.0906526
7.62167 0.0912663
7.62545 0.0910159
7.62917 0.0906998
7.63353 0.0910222
7.6394 0.0928565
7.6433 0.0907143
7.64734 0.0907206
7.65138 0.0907264
7.65542 0.0907328
7.65949 0.0907697
7.66388 0.0911262
7.66792 0.091128
7.67199 0.0911615
7.67211 0.0912899
7.6776 0.0927391
7.68054 0.0896359
7.68545 0.0905035
7.68685 0.0867009
7.69115 0.0930114
7.69128 0.0931398
7.69506 0.0908697
7.69931 0.0910908
7.69944 0.0912192
7.70297 0.090712
7.70707 0.0907811
7.7072 0.0909094
7.71155 0.0912308
7.71511 0.0907547
7.71908 0.0906904
7.72312 0.0906938
7.72923 0.0927785
7.73359 0.0910842
7.73728 0.0907389
7.74196 0.0913842
7.7459 0.0912893
7.74932 0.0906838
7.75339 0.0907212
7.75746 0.0907542
7.76157 0.0908262
7.76772 0.0929495
7.7716 0.0907791
7.77205 0.091227
7.77561 0.0907538
7.78019 0.0913019
7.7849 0.0919783
7.78682 0.0866696
7.78932 0.0911856
7.79378 0.0916053
7.79692 0.0907129
7.80108 0.0908447
7.80511 0.0908431
7.80899 0.0906815
7.81303 0.0906878
7.81924 0.0928699
7.82338 0.0909533
7.82766 0.091209
7.83164 0.0911497
7.83177 0.0912781
7.83529 0.0907703
7.83952 0.0909668
7.84324 0.0906507
7.84731 0.0906881
7.85135 0.0906939
7.85741 0.09272
7.86164 0.0909036
7.86177 0.091032
7.86546 0.0906837
7.86953 0.0907212
7.87353 0.0906919
7.87757 0.0906978
7.88423 0.0933258
7.88686 0.086708
7.88738 0.0912551
7.89131 0.0911612
7.89522 0.0910362
7.90024 0.0920208
7.9029 0.0906489
7.90899 0.092702
7.91303 0.0906916
7.9171 0.0907251
7.92168 0.0912726
7.92549 0.0910533
7.92921 0.0907372
7.93373 0.0912191
7.93725 0.0907103
7.94142 0.0908421
7.94734 0.0927363
7.95135 0.0906943
7.95542 0.0907317
7.95946 0.0907375
7.96379 0.0910318
7.96786 0.0910687
7.97164 0.0908138
7.97209 0.0912617
7.97561 0.0907534
7.98029 0.0913988
7.98574 0.0928115
7.98587 0.0929399
7.98689 0.0867354
7.98939 0.0912514
7.99365 0.0914765
7.99903 0.0908063
7.99916 0.0909347
8.00297 0.0907114
8.00714 0.0908522
8.01156 0.0912397
8.01502 0.0906698
8.01909 0.0907033
8.02319 0.0907723
8.02751 0.0910552
8.03158 0.0910892
8.03728 0.0927601
8.04196 0.0913887
8.04558 0.0909782
8.0494 0.0907573
8.05347 0.0907948
8.05741 0.0907033
8.06167 0.0909303
8.06552 0.0907416
8.06962 0.0908101
8.07558 0.0927408
8.07962 0.0907298
8.07975 0.0908582
8.08282 0.0898991
8.08683 0.0866758
8.08904 0.0929167
8.0933 0.0911279
8.09695 0.0907476
8.10099 0.090751
8.10505 0.0907789
8.10905 0.0907492
8.11312 0.0907866
8.11713 0.0907568
8.1227 0.0922945
8.12834 0.0939013
8.13161 0.0911206
8.1352 0.090679
8.13953 0.0909727
8.14331 0.0907194
8.14738 0.0907568
8.15147 0.0908169
8.15545 0.0907571
8.15942 0.0907007
8.16555 0.0927924
8.16959 0.0907819
8.17353 0.0906905
8.17764 0.0907625
8.18391 0.0930054
8.18693 0.0867727
8.18731 0.0911914
8.19135 0.0911948
8.19148 0.0913232
8.19539 0.0911982
8.20024 0.0920233
8.20303 0.0907798
8.2071 0.0908133
8.21146 0.0911346
8.21706 0.0906925
8.22171 0.0913063
8.22553 0.0910869
8.22924 0.0907708
8.23363 0.0911243
8.23376 0.0912527
8.23722 0.0906778
8.24151 0.090938
8.24584 0.0912287
8.24933 0.0906894
8.25542 0.0927465
8.25946 0.0907356
8.26388 0.0911231
8.26785 0.0910628
8.2716 0.0907767
8.27205 0.0912246
8.27551 0.0906542
8.27955 0.0906605
8.28577 0.0928407
8.28589 0.0929691
8.28692 0.0867646
8.28955 0.0914089
8.29384 0.0916691
8.29698 0.0907767
8.30297 0.0927297
8.30697 0.0906842
8.31136 0.0910406
8.31511 0.0907585
8.31921 0.0908231
8.32325 0.0908265
8.32338 0.0909549
8.32769 0.0912378
8.33167 0.0911784
8.33519 0.0906707
8.33946 0.0909022
8.34587 0.0932764
8.3493 0.0906581
8.35347 0.0907928
8.35747 0.0907675
8.36164 0.0909018
8.36177 0.0910302
8.36549 0.090713
8.36962 0.0908087
8.36974 0.0909371
8.37358 0.0907404
8.37762 0.0907462
8.38403 0.0931175
8.38691 0.0867564
8.3873 0.0911751
8.39345 0.0932926
8.39688 0.0906713
8.40091 0.0906747
8.40533 0.0910588
8.40898 0.0906795
8.41302 0.0906858
8.41703 0.0906566
8.42174 0.091333
8.42219 0.0917809
8.42552 0.0910826
8.42924 0.0907665
8.43526 0.0907412
8.43953 0.0909727
8.44331 0.0907193
8.44738 0.0907528
8.45138 0.0907235
8.45545 0.090757
8.45954 0.0908171
8.4639 0.0911385
8.46797 0.0911754
8.47357 0.0927495
8.47755 0.0906764
8.48274 0.0918324
8.48319 0.0922803
8.4869 0.0867493
8.48716 0.0910397
8.4912 0.0910431
8.49523 0.0910465
8.50035 0.0921283
8.50301 0.0907564
8.50721 0.0909183
8.51146 0.0911424
8.51502 0.0906662
8.52159 0.0932024
8.52172 0.0933308
8.52553 0.0910907
8.52925 0.0907746
8.5336 0.091097
8.53373 0.0912254
8.53729 0.0907517
8.5419 0.0913314
8.54591 0.0913027
8.54931 0.09067
8.55335 0.0906763
8.55745 0.0907444
8.56374 0.0929961
8.56784 0.0910513
8.57162 0.0908004
8.57207 0.0912482
8.57563 0.0907751
8.58031 0.0914204
8.58563 0.0927048
8.58691 0.0867571
8.58941 0.0912731
8.5938 0.0916266
8.59694 0.0907342
8.60098 0.0907376
8.6011 0.090866
8.60501 0.09074
8.61119 0.0928864
8.6151 0.0907431
8.61923 0.0908428
8.62353 0.091103
8.62756 0.0911019
8.62769 0.0912303
8.63166 0.091171
8.63179 0.0912993
8.63522 0.0906943
8.63954 0.0909841
8.64329 0.0906991
8.64733 0.0907054
8.65342 0.0907458
8.65746 0.0907516
8.66169 0.090948
8.66553 0.0907593
8.6696 0.0907928
8.67357 0.0907324
8.67761 0.0907382
8.68415 0.0932379
8.6869 0.0867484
8.68742 0.0912955
8.69132 0.0911706
8.69517 0.0909794
8.6953 0.0911078
8.70112 0.0929017
8.70503 0.090759
8.709 0.0906986
8.71304 0.0907049
8.71705 0.0906762
8.7217 0.0912899
8.72548 0.0910395
8.7292 0.0907234
8.73362 0.091112
8.73945 0.0929153
8.74336 0.0907735
8.74737 0.0907448
8.75141 0.0907506
8.75545 0.090757
8.75946 0.0907317
8.7639 0.0911464
8.76791 0.0911171
8.77194 0.0911195
8.77207 0.0912479
8.7756 0.0907436
8.78073 0.0918368
8.78547 0.0905282
8.78688 0.0867256
8.79104 0.0929037
8.79508 0.0908904
8.79924 0.0910222
8.80303 0.0907717
8.80723 0.0909376
8.81155 0.0912278
8.81501 0.0906579
8.81905 0.0906598
8.82321 0.0907916
8.82924 0.092783
8.83363 0.0911198
8.83728 0.0907433
8.84234 0.0917709
8.84587 0.0912637
8.8493 0.0906622
8.85347 0.0907969
8.85747 0.0907637
8.86167 0.090929
8.86552 0.0907442
8.87161 0.0907846
8.87562 0.0907593
8.88049 0.0915958
8.88491 0.0919844
8.88683 0.0866757
8.88933 0.0911916
8.89378 0.0916113
8.89692 0.0907189
8.89705 0.0908473
8.90109 0.0908507
8.90512 0.0908491
8.90899 0.0906875
8.91306 0.090725
8.91925 0.0928759
8.92338 0.0909593
8.92767 0.091215
8.93168 0.0911868
8.9318 0.0913152
8.9352 0.0906791
8.93953 0.0909728
8.94331 0.0907194
8.94731 0.0906907
8.95135 0.0906965
8.95744 0.0927536
8.96155 0.0908089
8.96168 0.0909373
8.96549 0.0907174
8.96956 0.0907509
8.97353 0.0906905
8.97757 0.0906964
8.98423 0.0933244
8.98686 0.0867066
8.98737 0.0912537
8.99134 0.0911909
8.99147 0.0913193
8.99525 0.0910659
8.9995 0.0912831
9.00303 0.0907759
9.00902 0.0927339
9.01306 0.0907235
9.01707 0.0906942
9.02139 0.0909845
9.02543 0.0909908
9.02915 0.0906747
9.03363 0.0911255
9.03376 0.0912539
9.03732 0.0907762
9.04141 0.0908419
9.04741 0.0928052
9.05138 0.090728
9.05542 0.0907344
9.05949 0.0907708
9.06382 0.091065
9.06779 0.0910007
9.06792 0.0911291
9.07157 0.0907452
9.0756 0.0907461
9.07987 0.0909741
9.0848 0.0918757
9.08493 0.0920041
9.08691 0.0867606
9.08929 0.0911481
9.09345 0.0912829
9.099 0.0927953
9.10303 0.0907799
9.10701 0.090719
9.11146 0.0911372
9.11511 0.0907583
9.11909 0.090698
9.12325 0.0908298
9.12751 0.0910504
9.13161 0.0911195
9.13722 0.0926971
9.14222 0.0916452
9.14587 0.0912664
9.14934 0.0906959
9.15338 0.0907022
9.15738 0.090677
9.16168 0.0909356
9.16552 0.0907468
9.16959 0.0907803
9.16972 0.0909087
9.17363 0.0907861
9.18061 0.0917228
9.18401 0.0910843
9.18414 0.0912127
9.18683 0.0866743
9.1892 0.0930787
9.19349 0.0913221
9.19689 0.0906865
9.20112 0.0908805
9.20547 0.0911984
9.209 0.0906907
9.21313 0.0907903
9.2171 0.090726
9.22171 0.0913086
9.22834 0.0939045
9.23161 0.0911238
9.2352 0.0906822
9.23956 0.091007
9.24328 0.0906909
9.24741 0.0907906
9.25145 0.0907885
9.25542 0.0907286
9.25943 0.0907034
9.25956 0.0908318
9.26555 0.092795
9.26959 0.0907846
9.27357 0.0907243
9.2776 0.0907301
9.28401 0.0931014
9.28689 0.0867403
9.28741 0.0912874
9.29144 0.0912908
9.29535 0.0911658
9.30028 0.0920571
9.30294 0.0906852
9.30713 0.090847
9.31146 0.0911373
9.3171 0.0927431
9.32175 0.0913401
9.32543 0.0909923
9.32915 0.0906762
9.33363 0.091123
9.33376 0.0912514
9.33732 0.0907777
9.34222 0.0916453
9.34587 0.0912665
9.34937 0.0907271
9.35543 0.0927532
9.35953 0.0908084
9.36379 0.0910365
9.36786 0.0910734
9.37206 0.0912352
9.37565 0.0907932
9.38052 0.0916297
9.38539 0.0924661
9.38552 0.0925945
9.38683 0.0866779
9.38933 0.0911939
9.39375 0.0915825
9.39689 0.0906901
9.40096 0.0907246
9.40699 0.0927155
9.41135 0.0910241
9.41545 0.0910927
9.41923 0.0908377
9.42352 0.0910979
9.42755 0.0910968
9.43169 0.091197
9.43524 0.0907204
9.43948 0.0909208
9.44588 0.093295
9.44932 0.0906767
9.45349 0.0908114
9.45749 0.0907861
9.46163 0.0908853
9.46175 0.0910136
9.4655 0.0907276
9.4696 0.0907922
9.47357 0.0907318
9.47761 0.0907377
9.48402 0.0931089
9.48415 0.0932373
9.4869 0.0867479
9.48729 0.0911666
9.4912 0.0910416
9.49132 0.09117
9.497 0.0928079
9.50109 0.0908573
9.5051 0.0908246
9.50901 0.090702
9.51311 0.0907706
9.51704 0.0906712
9.5222 0.0917955
9.52554 0.0910972
9.52919 0.0907149
9.53528 0.0927726
9.53957 0.0910184
9.54329 0.0907023
9.5473 0.0906736
9.5514 0.0907416
9.55547 0.090779
9.5595 0.0907809
9.55963 0.0909093
9.56389 0.0911294
9.5679 0.0911041
9.57354 0.0927133
9.57758 0.0907024
9.58084 0.0899355
9.58693 0.0867753
9.58719 0.092244
9.59122 0.0910691
9.59526 0.0910725
9.60025 0.0920259
9.60038 0.0921543
9.60304 0.0907824
9.6072 0.0909132
9.61146 0.0911373
9.61514 0.0907895
9.61912 0.0907292
9.62527 0.0928496
9.62925 0.0907735
9.63363 0.091127
9.63376 0.0912554
9.63732 0.0907817
9.642 0.091427
9.64597 0.0913632
9.64937 0.0907266
9.65344 0.090764
9.65745 0.0907387
9.66373 0.0929904
9.66774 0.0909484
9.66787 0.0910768
9.67197 0.0911453
9.6721 0.0912737
9.67553 0.0906722
9.67957 0.0906785
9.68566 0.0927303
9.68694 0.0867826
9.68944 0.0912986
9.69411 0.0919405
9.69693 0.0907286
9.7011 0.0908604
9.70503 0.0907615
9.709 0.0906971
9.71544 0.0931054
9.71926 0.0908688
9.71939 0.0909972
9.72336 0.0909379
9.72768 0.0912247
9.73169 0.0911964
9.73181 0.0913248
9.73524 0.0907198
9.7396 0.0910407
9.74338 0.0907873
9.74735 0.0907274
9.75338 0.0927224
9.75748 0.0907776
9.76162 0.0908767
9.76175 0.0910051
9.76546 0.090688
9.7696 0.0907877
9.77357 0.0907273
9.77761 0.0907331
9.78414 0.0932328
9.7869 0.0867433
9.78741 0.0912904
9.79132 0.0911655
9.79523 0.0910405
9.80025 0.092033
9.805 0.0927435
9.8091 0.0907908
9.81301 0.0906687
9.81707 0.0907022
9.82169 0.0912809
9.82553 0.0910926
9.82925 0.0907765
9.83364 0.09113
9.83376 0.0912584
9.83726 0.0907225
9.84329 0.0927145
9.84729 0.090669
9.85143 0.0907721
9.85547 0.0907785
9.85948 0.0907532
9.86387 0.0911096
9.8679 0.0911115
9.87207 0.0912422
9.8756 0.090738
9.88053 0.0916401
9.8854 0.0904598
9.88681 0.0866573
9.88918 0.0910448
9.89508 0.092905
9.89917 0.0909538
9.90292 0.0906683
9.90712 0.0908342
9.91154 0.0912217
9.91514 0.0907802
9.91907 0.0906847
9.92314 0.0907192
9.9275 0.0910451
9.93365 0.0931615
9.93721 0.090671
9.94202 0.0914448
9.94593 0.0913188
9.94932 0.0906821
9.95336 0.0906885
9.95746 0.0907485
9.96165 0.0909139
9.9655 0.0907291
9.97198 0.0931719
9.97564 0.0907793
9.9799 0.0910078
9.98493 0.0920038
9.98685 0.0866951
9.98935 0.0912111
9.99364 0.0914673
9.99377 0.0915957
9.99691 0.0907033
9.99704 0.0908317

