% time_sec delay_sec
1.14299 0.0424829
1.14299 0.0424829
1.24299 0.0424865
1.34298 0.0424733
1.44044 0.344619
1.44299 0.0424847
1.54299 0.0424892
1.64298 0.0424759
1.74299 0.0424839
1.74312 0.344619
1.84299 0.0424874
1.9418 0.241296
1.94561 0.0437408
1.94574 0.0479027
1.94954 0.0476651
2.04181 0.135908
2.05396 0.048055
2.05768 0.0477367
2.06172 0.0477493
2.06574 0.0477387
2.06976 0.0477246
2.07384 0.0477717
2.08007 0.0479512
2.08395 0.0477901
2.08792 0.0477263
2.09195 0.0477282
2.09598 0.0477221
2.10011 0.0478222
2.10405 0.0477258
2.10812 0.0477582
2.11212 0.0477329
2.11841 0.0499801
2.11853 0.0501085
2.12267 0.0481919
2.1228 0.0483203
2.12683 0.0483227
2.13029 0.0477493
2.13433 0.0477522
2.13948 0.0488745
2.14352 0.0476995
2.14563 0.0437632
2.14778 0.0479281
2.15169 0.047801
2.15579 0.0478701
2.1597 0.047747
2.1658 0.0498071
2.16974 0.0476994
2.17384 0.0477634
2.17784 0.0477381
2.18239 0.0482522
2.18592 0.0477415
2.18995 0.0477409
2.1943 0.0480639
2.19891 0.0486356
2.20205 0.0477432
2.20807 0.0497297
2.21211 0.0477193
2.21615 0.0477216
2.22025 0.0477931
2.22423 0.0477338
2.22829 0.0477683
2.23223 0.0476734
2.23639 0.0477997
2.24187 0.0492465
2.24572 0.0438463
2.24585 0.0480083
2.24956 0.0476906
2.25591 0.050005
2.25963 0.0476746
2.26377 0.0477777
2.268 0.0479781
2.27207 0.0480116
2.27588 0.0477952
2.28018 0.0480554
2.28434 0.0481872
2.28863 0.0484444
2.28876 0.0485728
2.29197 0.0477461
2.29883 0.0485514
2.3021 0.0477874
2.30603 0.047692
2.31017 0.0477951
2.31414 0.0477358
2.31427 0.0478642
2.31831 0.047866
2.32244 0.0479662
2.32257 0.0480946
2.32625 0.0477384
2.33022 0.0476791
2.33631 0.0497362
2.33644 0.0498646
2.33949 0.0468611
2.3457 0.0438323
2.34583 0.050011
2.34596 0.0501394
2.34965 0.0477779
2.35401 0.0481037
2.3577 0.0477589
2.3618 0.047827
2.36577 0.0477661
2.36974 0.0477023
2.37381 0.0477352
2.37779 0.0476788
2.38442 0.0502753
2.38871 0.0485158
2.39191 0.047689
2.39608 0.0478208
2.4005 0.0482094
2.40437 0.0480483
2.40835 0.047988
2.41219 0.0477992
2.41616 0.0477354
2.42014 0.0476785
2.42683 0.0503406
2.43042 0.0478788
2.43427 0.0476911
2.4402 0.0495888
2.44033 0.0497172
2.44356 0.0477432
2.44571 0.043838
2.44783 0.0479717
2.4516 0.0477163
2.45584 0.0479138
2.45965 0.0476934
2.46368 0.0476952
2.46798 0.0479539
2.47381 0.0497577
2.47782 0.0477156
2.4825 0.048358
2.48596 0.0477852
2.49 0.0477886
2.49422 0.0479831
2.49467 0.048431
2.49896 0.0486832
2.5021 0.0477909
2.50607 0.0477305
2.51017 0.0477946
2.51613 0.0477031
2.5202 0.0477395
2.52417 0.0476802
2.52834 0.047812
2.52847 0.0479404
2.53225 0.047686
2.53638 0.0477851
2.54189 0.0492635
2.54202 0.0493919
2.54567 0.0438012
2.54593 0.0480915
2.54955 0.0476805
2.55359 0.0476869
2.55763 0.0476927
2.56379 0.049816
2.56392 0.0499444
2.56789 0.0478713
2.57209 0.0480371
2.57581 0.0477234
2.58024 0.048112
2.5844 0.0482438
2.58869 0.048501
2.5919 0.0476743
2.59594 0.0476777
2.59606 0.0478061
2.60205 0.049763
2.60605 0.047713
2.61009 0.0477189
2.6142 0.0477879
2.61843 0.0479844
2.62298 0.0485013
2.62631 0.047799
2.63022 0.0476735
2.63438 0.0478008
2.63947 0.0488649
2.64351 0.0476899
2.64563 0.0437536
2.64774 0.0478874
2.65358 0.0496912
2.65772 0.0477775
2.66169 0.0477211
2.66576 0.0477576
2.66974 0.0476977
2.67387 0.0477969
2.67781 0.0477054
2.68236 0.0482194
2.68595 0.0477749
2.69191 0.0497013
2.69204 0.0498297
2.69614 0.047879
2.70065 0.0483614
2.70469 0.0483643
2.70834 0.047985
2.70847 0.0481134
2.71219 0.0478002
2.71616 0.0477364
2.7202 0.0477382
2.7243 0.0478044
2.72442 0.0479328
2.72836 0.0478389
2.72849 0.0479673
2.73436 0.0477825
2.73696 0.0463479
2.74356 0.0489161
2.7457 0.0438326
2.74782 0.0479663
2.75161 0.0477188
2.75584 0.0479163
2.75965 0.0476959
2.76369 0.0476978
2.76791 0.0478902
2.76804 0.0480186
2.77205 0.0479899
2.77586 0.0477735
2.78246 0.0503383
2.78592 0.0477487
2.78993 0.0477204
2.79428 0.0480434
2.79883 0.0485529
2.79896 0.0486813
2.8021 0.0477889
2.80614 0.0477947
2.81011 0.0477344
2.81421 0.0477995
2.82023 0.0497894
2.82421 0.0477133
2.8284 0.0478762
2.83231 0.0477542
2.83629 0.0476978
2.84209 0.0494636
2.84568 0.0438067
2.84594 0.048097
2.84965 0.0477793
2.85401 0.0481052
2.8577 0.0477564
2.86167 0.0477
2.86572 0.0477093
2.87209 0.0500548
2.87581 0.0477244
2.88027 0.0481441
2.8843 0.0481475
2.8886 0.0484047
2.89199 0.0477686
2.89609 0.0478347
2.90045 0.0481577
2.90445 0.048121
2.91008 0.0497257
2.91412 0.0477118
2.9187 0.0482589
2.91883 0.0483873
2.92267 0.0481996
2.92642 0.0479135
2.9304 0.0478542
2.93437 0.0477909
2.94032 0.0497117
2.94359 0.0477693
2.9457 0.0438331
2.94772 0.0478695
2.95163 0.0477464
2.9558 0.0478777
2.9617 0.0497472
2.96578 0.0477708
2.96982 0.0477772
2.97379 0.0477168
2.97783 0.0477186
2.9825 0.0483611
2.98647 0.0482988
2.98993 0.0477259
2.99429 0.0480489
3.00044 0.0501618
3.00056 0.0502902
3.0047 0.0483791
3.00807 0.0477114
3.01211 0.0477177
3.01627 0.0478485
3.02025 0.0477916
3.02429 0.047794
3.02864 0.0481169
3.03236 0.0478003
3.03633 0.0477399
3.04188 0.0472321
3.05586 0.0479354
3.05971 0.0477536
3.06368 0.0476932
3.06772 0.0476985
3.07182 0.047766
3.07586 0.0477708
3.08015 0.04803
3.08415 0.0479973
3.08992 0.0497314
3.09396 0.047721
3.09851 0.048237
3.10204 0.0477287
3.10605 0.0477064
3.11014 0.0477699
3.11431 0.0479017
3.11444 0.0480301
3.11825 0.0478057
3.12267 0.0481943
3.12847 0.0499601
3.13225 0.0476929
3.13238 0.0478213
3.13629 0.0476987
3.13642 0.0478271
3.142 0.0493712
3.14568 0.0438116
3.14594 0.0481019
3.1496 0.047726
3.15396 0.0480519
3.15771 0.0477693
3.16178 0.0478062
3.16575 0.0477459
3.16973 0.047686
3.17376 0.0476919
3.18024 0.0501312
3.18443 0.0482774
3.18872 0.0485346
3.19203 0.0478012
3.19606 0.0478046
3.20048 0.0481932
3.20445 0.0481254
3.20833 0.0479678
3.21217 0.047783
3.21855 0.0501285
3.22282 0.0483403
3.22686 0.0483467
3.23028 0.0477422
3.23041 0.0478706
3.23439 0.0478112
3.23952 0.0489098
3.24356 0.0477349
3.24573 0.0438608
3.24772 0.0478662
3.24785 0.0479946
3.2516 0.047708
3.25583 0.0479055
3.25964 0.0476851
3.26374 0.0477531
3.26974 0.0497164
3.27381 0.0477366
3.27782 0.0477113
3.28249 0.0483537
3.28595 0.0477809
3.28999 0.0477843
3.29422 0.0479788
3.29892 0.0486478
3.30206 0.0477554
3.30808 0.0497384
3.31212 0.047724
3.31615 0.0477264
3.31628 0.0478548
3.32022 0.0477633
3.3242 0.047704
3.32849 0.0479642
3.33237 0.0478071
3.33637 0.0477778
3.34185 0.0492246
3.3457 0.0438245
3.34595 0.0481148
3.34964 0.04777
3.354 0.0480959
3.35968 0.0497397
3.36391 0.0479199
3.36789 0.0478635
3.36801 0.0479919
3.37208 0.0480253
3.3758 0.0477117
3.38022 0.0481002
3.38439 0.048232
3.38868 0.0484893
3.39201 0.047791
3.39855 0.0502936
3.40211 0.0478007
3.40614 0.0477986
3.41008 0.0477031
3.41021 0.0478315
3.41431 0.0479006
3.41844 0.0479997
3.42254 0.0480688
3.42626 0.0477477
3.43023 0.0476884
3.43635 0.0497766
3.43949 0.0468669
3.44353 0.0477088
3.44564 0.0437725
3.44969 0.0498321
3.45405 0.0481412
3.45774 0.0477964
3.46181 0.0478333
3.46575 0.0477453
3.46985 0.0478099
3.47382 0.0477495
3.4778 0.0476931
3.48235 0.0482072
3.48869 0.0505157
3.49202 0.0478006
3.49606 0.047804
3.50042 0.0481269
3.50439 0.0480671
3.50833 0.0479756
3.50846 0.048104
3.51209 0.0476936
3.51612 0.047692
3.52016 0.0476978
3.52746 0.0509678
3.52759 0.0510962
3.53041 0.0478676
3.53438 0.0478082
3.5406 0.0499943
3.54355 0.0477324
3.54573 0.0438583
3.54772 0.0478637
3.55159 0.0477055
3.55595 0.0480314
3.55977 0.047811
3.56368 0.0476884
3.56791 0.0478849
3.56804 0.0480133
3.57201 0.0479534
3.57785 0.0497567
3.58252 0.0483824
3.58605 0.0478722
3.58649 0.0483201
3.58999 0.0477783
3.59421 0.0479729
3.59434 0.0481013
3.59853 0.0482602
3.59866 0.0483886
3.60206 0.047753
3.60613 0.0477864
3.61013 0.0477572
3.61616 0.0497487
3.62023 0.0477683
3.6242 0.047709
3.6283 0.0477746
3.63224 0.0476837
3.63628 0.0476895
3.64186 0.0492336
3.64571 0.0438334
3.64596 0.0481238
3.64962 0.0477479
3.65398 0.0480737
3.6577 0.04776
3.66174 0.0477659
3.66793 0.0499203
3.67209 0.0480382
3.67578 0.0476935
3.68024 0.0481131
3.6844 0.0482449
3.68869 0.0485022
3.69202 0.0477999
3.69606 0.0478033
3.70042 0.0481257
3.70608 0.0497581
3.71009 0.047716
3.71419 0.0477851
3.71842 0.0479815
3.72269 0.0482101
3.72643 0.0479241
3.73031 0.0477675
3.73434 0.0477664
3.74017 0.0495628
3.7403 0.0496912
3.74357 0.0477488
3.74568 0.0438125
3.7478 0.0479462
3.75165 0.047761
3.75774 0.0498181
3.76172 0.0477449
3.76576 0.0477542
3.76973 0.0476944
3.77387 0.0477935
3.77781 0.0477021
3.78236 0.0482161
3.78595 0.0477716
3.78998 0.047775
3.79626 0.0500208
3.80065 0.0483541
3.80077 0.0484825
3.80484 0.0485165
3.80808 0.0477204
3.81215 0.0477578
3.81618 0.0477562
3.82022 0.0477615
3.82419 0.0477022
3.82836 0.047834
3.83432 0.0497633
3.83445 0.0498917
3.83702 0.0464091
3.84183 0.0471829
3.84574 0.0438657
3.84773 0.0498878
3.85167 0.0477831
3.8559 0.0479805
3.85965 0.047694
3.86368 0.0476958
3.86791 0.0478922
3.86804 0.0480206
3.87208 0.048023
3.87587 0.0477755
3.88016 0.0480357
3.88029 0.0481641
3.88593 0.0497709
3.88993 0.0477259
3.89474 0.0484967
3.89883 0.0485584
3.9021 0.0477944
3.90614 0.0477967
3.91014 0.0477675
3.91444 0.0480277
3.91853 0.0480843
3.92429 0.0498195
3.92843 0.0478995
3.93237 0.0478085
3.93634 0.0477522
3.94205 0.0494246
3.9457 0.0438299
3.94596 0.0481202
3.94961 0.0477404
3.95397 0.0480662
3.95769 0.0477526
3.96166 0.0476922
3.96577 0.0477637
3.96981 0.04777
3.97581 0.0497333
3.98023 0.0481051
3.98439 0.0482369
3.98856 0.0483658
3.99202 0.0477959
3.99606 0.0477993
4.00041 0.0481217
4.00448 0.0481568
4.00832 0.0479641
4.01416 0.0497644
4.01428 0.0498928
4.01842 0.0479752
4.01855 0.0481036
4.02274 0.0482694
4.02684 0.048334
4.03037 0.0478268
4.03434 0.0477675
4.0403 0.0496922
4.04357 0.0477499
4.05158 0.0476948
4.05588 0.0479545
4.05969 0.0477376
4.06578 0.0497942
4.06979 0.0477521
4.0738 0.0477298
4.07791 0.0478008
4.08188 0.0477415
4.08598 0.0478105
4.09002 0.0478134
4.09396 0.0477225
4.0986 0.0483238
4.10408 0.049769
4.10808 0.0477264
4.11212 0.0477323
4.11616 0.0477341
4.12017 0.0477083
4.12427 0.0477774
4.12843 0.0479092
4.13234 0.0477832
4.13638 0.047785
4.14189 0.0492629
4.14564 0.0437655
4.14589 0.0480558
4.14958 0.0477071
4.1558 0.0498931
4.15978 0.0478195
4.16375 0.0477631
4.16802 0.0479946
4.17218 0.0481253
4.17584 0.0477455
4.18026 0.048134
4.18445 0.048297
4.18874 0.0485542
4.19489 0.0506711
4.19883 0.0485605
4.2021 0.0477965
4.20608 0.0477361
4.21008 0.0477069
4.21418 0.0477759
4.21819 0.0477467
4.21832 0.0478751
4.22255 0.0480725
4.22633 0.0478176
4.23238 0.0498407
4.23629 0.0477014
4.2395 0.0468747
4.24572 0.0438459
4.24597 0.0501529
4.24957 0.0476941
4.25361 0.0477004
4.25774 0.0478036
4.26178 0.0478094
4.26575 0.047749
4.26976 0.0477163
4.27383 0.0477533
4.2778 0.0476969
4.28446 0.0503244
4.28876 0.0485649
4.29196 0.0477382
4.29606 0.0478043
4.30051 0.048224
4.30442 0.048094
4.30833 0.0479714
4.31221 0.0478178
4.31624 0.0478162
4.32281 0.0503528
4.32685 0.0483424
4.33038 0.0478352
4.33435 0.0477759
4.34025 0.0496384
4.34358 0.0477617
4.34573 0.0438566
4.34785 0.0479903
4.35169 0.047801
4.35582 0.0479012
4.35967 0.0477119
4.3637 0.0477138
4.368 0.0479764
4.37384 0.0497802
4.37784 0.0477381
4.38252 0.0483806
4.38598 0.0478077
4.39002 0.0478111
4.39425 0.0480056
4.39891 0.0486396
4.40205 0.0477472
4.40612 0.0477807
4.41215 0.0497716
4.41618 0.0477572
4.42022 0.0477631
4.4242 0.0477037
4.42432 0.0478321
4.42836 0.0478355
4.43227 0.0477095
4.43637 0.0477775
4.44191 0.0492871
4.44204 0.0494155
4.44573 0.0438558
4.44598 0.0481462
4.44964 0.0477703
4.454 0.0480961
4.45766 0.0477163
4.46381 0.0498391
4.46792 0.0478943
4.47209 0.048029
4.47584 0.0477465
4.48026 0.048135
4.48442 0.0482668
4.48871 0.0485241
4.49192 0.0476974
4.49609 0.0478292
4.50211 0.0498177
4.50607 0.0477326
4.51011 0.0477384
4.51422 0.0478075
4.51845 0.0480039
4.52268 0.0482014
4.52633 0.0478181
4.53036 0.047821
4.53434 0.0477617
4.53953 0.048923
4.54357 0.047748
4.54568 0.0438118
4.54783 0.0479766
4.55402 0.050131
4.55764 0.0477033
4.56175 0.0477753
4.56576 0.04775
4.56985 0.0478146
4.57383 0.0477582
4.5779 0.0477951
4.58245 0.0483092
4.58591 0.0477363
4.59203 0.0498221
4.59613 0.0478715
4.60064 0.0483539
4.60471 0.0483879
4.60484 0.0485163
4.60834 0.0479774
4.60846 0.0481058
4.61209 0.0476954
4.61625 0.0478222
4.62022 0.0477658
4.62432 0.0478319
4.63038 0.0498516
4.63435 0.0477755
4.63698 0.0463719
4.64358 0.0489402
4.64573 0.0438567
4.64785 0.0479904
4.6516 0.0477078
4.65596 0.0480337
4.65977 0.0478133
4.6638 0.0478152
4.66793 0.0479103
4.67207 0.04801
4.67588 0.0477936
4.68248 0.0503584
4.68594 0.0477688
4.68995 0.0477405
4.69418 0.0479351
4.6943 0.0480635
4.69888 0.0486041
4.69901 0.0487325
4.70202 0.0477117
4.70612 0.0477798
4.71013 0.0477505
4.71445 0.0480378
4.72019 0.0497443
4.72031 0.0498727
4.72422 0.047731
4.72845 0.047925
4.73226 0.0477057
4.73239 0.0478341
4.7363 0.0477115
4.74201 0.049384
4.74214 0.0495124
4.74573 0.0438554
4.74598 0.0481458
4.74961 0.0477348
4.75365 0.0477411
4.75772 0.0477781
4.76169 0.0477177
4.76573 0.047727
4.77198 0.0499441
4.77211 0.0500725
4.77583 0.0477421
4.78029 0.0481618
4.78432 0.0481652
4.78861 0.0484224
4.79204 0.0478174
4.79608 0.0478208
4.80043 0.0481432
4.80447 0.0481416
4.8101 0.0497463
4.81421 0.0477986
4.81882 0.0483768
4.82318 0.0486997
4.8233 0.0488281
4.82743 0.0489248
4.83038 0.0478413
4.83435 0.047778
4.84031 0.0497028
4.84358 0.0477604
4.84576 0.0438864
4.84775 0.0478917
4.85159 0.0477024
4.85582 0.0478999
4.86172 0.0497694
4.86576 0.0477584
4.8698 0.0477648
4.87381 0.0477395
4.87791 0.0478075
4.88246 0.0483216
4.88592 0.0477487
4.88996 0.0477521
4.89419 0.0479466
4.90059 0.0503203
4.90486 0.0485321
4.90841 0.0480555
4.91213 0.0477423
4.9162 0.0477758
4.92018 0.0477189
4.92428 0.047784
4.92831 0.0477874
4.93232 0.0477587
4.93703 0.0484376
4.94187 0.0472256
4.94575 0.0438734
4.94587 0.0480353
4.95164 0.0497724
4.95588 0.0479531
4.95966 0.0477056
4.96399 0.0479998
4.96802 0.0480017
4.96815 0.0481301
4.97206 0.0480041
4.97219 0.0481324
4.97581 0.0477215
4.98023 0.0481101
4.98443 0.048273
4.98994 0.0497514
4.99475 0.0485054
4.99885 0.048571
5.00211 0.0478071
5.00613 0.0477875
5.01016 0.0477894
5.01414 0.04773
5.01827 0.0478252
5.0225 0.0480222
5.02846 0.0499474
5.03237 0.0478086
5.03634 0.0477522
5.04205 0.0494247
5.05362 0.0477187
5.05766 0.0477205
5.06179 0.0478191
5.0658 0.0477938
5.06987 0.0478308
5.07382 0.0477423
5.08019 0.0500867
5.0841 0.0479479
5.08846 0.0482703
5.08859 0.0483987
5.09202 0.0477932
5.09599 0.0477328
5.10025 0.0479579
5.10415 0.0478264
5.10816 0.0478006
5.11214 0.0477442
5.11854 0.0501198
5.12306 0.0485849
5.12684 0.0483345
5.13037 0.0478273
5.13438 0.0477991
5.14027 0.0496616
5.14364 0.047816
5.14575 0.0438798
5.14774 0.0478851
5.14787 0.0480135
5.15168 0.0477931
5.15578 0.0478622
5.15966 0.047708
5.16373 0.0477449
5.16976 0.0497393
5.17383 0.0477595
5.17787 0.0477653
5.18255 0.0484077
5.18588 0.0477065
5.19001 0.0478032
5.19424 0.0479977
5.19894 0.0486628
5.20208 0.0477704
5.20844 0.0501035
5.21219 0.0478007
5.2162 0.0477725
5.2203 0.04784
5.22427 0.0477807
5.22844 0.0479125
5.22857 0.0480409
5.23228 0.0477243
5.23635 0.0477532
5.24192 0.0492973
5.24567 0.0437999
5.24593 0.0480902
5.24958 0.0477104
5.25362 0.0477167
5.25971 0.0497733
5.26381 0.0478251
5.26394 0.0479535
5.26798 0.0479593
5.27218 0.0481252
5.2759 0.0478075
5.28032 0.0481961
5.28448 0.0483279
5.28878 0.0485851
5.29198 0.0477584
5.29858 0.0503237
5.30211 0.0477998
5.30614 0.0477976
5.31021 0.0478306
5.31421 0.0478024
5.31434 0.0479308
5.31866 0.048221
5.32283 0.0483528
5.32625 0.0477399
5.33032 0.0477744
5.33637 0.0497964
5.33955 0.0469213
5.34358 0.0477631
5.3457 0.0438268
5.34958 0.049723
5.35362 0.0477125
5.35775 0.0478157
5.36176 0.0477904
5.36189 0.0479188
5.36574 0.047734
5.36984 0.0477986
5.37382 0.0477422
5.37792 0.0478142
5.38237 0.0482309
5.38871 0.0505395
5.39205 0.0478244
5.39609 0.0478278
5.40044 0.0481468
5.40444 0.048114
5.40832 0.0479604
5.40845 0.0480888
5.4122 0.0478067
5.41617 0.0477474
5.42018 0.0477221
5.42697 0.0504815
5.43037 0.0478291
5.43435 0.0477698
5.43954 0.0489306
5.44358 0.0477557
5.44575 0.0438816
5.44774 0.0478869
5.45171 0.0478261
5.45598 0.0480546
5.45976 0.0478032
5.46402 0.0480272
5.46806 0.0480331
5.472 0.0479421
5.47213 0.0480705
5.47793 0.0498427
5.48248 0.04834
5.48594 0.0477671
5.49001 0.0478016
5.49424 0.0479961
5.49888 0.0486029
5.50202 0.0477106
5.50609 0.0477475
5.51016 0.0477805
5.51618 0.0497679
5.52022 0.047757
5.52425 0.0477604
5.52838 0.0478571
5.53229 0.0477351
5.53633 0.0477409
5.54191 0.049285
5.54572 0.0438498
5.54598 0.0481401
5.54964 0.0477642
5.554 0.0480901
5.55771 0.0477724
5.56172 0.0477471
5.56797 0.0499672
5.57201 0.0479568
5.57214 0.0480852
5.57586 0.0477715
5.58028 0.0481601
5.58445 0.0482919
5.58874 0.0485491
5.59204 0.0478157
5.59608 0.0478191
5.60046 0.0481726
5.6061 0.0497739
5.61017 0.0477941
5.61417 0.0477659
5.61879 0.048344
5.62295 0.0484758
5.62647 0.0479641
5.63032 0.0477764
5.63436 0.0477793
5.64028 0.0496729
5.64365 0.0478273
5.64576 0.0438911
5.64775 0.0478964
5.6517 0.0478084
5.65769 0.0497683
5.66173 0.0477573
5.66574 0.047732
5.66984 0.0478006
5.67382 0.0477442
5.67792 0.0478122
5.68247 0.0483263
5.68644 0.048264
5.69003 0.0478195
5.69618 0.049937
5.70082 0.048531
5.70454 0.0482144
5.70851 0.0481501
5.71219 0.0478018
5.71623 0.0478047
5.72021 0.0477483
5.72424 0.0477517
5.72841 0.0478835
5.7344 0.0498439
5.737 0.0463925
5.74194 0.0472946
5.74565 0.0437829
5.74777 0.0499334
5.75172 0.0478286
5.75582 0.0478977
5.75977 0.0478097
5.764 0.0480066
5.76412 0.048135
5.768 0.0479774
5.7721 0.0480459
5.77589 0.0477984
5.78018 0.0480586
5.78595 0.0497938
5.79028 0.0480683
5.79431 0.0480718
5.79876 0.048484
5.80203 0.04772
5.8061 0.0477575
5.81013 0.0477593
5.81424 0.0478284
5.81827 0.0478302
5.82426 0.0497866
5.82846 0.0479328
5.83227 0.0477134
5.8324 0.0478418
5.83644 0.0478476
5.84214 0.0495167
5.84573 0.0438598
5.84599 0.0481501
5.8497 0.0478324
5.85362 0.0477104
5.85765 0.0477122
5.86169 0.0477181
5.86579 0.0477861
5.86983 0.0477924
5.87586 0.0497868
5.88031 0.0481898
5.88435 0.0481932
5.88448 0.0483215
5.88864 0.0484504
5.89198 0.0477521
5.89608 0.0478182
5.90037 0.0480784
5.9005 0.0482068
5.90434 0.0480106
5.90446 0.048139
5.90834 0.0479774
5.91455 0.0501634
5.91856 0.0481214
5.9233 0.0488295
5.92648 0.0479677
5.93032 0.04778
5.93436 0.0477829
5.94029 0.0496765
5.94362 0.0477998
5.94574 0.0438635
5.94775 0.0479
5.9516 0.0477147
5.95583 0.0479122
5.95975 0.0477931
5.96584 0.0498497
5.96975 0.0477109
5.97389 0.047814
5.97786 0.0477536
5.98241 0.0482676
5.98254 0.048396
5.986 0.0478232
5.99003 0.0478226
5.99426 0.0480171
5.99893 0.048655
6.00454 0.0502321
6.00848 0.0481199
6.0122 0.0478067
6.0162 0.047778
6.02031 0.0478495
6.02422 0.0477275
6.02838 0.0478593
6.03232 0.0477643
6.03636 0.0477662
6.04194 0.0493103
6.05585 0.0499434
6.05598 0.0500718
6.05979 0.0478381
6.06396 0.0479728
6.06781 0.0477875
6.07181 0.0477578
6.07582 0.0477315
6.08024 0.0481155
6.08418 0.0480206
6.08856 0.0483741
6.09408 0.049855
6.09875 0.0484791
6.10203 0.047718
6.10215 0.0478464
6.10615 0.0478121
6.11013 0.0477513
6.11423 0.0478203
6.11856 0.048114
6.12272 0.0482458
6.12646 0.0479558
6.13233 0.0497844
6.13634 0.0477423
6.13954 0.0469156
6.14572 0.0438522
6.14598 0.0501593
6.1497 0.0478249
6.15406 0.0481507
6.15768 0.0477398
6.16178 0.0478078
6.16575 0.0477475
6.16976 0.0477187
6.17383 0.0477556
6.17787 0.0477615
6.18437 0.0502295
6.1845 0.0503579
6.18879 0.0485984
6.192 0.0477717
6.1961 0.0478378
6.20039 0.048098
6.20445 0.0481275
6.20833 0.0479699
6.21218 0.0477851
6.21615 0.0477213
6.22284 0.0503863
6.22749 0.0489798
6.22762 0.0491082
6.23044 0.0478963
6.23441 0.047837
6.24028 0.0496685
6.24364 0.0478229
6.24566 0.0437893
6.24791 0.0480514
6.25172 0.0478311
6.25585 0.0479312
6.2597 0.047746
6.26403 0.0480362
6.26797 0.0479447
6.2739 0.0498419
6.27788 0.0477687
6.28242 0.0482827
6.28601 0.0478383
6.29005 0.0478417
6.29428 0.0480362
6.29891 0.048639
6.30205 0.0477467
6.30612 0.0477796
6.31224 0.0498639
6.31621 0.0477833
6.32022 0.0477575
6.32425 0.0477609
6.32842 0.0478927
6.33229 0.0477356
6.33633 0.0477374
6.342 0.0493754
6.34578 0.043913
6.34591 0.0480749
6.3497 0.0478274
6.35406 0.0481533
6.35778 0.0478396
6.36397 0.049994
6.36797 0.047952
6.37217 0.0481178
6.37592 0.0478352
6.38057 0.048446
6.38448 0.0483211
6.38864 0.0484499
6.38877 0.0485783
6.39198 0.0477516
6.39608 0.0478177
6.40213 0.0498408
6.4061 0.0477597
6.41014 0.0477656
6.41443 0.0480257
6.4187 0.0482538
6.42299 0.048514
6.42644 0.0479361
6.43029 0.0477484
6.43439 0.0478135
6.43952 0.0489086
6.44362 0.0477993
6.44573 0.0438631
6.44775 0.0478995
6.45404 0.0501472
6.45766 0.0477195
6.46176 0.0477915
6.46574 0.0477351
6.46984 0.0477997
6.47382 0.0477433
6.47789 0.0477803
6.48243 0.0482943
6.48589 0.0477214
6.49198 0.0497761
6.49608 0.0478255
6.50069 0.0484012
6.50456 0.0482401
6.50841 0.0480553
6.51213 0.0477422
6.51623 0.0478068
6.52021 0.0477504
6.52425 0.0477538
6.5304 0.0498742
6.53437 0.0477981
6.53707 0.0464607
6.54354 0.0489001
6.54566 0.0437855
6.54777 0.0479192
6.5479 0.0480476
6.55162 0.0477339
6.55598 0.0480598
6.55976 0.0478083
6.56399 0.0480013
6.56796 0.0479369
6.57209 0.0480366
6.57222 0.048165
6.57584 0.047754
6.58238 0.0502566
6.58597 0.0477954
6.59036 0.0481494
6.59427 0.0480244
6.5989 0.0486272
6.60204 0.0477349
6.60611 0.0477683
6.61014 0.0477702
6.61447 0.0480575
6.62023 0.0497906
6.62427 0.0477773
6.62847 0.0479402
6.63231 0.047752
6.63635 0.0477578
6.64206 0.0494303
6.64568 0.0438045
6.64593 0.0480948
6.64606 0.0482232
6.64965 0.0477771
6.65401 0.048103
6.65772 0.0477853
6.6617 0.047725
6.6658 0.047797
6.67218 0.0501425
6.67587 0.047777
6.68032 0.0481967
6.68436 0.0482001
6.68865 0.0484573
6.69205 0.0478212
6.69602 0.0477589
6.70044 0.0481475
6.70437 0.0480486
6.7045 0.048177
6.71014 0.0497818
6.71456 0.0481536
6.71886 0.0484167
6.7227 0.048229
6.72747 0.0489637
6.73042 0.0478802
6.73433 0.0477547
6.74029 0.0496794
6.74074 0.0501273
6.74366 0.0478338
6.74567 0.0438003
6.74775 0.0478989
6.75163 0.0477448
6.75586 0.0479422
6.76177 0.0498117
6.76584 0.0478319
6.76981 0.047772
6.77385 0.0477778
6.77789 0.0477797
6.78243 0.0482937
6.78256 0.0484221
6.78589 0.0477208
6.78993 0.0477243
6.79429 0.0480472
6.80069 0.0504174
6.80457 0.0482435
6.80844 0.0480859
6.81216 0.0477727
6.81623 0.0478062
6.82021 0.0477498
6.82425 0.0477532
6.82841 0.047885
6.83232 0.047763
6.8371 0.048508
6.84152 0.0468799
6.84579 0.0439133
6.84591 0.0480752
6.85165 0.0497812
6.85582 0.0478957
6.85595 0.0480241
6.85979 0.0478388
6.86396 0.0479736
6.86816 0.0481349
6.87219 0.0481373
6.87591 0.0478196
6.88055 0.0484304
6.88446 0.0483054
6.89036 0.0501661
6.89471 0.0484722
6.89875 0.0484757
6.90215 0.04784
6.90612 0.0477837
6.91013 0.0477584
6.91443 0.0480186
6.91827 0.0478259
6.9225 0.0480233
6.92846 0.0499486
6.9323 0.0477436
6.93637 0.0477805
6.94208 0.049453
6.94573 0.0438623
6.94599 0.0481526
6.94971 0.0478349
6.95407 0.0481608
6.95768 0.0477459
6.96179 0.0478139
6.96579 0.0477886
6.96977 0.0477288
6.97381 0.0477346
6.98035 0.0502401
6.98451 0.0483552
6.98867 0.048484
6.9888 0.0486124
6.99204 0.0478168
6.99608 0.0478202
7.00037 0.0480804
7.00466 0.0483381
7.00832 0.0479587
7.01217 0.047774
7.01857 0.0501461
7.02286 0.0483885
7.02747 0.0489637
7.03029 0.0477518
7.03042 0.0478802
7.0344 0.0478209
7.04029 0.0496834
7.04366 0.0478378
7.05171 0.0478179
7.05581 0.0478869
7.05975 0.0477984
7.06395 0.0479643
7.06979 0.0497681
7.07393 0.0478534
7.0779 0.0477959
7.08197 0.0478299
7.08601 0.0478328
7.09004 0.0478357
7.09405 0.047807
7.09894 0.0486656
7.10211 0.0478072
7.10813 0.0497927
7.11217 0.0477817
7.11618 0.0477525
7.12021 0.0477538
7.12425 0.0477572
7.12854 0.0480174
7.13232 0.047763
7.13636 0.0477648
7.14219 0.0495628
7.14232 0.0496912
7.14572 0.0438436
7.14597 0.048134
7.14969 0.0478203
7.15405 0.0481461
7.15972 0.049786
7.16392 0.047931
7.16799 0.047968
7.17215 0.0480987
7.17587 0.0477851
7.18043 0.048302
7.18446 0.0483054
7.18875 0.0485627
7.19196 0.047736
7.19888 0.0506208
7.20215 0.04784
7.20612 0.0477757
7.21018 0.0478087
7.21435 0.04794
7.2187 0.0482613
7.22287 0.0483931
7.22639 0.0478774
7.23036 0.0478181
7.23639 0.0498091
7.23959 0.0469656
7.24366 0.0478385
7.24577 0.0439022
7.24972 0.0498645
7.25408 0.0481736
7.2577 0.0477626
7.2619 0.0479279
7.26578 0.0477703
7.26987 0.0478349
7.27385 0.0477785
7.27789 0.0477843
7.28244 0.0482984
7.28865 0.0504785
7.29199 0.0477634
7.29622 0.047958
7.30051 0.0482147
7.30467 0.048342
7.30479 0.0484704
7.30832 0.0479626
7.31217 0.0477779
7.31624 0.0478114
7.32024 0.0477861
7.32687 0.050382
7.327 0.0505104
7.3304 0.047858
7.33441 0.0478298
7.34062 0.0500119
7.34367 0.0478468
7.34578 0.0439105
7.34777 0.0479158
7.3479 0.0480442
7.35168 0.0477927
7.35601 0.0480835
7.35978 0.0478281
7.36392 0.0479277
7.36405 0.0480561
7.36795 0.0479296
7.37202 0.047967
7.37215 0.0480954
7.37786 0.0497663
7.3824 0.0482636
7.38602 0.0478502
7.39038 0.0481731
7.39429 0.0480482
7.39893 0.048651
7.40207 0.0477586
7.4061 0.0477605
7.41017 0.0477934
7.41622 0.049812
7.42023 0.0477695
7.42427 0.0477729
7.42843 0.0479007
7.43234 0.0477787
7.43635 0.0477534
7.44195 0.0493286
7.44208 0.049457
7.44577 0.0438934
7.44602 0.0481837
7.44615 0.0483121
7.44971 0.0478389
7.45407 0.0481647
7.45772 0.0477849
7.4617 0.0477285
7.46798 0.0499762
7.47218 0.0481213
7.47587 0.0477765
7.48042 0.0482935
7.48445 0.0482969
7.48874 0.0485542
7.49208 0.0478519
7.49618 0.047918
7.50034 0.0480498
7.50614 0.0498106
7.51014 0.0477685
7.51434 0.0479309
7.51882 0.0483807
7.52299 0.0485125
7.52638 0.0478724
7.52651 0.0480008
7.53036 0.0478131
7.53439 0.0478159
7.54028 0.0496745
7.54355 0.0477316
7.5458 0.0439238
7.54778 0.0479291
7.55173 0.0478411
7.55769 0.0497698
7.56176 0.047786
7.56189 0.0479144
7.56576 0.0477568
7.56983 0.0477942
7.57384 0.047765
7.57788 0.0477708
7.58242 0.0482848
7.58601 0.0478403
7.59037 0.0481633
7.5961 0.0498639
7.60084 0.0485513
7.60446 0.0481373
7.6085 0.0481392
7.61222 0.047826
7.61625 0.0478289
7.6202 0.0477409
7.62424 0.0477443
7.6284 0.0478761
7.63443 0.0498676
7.63709 0.0464784
7.64196 0.0473149
7.64567 0.0438031
7.64779 0.0499536
7.64792 0.050082
7.65164 0.0477516
7.65587 0.047949
7.656 0.0480774
7.65975 0.0477948
7.66414 0.0481513
7.66805 0.0480247
7.67211 0.0480582
7.67587 0.0477756
7.68029 0.0481642
7.68596 0.0498021
7.69032 0.0481083
7.69435 0.0481117
7.6988 0.048524
7.70207 0.04776
7.70611 0.0477663
7.71014 0.0477682
7.71444 0.0480283
7.71818 0.0477383
7.71831 0.0478667
7.72427 0.049792
7.72846 0.0479381
7.73231 0.0477499
7.73635 0.0477557
7.74209 0.0494593
7.74577 0.0438957
7.74602 0.048186
7.74971 0.0478373
7.75365 0.0477463
7.75772 0.0477793
7.76182 0.0478513
7.7658 0.0477949
7.76984 0.0478013
7.77587 0.0497957
7.78032 0.0481986
7.78439 0.0482331
7.78868 0.0484904
7.79205 0.0478231
7.79602 0.0477609
7.79615 0.0478893
7.80044 0.0481495
7.80434 0.0480195
7.80447 0.0481479
7.80822 0.0478578
7.81456 0.0501723
7.81886 0.0484147
7.82286 0.0483864
7.82651 0.0480031
7.83036 0.0478154
7.83439 0.0478183
7.84029 0.0496809
7.84363 0.0478042
7.84574 0.0438679
7.84776 0.0479043
7.85174 0.0478474
7.85584 0.0479165
7.85978 0.0478285
7.86584 0.049854
7.86979 0.0477463
7.87392 0.0478454
7.87796 0.0478513
7.88251 0.0483653
7.88597 0.0477924
7.89035 0.0481464
7.89426 0.0480215
7.89896 0.0486865
7.90457 0.0502577
7.90848 0.0481184
7.9122 0.0478053
7.91626 0.0478392
7.92021 0.0477473
7.92424 0.0477507
7.92844 0.0479136
7.93232 0.0477565
7.93635 0.0477583
7.94218 0.0495562
7.94567 0.043802
7.94593 0.0480924
7.94962 0.0477476
7.95587 0.0479479
7.956 0.0480763
7.95972 0.0477627
7.96392 0.0479285
7.96799 0.0479654
7.97221 0.0481584
7.97587 0.0477785
7.98029 0.0481671
7.98042 0.0482955
7.98446 0.0482989
7.98875 0.0485562
7.9948 0.0505758
7.99877 0.0484963
8.00204 0.0477323
8.00217 0.0478607
8.00618 0.0478374
8.01015 0.0477771
8.01425 0.0478462
8.01858 0.0481364
8.02255 0.0480771
8.02636 0.0478493
8.03235 0.0498062
8.03645 0.0478575
8.03953 0.0469018
8.05404 0.0481394
8.0578 0.0478568
8.0618 0.0478271
8.06193 0.0479555
8.06577 0.0477667
8.06987 0.0478353
8.07382 0.0477467
8.07796 0.0478488
8.08411 0.0499652
8.08852 0.0483331
8.08865 0.0484614
8.09202 0.0477937
8.09605 0.0477955
8.10022 0.0479273
8.10415 0.0478269
8.10816 0.0477971
8.11216 0.0477719
8.11623 0.0478048
8.12347 0.0510116
8.12751 0.0489982
8.12764 0.0491266
8.13046 0.0479147
8.13443 0.0478554
8.1403 0.0496869
8.14357 0.0477445
8.14581 0.0439366
8.14796 0.0481014
8.15173 0.047842
8.1559 0.0479733
8.15981 0.0478542
8.16401 0.04802
8.16799 0.0479637
8.17392 0.047844
8.17789 0.0477876
8.18244 0.0483017
8.18635 0.0481767
8.19039 0.0481801
8.1943 0.0480551
8.19896 0.0486891
8.2021 0.0477967
8.20614 0.0477985
8.21223 0.0498517
8.21623 0.0478067
8.22024 0.0477809
8.22428 0.0477843
8.22847 0.0479472
8.23235 0.0477901
8.23645 0.0478541
8.24196 0.0493326
8.24571 0.0438352
8.24596 0.0481255
8.24962 0.0477456
8.25366 0.047752
8.25972 0.0497775
8.26401 0.0480198
8.26798 0.0479595
8.27218 0.0481214
8.2759 0.0478077
8.28032 0.0481963
8.28045 0.0483246
8.28448 0.0483281
8.28878 0.0485853
8.29198 0.0477586
8.29608 0.0478247
8.30217 0.0498789
8.30614 0.0477978
8.31021 0.0478347
8.31431 0.0479038
8.3187 0.0482563
8.32274 0.0482597
8.32286 0.0483881
8.32641 0.0479035
8.33039 0.0478442
8.33442 0.0478471
8.33959 0.0489773
8.34362 0.0478023
8.34574 0.0438661
8.34968 0.0498284
8.35404 0.0481375
8.35773 0.0477927
8.3619 0.0479269
8.36587 0.0478665
8.36987 0.0478338
8.37384 0.0477655
8.37788 0.0477713
8.38243 0.0482854
8.38601 0.0478409
8.39197 0.0477504
8.3962 0.047945
8.4004 0.0481079
8.40469 0.0483636
8.40482 0.048492
8.40834 0.0479842
8.41219 0.0477995
8.41626 0.0478329
8.42027 0.0478077
8.4243 0.0478111
8.43049 0.0499625
8.43433 0.0477581
8.44062 0.0500063
8.44357 0.0477444
8.4458 0.0439326
8.44782 0.047969
8.44795 0.0480974
8.45164 0.0477487
8.45602 0.0481016
8.4598 0.0478422
8.46402 0.0480352
8.46809 0.0480721
8.47213 0.0480785
8.47794 0.0498467
8.48248 0.0483439
8.48601 0.0478338
8.49036 0.0481567
8.49427 0.0480317
8.49894 0.0486657
8.50208 0.0477733
8.50612 0.0477752
8.51018 0.0478081
8.51448 0.0480683
8.52025 0.0498054
8.52428 0.047792
8.52835 0.0478226
8.53232 0.0477627
8.53636 0.0477686
8.54203 0.0494065
8.54578 0.0439091
8.54604 0.0481994
8.54617 0.0483278
8.5497 0.0478235
8.55409 0.0481805
8.55771 0.0477695
8.56181 0.0478415
8.56797 0.0499648
8.5722 0.048145
8.57589 0.0478002
8.58044 0.0483172
8.58435 0.0481922
8.58864 0.0484494
8.59207 0.0478444
8.59604 0.0477822
8.59617 0.0479106
8.60033 0.0480424
8.60437 0.0480447
8.6045 0.0481731
8.61017 0.0477922
8.61433 0.0479235
8.61885 0.0484043
8.62301 0.0485361
8.6264 0.047896
8.62653 0.0480244
8.63038 0.0478367
8.63432 0.0477423
8.64031 0.0496982
8.64367 0.0478526
8.64579 0.0439163
8.64778 0.0479217
8.65175 0.0478648
8.65772 0.0497935
8.66182 0.0478448
8.66579 0.0477844
8.66986 0.0478179
8.67383 0.0477575
8.67787 0.0477634
8.68242 0.0482774
8.68601 0.0478329
8.69036 0.0481558
8.69613 0.0498876
8.70087 0.0485749
8.70445 0.0481299
8.70849 0.0481318
8.71221 0.0478186
8.71628 0.0478526
8.72022 0.0477646
8.72426 0.047768
8.72843 0.0478998
8.73234 0.0477777
8.73712 0.0485228
8.74221 0.0475647
8.7457 0.0438273
8.74782 0.0499778
8.74794 0.0501062
8.75166 0.0477757
8.7559 0.0479732
8.75602 0.0481016
8.75971 0.0477568
8.76416 0.0481715
8.76804 0.0480138
8.76816 0.0481422
8.77207 0.0480162
8.7722 0.0481446
8.77586 0.0477687
8.78047 0.0483484
8.78598 0.0498268
8.79021 0.0480046
8.79437 0.0481324
8.79873 0.0484553
8.80213 0.0478197
8.80614 0.0477945
8.81014 0.0477652
8.81424 0.0478343
8.81828 0.0478361
8.82283 0.0483531
8.82847 0.0479426
8.83234 0.0477855
8.83638 0.0477913
8.84247 0.049846
8.84574 0.0438701
8.846 0.0481605
8.84969 0.0478157
8.85405 0.0481415
8.85773 0.0477888
8.8618 0.0478257
8.86578 0.0477693
8.86988 0.0478379
8.87587 0.0498012
8.88062 0.0484925
8.8844 0.0482391
8.88869 0.0484964
8.89205 0.0478292
8.89602 0.0477669
8.89615 0.0478953
8.90045 0.0481555
8.90435 0.0480255
8.90822 0.0478639
8.9146 0.0502094
8.91886 0.0484207
8.92287 0.0483925
8.92652 0.0480092
8.93039 0.0478526
8.93443 0.0478554
8.9403 0.0496869
8.94357 0.0477445
8.94581 0.0439367
8.94789 0.0480353
8.95174 0.04785
8.95584 0.0479191
8.95982 0.0478622
8.96575 0.0497593
8.96982 0.047776
8.97392 0.047844
8.97796 0.0478499
8.9825 0.0483639
8.98596 0.047791
8.99038 0.0481762
8.99429 0.0480512
8.99886 0.0485878
9.00447 0.0501652
9.00848 0.0481192
9.01223 0.0478371
9.0163 0.0478706
9.02024 0.0477786
9.02434 0.0478477
9.02851 0.0479795
9.03235 0.0477913
9.03642 0.0478242
9.04199 0.0493649
9.05587 0.0499674
9.056 0.0500958
9.05975 0.0477959
9.06395 0.0479618
9.06805 0.0480258
9.07183 0.0477704
9.07586 0.0477712
9.08031 0.0481903
9.08416 0.0480021
9.08864 0.0484529
9.0941 0.0498715
9.09874 0.0484685
9.10211 0.0478008
9.10617 0.0478327
9.11018 0.0478029
9.1146 0.0481915
9.11857 0.0481311
9.12274 0.0482629
9.12635 0.0478445
9.13033 0.0477852
9.13645 0.0478567
9.13959 0.0469672
9.14574 0.0438728
9.146 0.0501799
9.14972 0.0478494
9.15408 0.0481753
9.15777 0.0478305
9.16193 0.0479607
9.16578 0.047772
9.16984 0.0478054
9.17388 0.0478113
9.17786 0.0477549
9.18452 0.050383
9.18881 0.0486234
9.19202 0.0477967
9.19612 0.0478629
9.20035 0.0480569
9.2047 0.0483748
9.20823 0.047867
9.21217 0.0477756
9.2162 0.047774
9.22312 0.0506647
9.22751 0.0490014
9.22764 0.0491298
9.23046 0.0479179
9.23443 0.0478586
9.24033 0.0497212
9.24367 0.0478445
9.24584 0.0439704
9.24786 0.0480068
9.24799 0.0481352
9.2517 0.0478136
9.25587 0.0479449
9.256 0.0480733
9.25981 0.0478569
9.26401 0.0480227
9.26799 0.0479663
9.27395 0.0498946
9.27786 0.0477552
9.28254 0.0483976
9.286 0.0478248
9.29035 0.0481477
9.29426 0.0480227
9.29887 0.0485944
9.30214 0.0478305
9.30617 0.0478323
9.31223 0.0498544
9.31623 0.0478094
9.32027 0.0478147
9.32431 0.0478181
9.32851 0.047981
9.33235 0.0477888
9.33639 0.0477946
9.34235 0.0497204
9.34574 0.0438729
9.346 0.0481632
9.34962 0.0477523
9.35366 0.0477586
9.3578 0.0478617
9.36392 0.04995
9.36799 0.0479701
9.37219 0.048132
9.37232 0.0482604
9.37591 0.0478183
9.38065 0.0485264
9.38443 0.048273
9.38856 0.0483703
9.39202 0.0478003
9.39612 0.0478664
9.40218 0.0498895
9.40615 0.0478124
9.41019 0.0478182
9.4142 0.04779
9.41433 0.0479184
9.41884 0.0483993
9.42301 0.0485311
9.4264 0.047891
9.43041 0.0478628
9.43434 0.0477684
9.43961 0.0489959
9.44364 0.0478209
9.44576 0.0438846
9.44778 0.0479211
9.45406 0.0501728
9.45775 0.0478112
9.46188 0.0479104
9.46576 0.0477527
9.46589 0.0478811
9.46986 0.0478173
9.47383 0.047757
9.47787 0.0477628
9.48242 0.0482768
9.48633 0.0481518
9.49209 0.049887
9.49607 0.047808
9.50071 0.0484188
9.50445 0.0481293
9.50836 0.0480068
9.51215 0.0477558
9.51631 0.0478826
9.52028 0.0478223
9.52432 0.0478257
9.53041 0.0498799
9.53053 0.0500082
9.53438 0.0478038
9.53714 0.0465286
9.54368 0.0490342
9.54582 0.0439506
9.54787 0.0480182
9.55166 0.0477667
9.55605 0.0481237
9.55976 0.047806
9.56402 0.0480261
9.56802 0.0480008
9.57213 0.0480694
9.57585 0.0477557
9.58251 0.0503867
9.58635 0.0481793
9.58648 0.0483077
9.59026 0.0480543
9.5943 0.0480577
9.59897 0.0486917
9.60211 0.0477993
9.60611 0.04777
9.61018 0.047803
9.61447 0.0480632
9.62027 0.0498314
9.6204 0.0499598
9.62431 0.047818
9.62848 0.0479498
9.63235 0.0477927
9.63639 0.0477985
9.64213 0.0495021
9.64584 0.0439696
9.6461 0.0482599
9.64623 0.0483883
9.64962 0.0477517
9.65369 0.0477891
9.6577 0.0477639
9.66181 0.0478359
9.66582 0.0478106
9.67223 0.0501872
9.67592 0.0478257
9.68034 0.0482143
9.68437 0.0482177
9.68867 0.0484749
9.69206 0.0478388
9.69603 0.0477765
9.70033 0.0480367
9.70046 0.0481651
9.70439 0.0480662
9.71019 0.0498305
9.71461 0.0482023
9.71887 0.0484303
9.72285 0.048371
9.72653 0.0480188
9.7304 0.0478622
9.73434 0.0477678
9.74068 0.0500743
9.74081 0.0502027
9.74363 0.0478124
9.74578 0.0439072
9.7478 0.0479437
9.75171 0.0478246
9.75594 0.048022
9.76187 0.0499186
9.76585 0.0478415
9.76985 0.0478128
9.77383 0.0477524
9.77786 0.0477582
9.78254 0.0484007
9.786 0.0478278
9.79036 0.0481507
9.79427 0.0480257
9.80077 0.0504933
9.8009 0.0506217
9.80445 0.0481288
9.80849 0.0481306
9.81217 0.0477824
9.8163 0.0478786
9.82021 0.0477555
9.82428 0.04779
9.82835 0.0478245
9.83236 0.0477958
9.83713 0.0485409
9.84156 0.0469127
9.84582 0.0439461
9.84595 0.048108
9.85169 0.049814
9.85592 0.0479947
9.85605 0.0481231
9.85973 0.0477783
9.864 0.0480064
9.86816 0.0481366
9.8722 0.048139
9.87232 0.0482674
9.87585 0.0477631
9.8804 0.0482801
9.88444 0.0482835
9.89027 0.0500814
9.89437 0.0481303
9.89482 0.0485782
9.89879 0.0485154
9.90206 0.0477514
9.90219 0.0478798
9.90616 0.0478194
9.91013 0.0477591
9.91424 0.0478281
9.9183 0.0478611
9.92263 0.0481524
9.92276 0.0482808
9.92846 0.0499533
9.93237 0.0478105
9.93641 0.0478163
9.94215 0.0495199
9.9458 0.0439252
9.94605 0.0482155
9.94971 0.0478356
9.95407 0.0481615
9.95771 0.0477737
9.96178 0.0478106
9.96191 0.047939
9.96576 0.0477542
9.9698 0.0477606
9.97391 0.0478326
9.98035 0.0502408
9.98442 0.0482586
9.98454 0.048387
9.98883 0.0486442
9.99204 0.0478135
9.99601 0.0477513

