% time_sec delay_sec
1.14029 0.0401751
1.14029 0.0401751
1.24027 0.0401476
1.34029 0.0401655
1.4388 0.342696
1.44031 0.0401921
1.54027 0.0401503
1.64029 0.0401681
1.74029 0.0401681
1.74082 0.342039
1.84027 0.0401485
1.94017 0.239377
1.94167 0.0415315
1.94359 0.0454654
1.94772 0.0455682
2.03952 0.13333
2.04168 0.041545
2.04359 0.0454637
2.04759 0.0454338
2.05163 0.0454424
2.0558 0.045577
2.05972 0.0454606
2.06377 0.0454816
2.06779 0.0454671
2.07184 0.0454797
2.0779 0.0454941
2.08193 0.0454885
2.08593 0.0454563
2.09003 0.0455249
2.094 0.0454611
2.09864 0.0460624
2.10204 0.0454297
2.10616 0.0455198
2.1102 0.0455252
2.11623 0.0475161
2.12023 0.0454735
2.12434 0.0455426
2.1285 0.0456704
2.13234 0.0454822
2.13763 0.0467369
2.14166 0.0415209
2.14211 0.0460024
2.14589 0.0457519
2.14961 0.0454382
2.15406 0.0458534
2.15771 0.0454736
2.16374 0.047468
2.16798 0.0456516
2.17204 0.0456851
2.17595 0.045562
2.1806 0.0461728
2.18438 0.0459194
2.18867 0.0461762
2.192 0.0454739
2.19626 0.0456995
2.19639 0.0458279
2.2007 0.0461117
2.20618 0.0475575
2.21019 0.0455115
2.21419 0.0454833
2.21829 0.0455513
2.21842 0.0456797
2.22256 0.0457799
2.22269 0.0459083
2.22644 0.0456262
2.23041 0.0455669
2.23054 0.0456953
2.23441 0.0455347
2.24021 0.0472955
2.24174 0.0416045
2.2436 0.045481
2.24783 0.0456745
2.24796 0.0458029
2.25405 0.04786
2.25777 0.0455295
2.26178 0.0455043
2.26582 0.0455135
2.26986 0.0455199
2.2739 0.0455217
2.27787 0.0454654
2.28249 0.0460451
2.28691 0.0464307
2.29005 0.0455383
2.29614 0.0455763
2.30049 0.0458992
2.30466 0.0460339
2.30834 0.0456817
2.31222 0.045528
2.31626 0.0455344
2.32026 0.0455046
2.32427 0.0454764
2.3244 0.0456048
2.32862 0.0457908
2.33432 0.0474633
2.3376 0.044685
2.34166 0.0415244
2.34359 0.0474837
2.34772 0.0455671
2.35164 0.045448
2.35577 0.0455482
2.3559 0.0456766
2.35981 0.0455575
2.36379 0.0454971
2.36782 0.045499
2.37205 0.045688
2.37593 0.0455338
2.38243 0.0480048
2.38608 0.0456063
2.38999 0.0454813
2.39428 0.0457415
2.39858 0.0460017
2.4021 0.0454944
2.40607 0.0454301
2.4062 0.0455585
2.41021 0.0455292
2.41424 0.0455321
2.41866 0.0459192
2.42433 0.0475566
2.42863 0.0458
2.43234 0.0454834
2.43764 0.046742
2.44174 0.0415962
2.44186 0.0457581
2.44584 0.0456983
2.44962 0.0454468
2.45398 0.0457687
2.4577 0.045455
2.46183 0.0455542
2.4658 0.0454893
2.47202 0.0476754
2.47593 0.0455395
2.48058 0.0461503
2.48448 0.0460253
2.48871 0.0462198
2.48884 0.0463482
2.49205 0.0455215
2.49615 0.0455876
2.49628 0.045716
2.50088 0.0462878
2.50479 0.0461617
2.5085 0.0458446
2.51414 0.0454296
2.51834 0.045595
2.52263 0.0458546
2.52635 0.0455415
2.5268 0.0459894
2.53033 0.0454822
2.53442 0.0455473
2.54054 0.047632
2.54176 0.0416216
2.54369 0.0455642
2.54779 0.0456333
2.55167 0.0454791
2.5559 0.0456766
2.55603 0.045805
2.56174 0.0474798
2.56584 0.0455351
2.56979 0.0454441
2.57389 0.0455162
2.57825 0.0458415
2.58241 0.0459733
2.58651 0.0460394
2.58998 0.0454665
2.59427 0.0457267
2.60045 0.0478748
2.60461 0.0459848
2.60836 0.0457027
2.61214 0.0454518
2.61618 0.0454581
2.62022 0.0454634
2.62426 0.0454668
2.62855 0.045723
2.6324 0.0455348
2.63752 0.046626
2.64165 0.0415113
2.64223 0.0461212
2.64236 0.0462495
2.64601 0.0458707
2.65166 0.0474834
2.65579 0.0455668
2.65592 0.0456952
2.6597 0.0454477
2.66381 0.0455197
2.66781 0.0454905
2.67192 0.045559
2.67586 0.045467
2.68069 0.0462684
2.6846 0.0461435
2.68999 0.0474935
2.69466 0.0461191
2.69479 0.0462475
2.69911 0.0465388
2.70213 0.0455181
2.7061 0.0454582
2.71014 0.045464
2.71424 0.0455331
2.71892 0.0461735
2.72353 0.0467492
2.72696 0.0461447
2.73231 0.0454463
2.73503 0.0441371
2.7417 0.0415592
2.74215 0.047219
2.74583 0.0456929
2.74962 0.0454454
2.75398 0.0457712
2.7577 0.0454576
2.76176 0.0454905
2.76574 0.0454296
2.7699 0.0455604
2.77387 0.0455001
2.78054 0.0481305
2.78445 0.0459888
2.78848 0.0459922
2.79198 0.0454534
2.79621 0.0456479
2.80088 0.0462858
2.80469 0.0460665
2.80851 0.0458466
2.81216 0.0454673
2.81818 0.0474503
2.81831 0.0475787
2.82254 0.0457594
2.82266 0.0458878
2.82642 0.0456057
2.83039 0.0455464
2.83436 0.0454871
2.83953 0.0466168
2.8417 0.0415649
2.84356 0.0454413
2.84779 0.0456348
2.85164 0.0454495
2.85587 0.045643
2.85981 0.045555
2.86379 0.0454986
2.86979 0.0474619
2.87389 0.0455171
2.87828 0.0458736
2.88245 0.0460054
2.8861 0.0456236
2.89001 0.0454986
2.89487 0.0463317
2.895 0.04646
2.89891 0.0463351
2.90205 0.0454427
2.90218 0.0455711
2.90835 0.0477096
2.91214 0.0454419
2.91617 0.0454442
2.92024 0.0454812
2.92434 0.0455502
2.92841 0.0455808
2.92854 0.0457092
2.93232 0.0454587
2.93757 0.0466783
2.94173 0.0415908
2.94244 0.046329
2.94583 0.0456934
2.94965 0.045473
2.95401 0.0457989
2.95971 0.0474738
2.96385 0.0455601
2.96796 0.0456321
2.96808 0.0457605
2.97212 0.0457668
2.97591 0.0455154
2.98071 0.0462817
2.98462 0.0461567
2.98903 0.0465424
2.99198 0.0454588
2.99864 0.0480824
3.00204 0.04543
3.00612 0.045473
3.01019 0.04551
3.01416 0.0454506
3.01842 0.0456782
3.02265 0.0458751
3.02755 0.0467422
3.028 0.0471901
3.0305 0.0456587
3.03441 0.0455332
3.04021 0.0452812
3.04175 0.041607
3.04367 0.0455496
3.04964 0.0474813
3.054 0.0457904
3.05778 0.0455429
3.06173 0.0454549
3.06586 0.0455575
3.06984 0.0454971
3.07384 0.0454668
3.07791 0.0455027
3.08195 0.0455051
3.08797 0.0474931
3.09204 0.0455132
3.09605 0.045488
3.10024 0.0456504
3.10409 0.0454645
3.10816 0.0455049
3.1122 0.0455028
3.11636 0.0456375
3.1203 0.0455416
3.12635 0.0475612
3.13033 0.0454851
3.13443 0.0455542
3.1402 0.0472918
3.14174 0.0416009
3.1437 0.0455746
3.1478 0.0456437
3.15203 0.0458441
3.15588 0.0456559
3.15983 0.0455679
3.16383 0.0455391
3.16793 0.0456072
3.17206 0.0457068
3.17793 0.0475412
3.18245 0.0460069
3.18655 0.046073
3.19001 0.0455001
3.19427 0.0457252
3.19856 0.0459854
3.20209 0.0454782
3.20615 0.0455032
3.21025 0.0455752
3.21618 0.0474699
3.22025 0.0454935
3.22436 0.0455626
3.22865 0.0458228
3.23234 0.0454751
3.23753 0.0466364
3.2417 0.0415563
3.24214 0.0460377
3.24586 0.0457211
3.24964 0.0454696
3.2541 0.0458888
3.25775 0.0455089
3.26185 0.045577
3.26798 0.0476687
3.27214 0.0457827
3.27596 0.0455663
3.28057 0.046146
3.2807 0.0462744
3.28461 0.0461494
3.28884 0.0463439
3.29204 0.0455172
3.29627 0.0457117
3.30097 0.0463807
3.30613 0.0475041
3.31019 0.0455163
3.31417 0.045457
3.31865 0.0459067
3.32266 0.0458785
3.32682 0.0460132
3.33035 0.045506
3.33442 0.04554
3.33955 0.0466346
3.34172 0.0415827
3.34358 0.0454592
3.34784 0.0456877
3.35208 0.0458881
3.35782 0.0475946
3.36173 0.0454553
3.36583 0.0455273
3.36987 0.0455337
3.37391 0.0455355
3.37792 0.0455102
3.3824 0.0459615
3.38695 0.0464756
3.38996 0.0454548
3.39605 0.0475095
3.40047 0.0458813
3.40454 0.0459148
3.40832 0.0456599
3.41226 0.0455644
3.4163 0.0455708
3.42024 0.0454788
3.42434 0.0455479
3.42876 0.0459285
3.43433 0.0474726
3.43757 0.0446592
3.44167 0.0415302
3.44237 0.0462684
3.44776 0.0476214
3.45168 0.0454855
3.45581 0.0455857
3.45594 0.045714
3.45972 0.0454665
3.46379 0.0455035
3.4678 0.0454782
3.47206 0.0457023
3.47594 0.0455481
3.48068 0.0462562
3.48594 0.0474778
3.48997 0.0454645
3.49427 0.0457246
3.49901 0.0464327
3.50215 0.0455404
3.50622 0.0455773
3.51058 0.0459026
3.51426 0.0455549
3.51894 0.0461952
3.51907 0.0463236
3.52432 0.0475448
3.52881 0.0459793
3.52893 0.0461077
3.53233 0.0454721
3.53759 0.0466996
3.54169 0.0415538
3.54214 0.0460353
3.54586 0.0457186
3.54964 0.0454672
3.55409 0.0458863
3.55781 0.0455727
3.56179 0.0455123
3.56579 0.0454865
3.5699 0.0455551
3.57586 0.0474833
3.5806 0.0461746
3.58451 0.0460496
3.5888 0.0463069
3.58893 0.0464353
3.59204 0.0455112
3.59626 0.0457058
3.60059 0.0459931
3.60071 0.0461215
3.60497 0.0463461
3.6085 0.0458383
3.61427 0.0475725
3.6183 0.0455576
3.62266 0.0458834
3.62644 0.0456325
3.63042 0.0455732
3.63442 0.045545
3.64019 0.0472826
3.64173 0.0415917
3.64359 0.0454681
3.64782 0.0456656
3.65206 0.045866
3.6559 0.0456777
3.65982 0.0455586
3.66584 0.047553
3.66991 0.0455737
3.67389 0.0455173
3.6779 0.045492
3.68242 0.0459744
3.68696 0.0464885
3.68998 0.0454677
3.69471 0.0461718
3.69856 0.0459841
3.69869 0.0461125
3.70439 0.047777
3.70839 0.045731
3.71214 0.045449
3.71618 0.0454553
3.72025 0.0454917
3.72426 0.0454635
3.72439 0.0455919
3.72842 0.0455913
3.72855 0.0457197
3.73236 0.0455004
3.73758 0.0466849
3.74171 0.0415702
3.74229 0.04618
3.74241 0.0463084
3.74594 0.0458012
3.74966 0.0454875
3.75581 0.0476074
3.75973 0.0454715
3.76383 0.0455435
3.76794 0.0456155
3.77204 0.0456841
3.77586 0.0454637
3.78069 0.0462651
3.7846 0.0461401
3.78883 0.0463346
3.79466 0.0481326
3.79898 0.0464031
3.80212 0.0455107
3.80612 0.045482
3.8102 0.0455189
3.81426 0.0455529
3.81843 0.0456832
3.81856 0.0458116
3.82278 0.0460051
3.82291 0.0461334
3.82695 0.0461398
3.8274 0.0465877
3.8324 0.0475555
3.83509 0.0441984
3.84061 0.0456798
3.8417 0.0415577
3.84587 0.0477428
3.84968 0.0455096
3.85404 0.0458355
3.85776 0.0455218
3.86173 0.0454575
3.86577 0.0454628
3.8699 0.0455624
3.87388 0.0455021
3.8783 0.0458936
3.88445 0.048011
3.88804 0.0455498
3.89198 0.0454588
3.89621 0.0456534
3.90063 0.0460345
3.90486 0.046232
3.90499 0.0463604
3.90844 0.0457825
3.90857 0.0459109
3.91219 0.0455004
3.9163 0.0455695
3.92301 0.0482508
3.92644 0.045629
3.93041 0.0455697
3.93442 0.0455414
3.94058 0.0476648
3.94179 0.0416543
3.94359 0.0454646
3.94781 0.0456581
3.95205 0.0458585
3.95573 0.0455107
3.95586 0.0456391
3.95981 0.0455511
3.96378 0.0454908
3.96795 0.045625
3.97391 0.0475572
3.97792 0.0455151
3.98241 0.0459664
3.98651 0.0460326
3.98997 0.0454597
3.99426 0.0457199
3.99471 0.0461678
3.99856 0.0459801
4.00214 0.0455351
4.00615 0.0455035
4.00627 0.0456319
4.01217 0.0474945
4.0163 0.0455734
4.02025 0.0454854
4.02429 0.0454917
4.02851 0.0456817
4.03242 0.0455597
4.03755 0.0466548
4.04171 0.0415713
4.04229 0.0461811
4.04562 0.0454828
4.04966 0.0454876
4.05399 0.0457783
4.05777 0.0455269
4.06395 0.0476808
4.0678 0.0454787
4.07188 0.0455191
4.07586 0.0454656
4.08034 0.0459159
4.08425 0.0457939
4.08867 0.0461824
4.09201 0.0454836
4.09608 0.0455166
4.10209 0.0475001
4.10616 0.0455192
4.1102 0.0455245
4.11418 0.0454652
4.1184 0.0456611
4.12273 0.0459519
4.1269 0.0460866
4.13055 0.0457078
4.13439 0.0455161
4.13452 0.0456445
4.14054 0.0476315
4.14176 0.041621
4.14365 0.0455286
4.14788 0.0457221
4.15407 0.0478765
4.15779 0.045546
4.16176 0.0454896
4.16581 0.0454989
4.16988 0.0455364
4.17385 0.045476
4.17795 0.045544
4.18247 0.0460265
4.18702 0.0465405
4.19201 0.0475048
4.19611 0.0455542
4.20063 0.0460366
4.20454 0.0459146
4.20839 0.0457258
4.21226 0.0455682
4.2163 0.0455745
4.22037 0.0456109
4.22435 0.0455516
4.23033 0.0475045
4.23443 0.0455569
4.23758 0.0446669
4.24181 0.0416663
4.2436 0.0474973
4.24777 0.0456118
4.2479 0.0457402
4.25168 0.0454927
4.25582 0.0455929
4.25594 0.0457212
4.25973 0.0454737
4.26383 0.0455423
4.26793 0.0456103
4.27209 0.0457371
4.27594 0.0455518
4.28248 0.0480539
4.28645 0.0459749
4.29004 0.0455304
4.29484 0.0463012
4.29856 0.0459851
4.30212 0.045509
4.30612 0.0454758
4.31026 0.0455789
4.31439 0.0456791
4.32025 0.047506
4.32435 0.0455583
4.32865 0.0458185
4.33243 0.0455681
4.33756 0.0466632
4.34179 0.0416459
4.34191 0.0458078
4.34599 0.0458452
4.34977 0.0455938
4.35406 0.0458534
4.35771 0.0454736
4.36185 0.0455727
4.36582 0.0455118
4.37217 0.0478263
4.37595 0.045562
4.3806 0.0461728
4.38463 0.0461762
4.38873 0.0462423
4.39207 0.045544
4.39617 0.0456102
4.40084 0.0462441
4.40497 0.0463403
4.41019 0.0475327
4.41429 0.0455811
4.41865 0.0459064
4.42266 0.0458782
4.42638 0.045565
4.43035 0.0455057
4.43445 0.0455708
4.44057 0.0476556
4.44178 0.0416452
4.44361 0.0454905
4.44784 0.045688
4.44797 0.0458163
4.45208 0.0458884
4.45592 0.0457001
4.46176 0.0475034
4.46587 0.0455581
4.46991 0.0455645
4.47391 0.0455392
4.47795 0.045545
4.48244 0.0459963
4.48654 0.0460625
4.49 0.0454896
4.49429 0.0457498
4.49474 0.0461977
4.50051 0.0479294
4.50454 0.0459111
4.50838 0.0457223
4.51216 0.0454714
4.51627 0.0455399
4.52024 0.045483
4.52435 0.0455521
4.52857 0.0457421
4.53241 0.0455539
4.53254 0.0456823
4.53755 0.046653
4.54171 0.0415695
4.54241 0.0463077
4.54607 0.0459288
4.5521 0.0479232
4.55597 0.0457494
4.55976 0.0455019
4.56393 0.0456366
4.56781 0.0454829
4.57203 0.0456759
4.57216 0.0458043
4.57595 0.0455568
4.58078 0.0463582
4.58456 0.0461048
4.58469 0.0462332
4.58998 0.0474859
4.59433 0.0457921
4.59898 0.0464029
4.59911 0.0465313
4.60212 0.0455105
4.60612 0.0454818
4.61016 0.0454876
4.61427 0.0455567
4.61894 0.046197
4.62355 0.0467767
4.62368 0.0469051
4.62881 0.0479984
4.63243 0.0455677
4.63506 0.0441612
4.64172 0.0415833
4.64217 0.0472431
4.64599 0.0458454
4.64974 0.0455628
4.65397 0.0457602
4.65772 0.0454777
4.66182 0.0455457
4.66579 0.0454848
4.66992 0.0455805
4.67389 0.0455202
4.68056 0.0481506
4.68447 0.0460089
4.68806 0.0455644
4.6885 0.0460123
4.692 0.0454735
4.69623 0.045668
4.70093 0.046337
4.70462 0.0459893
4.70474 0.0461177
4.70849 0.0458317
4.71218 0.0454834
4.71262 0.0459313
4.71852 0.0477904
4.72281 0.0460338
4.72647 0.0456545
4.73031 0.0454668
4.73444 0.045567
4.73958 0.0466656
4.74175 0.0416137
4.74361 0.0454901
4.74781 0.0456525
4.74794 0.0457809
4.75172 0.0455334
4.75589 0.0456646
4.75983 0.0455766
4.76381 0.0455163
4.76993 0.047608
4.77391 0.0455348
4.77798 0.0455718
4.78246 0.0460231
4.78644 0.0459608
4.79003 0.0455163
4.79428 0.0457414
4.79473 0.0461893
4.79858 0.0460016
4.80217 0.0455566
4.80837 0.0477302
4.81228 0.0455909
4.81632 0.0455933
4.82023 0.0454707
4.82433 0.0455368
4.82891 0.0460814
4.83244 0.0455742
4.83759 0.0466965
4.84172 0.0415818
4.84243 0.0463201
4.84601 0.0458751
4.8497 0.0455263
4.85409 0.0458832
4.85974 0.0474959
4.8641 0.0458045
4.86807 0.0457481
4.87211 0.0457545
4.87593 0.0455381
4.88067 0.0462422
4.8808 0.0463706
4.88458 0.0461172
4.8847 0.0462456
4.8888 0.0463117
4.89201 0.045485
4.89867 0.0481125
4.9022 0.0455886
4.90614 0.0454976
4.91021 0.0455346
4.91419 0.0454752
4.91845 0.0457028
4.92274 0.0459624
4.9269 0.0460932
4.92735 0.0465411
4.93056 0.0457144
4.93514 0.0462619
4.93956 0.0446356
4.94174 0.0416005
4.94363 0.045508
4.94966 0.047499
4.95401 0.0458081
4.9578 0.0455606
4.96178 0.0455042
4.96579 0.0454789
4.96988 0.0455435
4.97386 0.0454831
4.97793 0.0455201
4.98244 0.0460025
4.98257 0.0461309
4.9884 0.0479259
4.99199 0.0454675
4.99622 0.0456621
5.00064 0.0460472
5.00456 0.0459309
5.00847 0.0458083
5.01222 0.0455223
5.01638 0.045657
5.02032 0.0455611
5.02045 0.0456894
5.02634 0.0475486
5.02647 0.0476769
5.03044 0.0456009
5.03442 0.0455415
5.04026 0.0473453
5.04179 0.0416544
5.04362 0.0454997
5.04776 0.0455989
5.0517 0.0455109
5.05593 0.0457044
5.05987 0.0456119
5.06384 0.045552
5.06792 0.0455924
5.07189 0.0455315
5.07795 0.0475595
5.08199 0.045549
5.086 0.0455208
5.09 0.0454926
5.09407 0.0455261
5.09881 0.0462331
5.10211 0.0454992
5.10617 0.0455272
5.11021 0.0455364
5.11627 0.0475585
5.12031 0.045547
5.12434 0.0455504
5.12864 0.0458106
5.13245 0.0455913
5.13758 0.0466864
5.14181 0.0416691
5.14194 0.045831
5.14601 0.0458684
5.14966 0.0454886
5.15405 0.0458455
5.15777 0.0455319
5.16187 0.0455999
5.16803 0.0477227
5.17216 0.0458056
5.17598 0.0455892
5.18062 0.0462
5.18466 0.0462034
5.18889 0.0463979
5.19206 0.0455361
5.19616 0.0456022
5.19629 0.0457306
5.20086 0.0462673
5.20099 0.0463957
5.20618 0.0475496
5.21024 0.0455618
5.21456 0.0458531
5.21828 0.045536
5.21841 0.0456644
5.2226 0.0458268
5.2269 0.0460899
5.23043 0.0455827
5.23446 0.0455856
5.24058 0.0476658
5.2418 0.0416554
5.24362 0.0455007
5.24788 0.0457253
5.2517 0.0455089
5.25785 0.0476283
5.26176 0.0454889
5.26587 0.0455609
5.26984 0.0455011
5.27398 0.0456042
5.27801 0.0456061
5.28237 0.045929
5.28692 0.046443
5.28705 0.0465714
5.29006 0.0455506
5.29608 0.0475397
5.3005 0.0459115
5.30454 0.0459139
5.30832 0.0456589
5.31226 0.0455635
5.31633 0.045601
5.32033 0.0455717
5.32437 0.0455751
5.32907 0.0462402
5.33438 0.0475235
5.33756 0.0446479
5.34172 0.0415845
5.34243 0.0463228
5.34775 0.0476095
5.35169 0.0455048
5.35596 0.0457333
5.35974 0.0454858
5.36381 0.0455233
5.36792 0.0455953
5.37215 0.0457883
5.37593 0.0455408
5.38067 0.0462488
5.3808 0.0463772
5.38596 0.0475016
5.39 0.0454882
5.39429 0.0457484
5.39903 0.0464525
5.40217 0.0455602
5.40656 0.0459126
5.41024 0.0455678
5.41457 0.0458591
5.4147 0.0459875
5.41899 0.0462506
5.42435 0.0475691
5.42851 0.0456841
5.42864 0.0458125
5.43242 0.045562
5.43768 0.0467856
5.44172 0.0415771
5.44216 0.0460585
5.44588 0.0457419
5.44966 0.0454904
5.45409 0.0458785
5.45774 0.0454986
5.46184 0.0455667
5.46584 0.0455374
5.46992 0.0455749
5.47594 0.0475693
5.48056 0.0461322
5.48447 0.0460072
5.48459 0.0461356
5.48869 0.0462017
5.48882 0.0463301
5.49206 0.0455345
5.49629 0.045729
5.5008 0.0462075
5.50468 0.0460503
5.50852 0.0458616
5.51422 0.0475296
5.51855 0.0458031
5.51867 0.0459315
5.52284 0.0460633
5.5264 0.0455866
5.53037 0.0455273
5.53447 0.0455964
5.54056 0.0476535
5.54178 0.0416431
5.54374 0.0456128
5.54784 0.0456819
5.54797 0.0458103
5.55207 0.0458823
5.55595 0.0457252
5.55983 0.045571
5.56592 0.0476311
5.56983 0.0454922
5.57394 0.0455643
5.57798 0.0455701
5.58246 0.0460214
5.58656 0.0460875
5.58701 0.0465354
5.59002 0.0455146
5.59473 0.0461876
5.59858 0.0459999
5.60444 0.0478279
5.60841 0.0457468
5.61222 0.045527
5.61622 0.0454983
5.62033 0.0455663
5.62436 0.0455697
5.62846 0.0456313
5.62859 0.0457597
5.63237 0.0455093
5.63756 0.0466667
5.64182 0.0416804
5.64208 0.0459707
5.64602 0.0458798
5.64971 0.045535
5.65586 0.0476548
5.65599 0.0477832
5.65974 0.0454839
5.66394 0.0456497
5.66407 0.0457781
5.66792 0.0455933
5.67202 0.0456619
5.67215 0.0457903
5.67593 0.0455428
5.68067 0.0462469
5.68471 0.0462503
5.689 0.0465076
5.6947 0.0481771
5.69903 0.0464516
5.70217 0.0455592
5.70621 0.0455651
5.71018 0.0455007
5.71456 0.0458542
5.71879 0.0460512
5.72309 0.0463114
5.727 0.0461893
5.73235 0.0475077
5.73508 0.0441818
5.74059 0.0456632
5.74181 0.0416695
5.74591 0.0477883
5.74973 0.0455552
5.75409 0.045881
5.75778 0.0455362
5.76188 0.0456083
5.76579 0.0454857
5.76986 0.0455192
5.7739 0.045525
5.77801 0.045597
5.78448 0.0480339
5.78838 0.0458922
5.79201 0.0454817
5.79611 0.0455479
5.80055 0.0459601
5.80494 0.0463171
5.80847 0.0458094
5.81219 0.0454922
5.81263 0.0459401
5.81635 0.045627
5.82269 0.047934
5.82647 0.0456623
5.83045 0.0456029
5.83445 0.0455747
5.84067 0.0477568
5.84176 0.041618
5.84362 0.0454944
5.84784 0.0456879
5.84797 0.0458163
5.85169 0.0455026
5.85592 0.0456961
5.85977 0.0455108
5.86387 0.0455794
5.86784 0.045519
5.86797 0.0456474
5.87397 0.0476107
5.87801 0.0455997
5.88249 0.0460511
5.88646 0.0459888
5.89005 0.0455443
5.89499 0.0464435
5.89857 0.045999
5.9021 0.0454918
5.90619 0.0455479
5.91218 0.0475078
5.91632 0.0455912
5.92036 0.0456005
5.92433 0.0455382
5.92846 0.0456349
5.93237 0.0455129
5.93756 0.0466702
5.94182 0.041684
5.94195 0.0458459
5.94599 0.0458522
5.94968 0.0455074
5.9541 0.0458955
5.95776 0.0455196
5.96398 0.0477051
5.96802 0.0456942
5.97222 0.04586
5.976 0.0456125
5.98061 0.0461883
5.98074 0.0463167
5.98465 0.0461917
5.98888 0.0463862
5.99208 0.0455555
5.99631 0.04575
6.0022 0.0476062
6.00617 0.0455309
6.01028 0.045599
6.01425 0.0455397
6.01832 0.0455766
6.02281 0.0460303
6.02685 0.0460366
6.0305 0.0456578
6.0345 0.0456256
6.04059 0.0476788
6.04181 0.0416684
6.04367 0.0455448
6.04771 0.0455506
6.05399 0.0477983
6.05784 0.0455963
6.06178 0.0455083
6.06589 0.0455803
6.06993 0.0455861
6.074 0.045622
6.07793 0.0455255
6.082 0.0455595
6.08604 0.0455624
6.09203 0.0475188
6.09613 0.0455701
6.10036 0.0457641
6.10424 0.0456094
6.10827 0.0456107
6.11231 0.0456126
6.11628 0.0455562
6.12035 0.0455931
6.12439 0.0455965
6.13034 0.0475144
6.13438 0.0455005
6.13762 0.0447078
6.14172 0.0415788
6.14374 0.047632
6.14787 0.0457115
6.148 0.0458399
6.15213 0.045943
6.15585 0.0456264
6.15983 0.0455695
6.16383 0.0455407
6.16793 0.0456088
6.17213 0.0457706
6.17595 0.0455542
6.18238 0.047959
6.18648 0.0460084
6.19039 0.0458834
6.19488 0.0463347
6.19859 0.0460186
6.20212 0.0455114
6.20615 0.0455053
6.21025 0.0455773
6.21448 0.0457748
6.22028 0.0475395
6.22439 0.0455918
6.22896 0.0461365
6.23236 0.0455009
6.23759 0.0466933
6.24182 0.0416759
6.24194 0.0458378
6.24592 0.045778
6.2498 0.0456238
6.25409 0.0458835
6.25778 0.0455387
6.26188 0.0456067
6.26585 0.0455464
6.2722 0.0478568
6.27602 0.0456237
6.28063 0.0462034
6.28454 0.0460784
6.28876 0.0462729
6.2921 0.0455746
6.2962 0.0456407
6.30084 0.0462436
6.30468 0.0460514
6.31019 0.0475277
6.31432 0.0456111
6.31839 0.0456441
6.32284 0.0460638
6.32297 0.0461922
6.32643 0.0456222
6.33041 0.0455629
6.33447 0.0455969
6.34066 0.0477439
6.34174 0.041605
6.34367 0.0455477
6.3479 0.0457451
6.35169 0.0454976
6.35595 0.0457262
6.36179 0.0475295
6.36589 0.0455847
6.36987 0.0455249
6.37397 0.0455969
6.37791 0.0455054
6.38249 0.0460506
6.38691 0.0464362
6.39037 0.0458633
6.39499 0.046443
6.4004 0.0478242
6.40456 0.0459382
6.40841 0.0457494
6.41219 0.0454985
6.41629 0.0455675
6.42036 0.0456045
6.4244 0.0456079
6.42869 0.0458601
6.43247 0.0456097
6.4376 0.0467009
6.44182 0.0416835
6.44208 0.0459738
6.44612 0.0459801
6.45211 0.0479395
6.45599 0.0457656
6.45978 0.0455181
6.46394 0.0456528
6.46792 0.0455964
6.47202 0.045661
6.47215 0.0457894
6.47593 0.0455419
6.48077 0.0463433
6.48468 0.0462183
6.49038 0.0478879
6.49429 0.0457461
6.49903 0.0464502
6.49915 0.0465786
6.50217 0.0455578
6.50655 0.0459103
6.51021 0.0455344
6.51431 0.0456035
6.51893 0.0461816
6.52335 0.0465702
6.52841 0.0476007
6.52854 0.0477291
6.53245 0.0455903
6.53514 0.04425
6.54181 0.0416721
6.54194 0.0470124
6.54591 0.0457741
6.54604 0.0459025
6.54976 0.0455889
6.55399 0.0457863
6.55774 0.0455037
6.56185 0.0455718
6.56582 0.0455114
6.56985 0.0455098
6.57392 0.0455467
6.58059 0.0481772
6.58449 0.0460355
6.58872 0.04623
6.59209 0.0455628
6.59619 0.0456289
6.60082 0.0462318
6.60495 0.046328
6.60854 0.0458824
6.6122 0.0455031
6.61264 0.045951
6.61824 0.0475177
6.62286 0.0460801
6.62648 0.0456697
6.63045 0.0456104
6.63449 0.0456133
6.64058 0.0476704
6.6418 0.0416599
6.64363 0.0455053
6.64785 0.0456948
6.64798 0.0458232
6.65177 0.0455757
6.65593 0.045707
6.65984 0.0455839
6.66401 0.0457146
6.66987 0.0475496
6.67394 0.0455697
6.67801 0.0456066
6.6825 0.046058
6.68647 0.0459957
6.69038 0.0458707
6.69493 0.0463842
6.69864 0.0460681
6.70217 0.0455609
6.70841 0.0477656
6.71219 0.0454979
6.71629 0.045567
6.72027 0.0455106
6.72437 0.0455797
6.72882 0.0459919
6.73247 0.0456131
6.7376 0.0467043
6.74183 0.0416869
6.74208 0.0459772
6.74606 0.0459174
6.74971 0.0455375
6.754 0.0457972
6.75978 0.0475383
6.76401 0.0457184
6.76805 0.0457243
6.77212 0.0457617
6.77225 0.0458901
6.77597 0.0455764
6.78077 0.0463427
6.78468 0.0462178
6.7889 0.0464123
6.79211 0.0455856
6.7989 0.048338
6.79903 0.0484664
6.80217 0.0455573
6.80656 0.0459137
6.81024 0.045565
6.81422 0.0455056
6.8188 0.0460527
6.82296 0.0461845
6.827 0.0461908
6.83053 0.0456836
6.83066 0.045812
6.83505 0.0461689
6.84062 0.0456963
6.84184 0.0417026
6.84367 0.0455479
6.84979 0.0476362
6.85402 0.0458169
6.85781 0.0455654
6.86178 0.045509
6.86589 0.045581
6.86989 0.0455483
6.87389 0.0455191
6.87793 0.0455209
6.88248 0.0460349
6.88875 0.0482778
6.89209 0.0455627
6.89619 0.0456289
6.90054 0.0459518
6.90458 0.0459581
6.90843 0.0457734
6.91263 0.0459392
6.91642 0.0456888
6.92045 0.0456901
6.92634 0.0475497
6.92647 0.0476781
6.93035 0.0455047
6.93448 0.0456049
6.94028 0.0473736
6.94182 0.0416827
6.94375 0.0456253
6.94785 0.0456904
6.94798 0.0458188
6.9517 0.0455051
6.95592 0.0456986
6.9598 0.0455444
6.96384 0.0455468
6.96397 0.0456752
6.96797 0.0456499
6.97214 0.0457807
6.97791 0.0475218
6.98253 0.0460847
6.9865 0.0460224
6.99041 0.0458974
6.99428 0.0457408
6.99858 0.046001
7.00223 0.0456222
7.00652 0.0458799
7.01024 0.0455662
7.01626 0.0475537
7.02033 0.0455733
7.0244 0.0456108
7.02895 0.0461203
7.03247 0.0456131
7.03773 0.0468366
7.04183 0.0416909
7.04196 0.0458528
7.04574 0.0456019
7.04982 0.0456417
7.05408 0.0458703
7.05783 0.0455877
7.0619 0.0456281
7.06806 0.0477514
7.07197 0.0456116
7.07598 0.0455892
7.08034 0.0459111
7.08421 0.045754
7.0887 0.0462048
7.09216 0.0456343
7.09613 0.04557
7.10054 0.0459506
7.1066 0.0479711
7.11025 0.0455739
7.11435 0.045643
7.11832 0.0455782
7.12284 0.0460601
7.12688 0.0460664
7.1304 0.0455592
7.1345 0.0456243
7.14065 0.0477402
7.14174 0.0416013
7.14373 0.0456067
7.14786 0.0457069
7.14799 0.0458352
7.15213 0.0459384
7.15786 0.0476409
7.16181 0.0455327
7.16591 0.0456007
7.16988 0.0455409
7.17395 0.0455778
7.17799 0.0455836
7.18248 0.0460349
7.18658 0.0461011
7.18702 0.046549
7.19036 0.0458477
7.19619 0.0476456
7.20054 0.0459518
7.20461 0.0459853
7.2083 0.045637
7.21223 0.0455416
7.21634 0.0456101
7.22037 0.045612
7.22441 0.0456154
7.22876 0.0459298
7.22889 0.0460582
7.2344 0.0475361
7.23767 0.0447578
7.24177 0.0416288
7.24247 0.046367
7.24789 0.0477511
7.25216 0.0459658
7.256 0.0457776
7.25982 0.0455612
7.26382 0.0455325
7.26796 0.0456316
7.27218 0.0458246
7.27597 0.0455771
7.28077 0.0463474
7.28603 0.047569
7.29038 0.0458752
7.29487 0.0463265
7.295 0.0464549
7.29897 0.0463921
7.30224 0.0456281
7.30653 0.0458838
7.31025 0.0455701
7.31435 0.0456392
7.31448 0.0457676
7.31909 0.0463457
7.32431 0.0475357
7.32854 0.045713
7.32867 0.0458414
7.33245 0.0455909
7.33761 0.0467172
7.34184 0.0416998
7.34197 0.0458617
7.34604 0.0458992
7.34969 0.0455193
7.35405 0.0458452
7.35789 0.0456519
7.3619 0.0456266
7.36587 0.0455663
7.36994 0.0455998
7.376 0.0476213
7.38061 0.0461842
7.38074 0.0463126
7.38452 0.0460592
7.38878 0.0462849
7.39211 0.0455865
7.39621 0.0456527
7.40085 0.0462555
7.40469 0.0460633
7.40853 0.0458746
7.41424 0.0475426
7.4184 0.045656
7.42285 0.0460757
7.42644 0.0456302
7.42689 0.0460781
7.43041 0.0455709
7.43452 0.04564
7.44061 0.0476971
7.44183 0.0416867
7.44365 0.045528
7.44788 0.0457255
7.44801 0.0458539
7.45215 0.045957
7.45599 0.0457687
7.45984 0.0455835
7.46593 0.0476401
7.46987 0.0455324
7.47397 0.0456004
7.47798 0.0455751
7.48247 0.0460264
7.48657 0.0460926
7.48702 0.0465405
7.49035 0.0458392
7.49496 0.0464149
7.49867 0.0460988
7.50447 0.0478646
7.50831 0.0456551
7.51264 0.0459493
7.51629 0.045566
7.52036 0.045603
7.5244 0.0456064
7.5285 0.045668
7.53241 0.045546
7.53254 0.0456744
7.53759 0.0466994
7.54182 0.041682
7.54208 0.0459723
7.54605 0.0459125
7.54974 0.0455677
7.55589 0.0476875
7.55602 0.0478159
7.5598 0.0455477
7.56403 0.0457406
7.56794 0.0456181
7.57214 0.0457839
7.57595 0.0455635
7.58076 0.0463338
7.58467 0.0462089
7.5889 0.0464034
7.59431 0.0477845
7.59905 0.0464719
7.60219 0.0455795
7.60658 0.0459359
7.61029 0.0456183
7.61459 0.0458785
7.61853 0.045787
7.62308 0.046304
7.62744 0.0466298
7.6325 0.0476598
7.63513 0.0442366
7.64061 0.0456834
7.64183 0.0416897
7.64593 0.0478086
7.64978 0.0456065
7.65401 0.045804
7.65783 0.0455876
7.66187 0.0455934
7.66594 0.0456304
7.66991 0.0455665
7.67394 0.0455684
7.67798 0.0455742
7.68448 0.0480423
7.68871 0.04622
7.69205 0.0455217
7.69615 0.0455878
7.70059 0.0460001
7.70495 0.0463259
7.70851 0.0458493
7.71264 0.045949
7.71633 0.0456012
7.72273 0.0479705
7.72648 0.0456677
7.73045 0.0456083
7.73449 0.0456112
7.74029 0.04738
7.74183 0.041689
7.74365 0.0455304
7.74788 0.0457239
7.74801 0.0458523
7.75173 0.0455386
7.75583 0.0456037
7.75596 0.0457321
7.75984 0.0455779
7.76387 0.0455842
7.76785 0.0455278
7.76798 0.0456562
7.77398 0.0476195
7.77802 0.0456086
7.7824 0.0459626
7.78253 0.046091
7.7865 0.0460287
7.79041 0.0459038
7.79493 0.0463862
7.79865 0.0460701
7.80217 0.0455629
7.80652 0.0458763
7.81264 0.0479645
7.81636 0.0456311
7.8204 0.0456369
7.8244 0.0456087
7.8285 0.0456704
7.83241 0.0455483
7.8376 0.0467057
7.84183 0.0416883
7.84196 0.0458502
7.846 0.0458566
7.84972 0.0455429
7.85411 0.0458999
7.8578 0.0455551
7.86401 0.0477406
7.86805 0.0457297
7.87222 0.0458604
7.87604 0.045644
7.88071 0.0462859
7.88084 0.0464143
7.88475 0.0462893
7.88885 0.0463555
7.89209 0.0455599
7.89618 0.045626
7.89631 0.0457544
7.90223 0.0476377
7.90623 0.0455917
7.91027 0.0455975
7.91444 0.0457293
7.91844 0.0457
7.92296 0.0461819
7.9269 0.046091
7.93056 0.0457122
7.9345 0.0456178
7.94064 0.0477336
7.94173 0.0415948
7.94372 0.0456002
7.94792 0.0457625
7.95401 0.0458029
7.95786 0.0456176
7.96187 0.0455923
7.96584 0.045536
7.96988 0.0455383
7.97401 0.0456375
7.97799 0.0455771
7.98247 0.0460284
7.98702 0.0465424
7.99205 0.0475379
7.99615 0.0455873
8.00056 0.0459724
8.00069 0.0461008
8.00451 0.0458835
8.00849 0.0458271
8.01233 0.0456384
8.01637 0.0456447
8.02038 0.0456155
8.02438 0.0455873
8.03049 0.0476646
8.03453 0.0456507
8.03767 0.0447568
8.04183 0.0416935
8.04366 0.0475556
8.04776 0.0456068
8.05212 0.0459316
8.0559 0.0456812
8.05985 0.0455887
8.06385 0.04556
8.06795 0.045628
8.07193 0.0455711
8.07597 0.0455759
8.08199 0.0475663
8.08612 0.0456497
8.09006 0.0455553
8.0942 0.045655
8.09887 0.0462959
8.10221 0.045597
8.10652 0.0458783
8.11021 0.045533
8.11447 0.0457615
8.1204 0.0476542
8.1245 0.0457035
8.12898 0.0461548
8.13251 0.0456476
8.13773 0.0468401
8.14183 0.0416943
8.14228 0.0461757
8.14607 0.0459253
8.14971 0.0455415
8.1541 0.0458944
8.15782 0.0455808
8.16193 0.0456528
8.16593 0.0456275
8.17225 0.0458901
8.17603 0.0456426
8.18078 0.0463507
8.1809 0.0464791
8.18456 0.0460973
8.18878 0.0462918
8.19212 0.0455935
8.19622 0.0456596
8.20089 0.0462936
8.20473 0.0461014
8.2103 0.0476439
8.21447 0.0457589
8.2146 0.0458873
8.21841 0.0456675
8.22286 0.0460872
8.22694 0.0461246
8.23046 0.0456174
8.23453 0.0456514
8.24061 0.0477011
8.24183 0.0416907
8.24379 0.0456644
8.24795 0.0457957
8.25173 0.0455442
8.25786 0.0476324
8.26183 0.0455553
8.26593 0.0456233
8.2699 0.0455635
8.27401 0.0456315
8.27801 0.0456062
8.2825 0.0460576
8.28705 0.0465716
8.29038 0.0458703
8.29499 0.04645
8.30057 0.0479906
8.30463 0.0460074
8.30832 0.0456591
8.30845 0.0457875
8.31226 0.0455677
8.31633 0.0456051
8.32037 0.045607
8.3244 0.0456104
8.32878 0.0459559
8.32891 0.0460843
8.33257 0.0457055
8.33766 0.0467695
8.34176 0.0416238
8.34247 0.046362
8.34789 0.0477461
8.35212 0.0459297
8.35603 0.0458076
8.35985 0.0455912
8.36395 0.0456598
8.36792 0.0455994
8.37204 0.0456872
8.37217 0.0458156
8.37596 0.0455641
8.38089 0.0464628
8.38454 0.046081
8.39037 0.0458622
8.39486 0.0463135
8.39873 0.0461569
8.39886 0.0462853
8.40226 0.0456497
8.40655 0.0459054
8.41027 0.0455917
8.41437 0.0456608
8.4145 0.0457891
8.41898 0.0462389
8.42328 0.0464991
8.42847 0.047658
8.43241 0.0455503
8.43773 0.04684
8.44183 0.0416943
8.44228 0.0461757
8.44606 0.0459213
8.44971 0.0455414
8.45401 0.0458011
8.45414 0.0459295
8.45778 0.0455417
8.46188 0.0456057
8.46588 0.0455765
8.46995 0.0456139
8.47595 0.0475732
8.48069 0.0462646
8.48447 0.0460112
8.48876 0.0462684
8.4921 0.0455701
8.4962 0.0456362
8.50086 0.0462702
8.50467 0.0460469
8.50855 0.0458893
8.51223 0.045541
8.51829 0.0475636
8.523 0.0462233
8.52649 0.0456805
8.53047 0.0456212
8.5345 0.045624
8.54069 0.047775
8.54178 0.0416362
8.54367 0.0455437
8.54803 0.0458696
8.55213 0.0459416
8.55601 0.0457845
8.55983 0.0455681
8.56592 0.0476286
8.56989 0.045552
8.574 0.045624
8.57801 0.0455988
8.58249 0.0460501
8.58646 0.0459878
8.59024 0.0457345
8.59495 0.0464075
8.59867 0.0460914
8.60219 0.0455841
8.60834 0.0456788
8.61267 0.045973
8.61632 0.0455897
8.62039 0.0456266
8.62442 0.04563
8.62865 0.0458201
8.63243 0.0455696
8.63256 0.045698
8.63775 0.0468514
8.64185 0.0417056
8.6421 0.0459959
8.64617 0.0460334
8.64976 0.0455913
8.65589 0.0476801
8.65602 0.0478085
8.65983 0.0455713
8.66403 0.0457372
8.6681 0.0457741
8.67217 0.0458076
8.67229 0.045936
8.67595 0.0455561
8.68088 0.0464548
8.68466 0.0462014
8.68889 0.0463959
8.69433 0.0478082
8.69907 0.0464955
8.70221 0.0456031
8.70619 0.0455428
8.71029 0.0456108
8.71458 0.045871
8.71852 0.0457795
8.7231 0.0463276
8.72702 0.0462056
8.72746 0.0466535
8.73054 0.0456984
8.73516 0.046281
8.74067 0.0457421
8.74176 0.0416201
8.74596 0.0478328
8.7498 0.0456307
8.75404 0.0458282
8.75416 0.0459566
8.75782 0.0455807
8.76189 0.0456176
8.76589 0.0455844
8.76993 0.0455867
8.774 0.0456237
8.77798 0.0455673
8.78451 0.048067
8.78874 0.0462447
8.79207 0.0455424
8.79617 0.0456086
8.80052 0.0459315
8.80065 0.0460599
8.80472 0.0460973
8.80854 0.0458775
8.81232 0.0456265
8.81636 0.0456328
8.82046 0.0457004
8.82648 0.0456721
8.83046 0.0456128
8.83452 0.0456468
8.84068 0.0477667
8.84177 0.0416278
8.84376 0.0456332
8.84802 0.0458617
8.85212 0.0459338
8.85597 0.0457416
8.85984 0.0455874
8.86385 0.0455586
8.86398 0.045687
8.86795 0.0456306
8.87401 0.0476561
8.87799 0.045583
8.88254 0.046097
8.88696 0.0464827
8.89029 0.0457814
8.89493 0.0463922
8.89865 0.0460761
8.90218 0.0455689
8.90656 0.0459134
8.91223 0.0475537
8.91636 0.0456372
8.9204 0.045643
8.92441 0.0456148
8.9285 0.0456764
8.93245 0.0455855
8.93773 0.0468401
8.94183 0.0416943
8.94228 0.0461758
8.94607 0.0459253
8.94972 0.0455455
8.95411 0.0459024
8.95783 0.0455888
8.96405 0.0477743
8.96808 0.0457594
8.97225 0.0458901
8.97603 0.0456426
8.98084 0.0464129
8.98475 0.0462879
8.98885 0.0463541
8.99212 0.0455896
8.99621 0.0456557
8.99634 0.0457841
9.00226 0.0476674
9.00659 0.045947
9.01031 0.0456294
9.01428 0.04557
9.01841 0.0456692
9.0228 0.0460222
9.02697 0.0461569
9.03062 0.0457781
9.03453 0.0456526
9.04064 0.0477334
9.04186 0.0417229
9.04369 0.0455683
9.04799 0.0458314
9.05414 0.0479507
9.05789 0.0456514
9.0619 0.0456256
9.06594 0.0456314
9.06994 0.0455987
9.07401 0.0456346
9.07801 0.0456003
9.08204 0.0456032
9.08615 0.0456723
9.09217 0.0476638
9.09618 0.0456217
9.10035 0.0457535
9.10419 0.0455637
9.10829 0.0456313
9.11268 0.0459837
9.1164 0.0456706
9.12037 0.0456102
9.12441 0.0456136
9.1286 0.0457686
9.12872 0.045897
9.13443 0.0455527
9.13773 0.0448222
9.14177 0.0416305
9.14376 0.0476526
9.14792 0.0457671
9.15216 0.0459675
9.15594 0.0457171
9.15982 0.0455629
9.15995 0.0456913
9.16386 0.0455652
9.16796 0.0456333
9.17222 0.0458573
9.176 0.0456098
9.18254 0.0481125
9.18696 0.0464813
9.19042 0.0459085
9.1949 0.0463598
9.19852 0.0459464
9.19865 0.0460748
9.20221 0.0455987
9.20656 0.0459166
9.21031 0.045634
9.21448 0.0457653
9.22037 0.0476268
9.22441 0.0456134
9.22899 0.046158
9.23251 0.0456508
9.23777 0.0468744
9.24187 0.0417286
9.242 0.0458905
9.24213 0.0460189
9.2461 0.0459591
9.24623 0.0460875
9.24978 0.0456063
9.25407 0.045866
9.2542 0.0459944
9.25782 0.0455834
9.25795 0.0457118
9.26193 0.0456554
9.26594 0.0456302
9.27229 0.0479446
9.27607 0.0456764
9.28087 0.0464467
9.28465 0.0461933
9.28888 0.0463878
9.29209 0.0455611
9.29619 0.0456272
9.30092 0.0463274
9.3046 0.0459757
9.31031 0.0476466
9.31447 0.0457616
9.3146 0.04589
9.31844 0.0457013
9.3229 0.0461209
9.32652 0.0457105
9.3304 0.0455539
9.33453 0.0456501
9.34036 0.0474499
9.34177 0.0416306
9.34376 0.045636
9.34799 0.0458334
9.35174 0.0455508
9.356 0.0457794
9.36187 0.0476138
9.36594 0.045634
9.36992 0.0455741
9.37004 0.0457025
9.37402 0.0456422
9.37802 0.0456169
9.38257 0.0461309
9.38635 0.0458775
9.39029 0.0457837
9.39042 0.045912
9.39491 0.0463634
9.39503 0.0464917
9.40045 0.0478729
9.40452 0.0458936
9.40465 0.046022
9.40846 0.0458021
9.41228 0.0455823
9.41635 0.0456197
9.42038 0.0456216
9.42442 0.045625
9.42864 0.045815
9.43258 0.0457241
9.43768 0.0467881
9.44178 0.0416423
9.44249 0.0463806
9.44614 0.0460017
9.45214 0.047965
9.45605 0.0458262
9.45983 0.0455747
9.45996 0.0457031
9.46406 0.0457717
9.46794 0.045614
9.47223 0.0458692
9.47598 0.0455866
9.48088 0.0464542
9.48466 0.0462009
9.49036 0.0478704
9.49472 0.0461765
9.49917 0.0465962
9.50218 0.0455755
9.50657 0.0459279
9.51032 0.0456453
9.51433 0.0456171
9.519 0.0462535
9.52329 0.0465137
9.52342 0.0466421
9.52848 0.0476726
9.53246 0.045596
9.53515 0.0442557
9.54188 0.04174
9.54201 0.0470802
9.54621 0.0460677
9.5498 0.0456217
9.55415 0.0459475
9.55784 0.0455988
9.56191 0.0456317
9.56594 0.0456336
9.57001 0.045671
9.57405 0.0456769
9.58059 0.0481789
9.58072 0.0483073
9.5845 0.0460372
9.58879 0.0462944
9.58891 0.0464228
9.59212 0.0455961
9.59622 0.0456623
9.60089 0.0462962
9.6047 0.0460729
9.60848 0.045818
9.60861 0.0459464
9.61268 0.0459838
9.61832 0.0475896
9.6229 0.0461209
9.62649 0.0456793
9.62694 0.0461272
9.63046 0.04562
9.63453 0.045654
9.64033 0.0474227
9.64187 0.0417318
9.64373 0.0456043
9.64795 0.0457978
9.65177 0.0455814
9.65222 0.0460293
9.656 0.0457788
9.65982 0.0455624
9.66399 0.0456972
9.66992 0.0475943
9.67402 0.0456495
9.67803 0.0456243
9.68252 0.0460756
9.68265 0.046204
9.68649 0.0460133
9.69027 0.0457599
9.6904 0.0458883
9.69494 0.0464018
9.69866 0.0460857
9.70219 0.0455785
9.70836 0.047717
9.71269 0.0459945
9.71634 0.0456157
9.72041 0.0456526
9.72439 0.0455933
9.72851 0.045686
9.73246 0.0455951
9.73767 0.0467796
9.74177 0.0416338
9.74248 0.046372
9.74616 0.0460243
9.74972 0.0455511
9.75408 0.045877
9.75989 0.0476452
9.76418 0.0458876
9.76809 0.045765
9.77229 0.0459309
9.77607 0.0456794
9.78087 0.0464497
9.78478 0.0463247
9.78888 0.0463908
9.78901 0.0465192
9.79209 0.0455641
9.7991 0.0485423
9.80224 0.0456331
9.8066 0.0459584
9.81025 0.0455746
9.81445 0.0457375
9.81845 0.0457083
9.81858 0.0458367
9.82297 0.0461902
9.82739 0.0465782
9.8306 0.0457515
9.83518 0.046299
9.84034 0.0454096
9.84188 0.0417354
9.8438 0.045678
9.84983 0.047669
9.85418 0.0459781
9.85787 0.0456333
9.86185 0.0455769
9.86198 0.0457053
9.86595 0.0456449
9.87002 0.0456784
9.87399 0.0456181
9.87797 0.0455617
9.88258 0.0461414
9.88867 0.0481931
9.89251 0.0459881
9.89629 0.0457348
9.90058 0.0459915
9.90449 0.0458655
9.90847 0.0458091
9.91231 0.0456204
9.91635 0.0456267
9.92039 0.045628
9.92648 0.0476828
9.93045 0.0456067
9.93455 0.0456718
9.94035 0.0474405
9.94189 0.0417496
9.94381 0.0456882
9.94804 0.0458817
9.95214 0.0459537
9.95599 0.0457615
9.95986 0.0456033
9.96396 0.0456719
9.96794 0.0456155
9.97224 0.0458786
9.97804 0.0476508
9.98256 0.0461165
9.98698 0.0465021
9.99031 0.0458008
9.99044 0.0459292
9.99492 0.0463766
9.99864 0.0460605

