% time_sec delay_sec
1.23901 0.138846
1.23901 0.138846
1.339 0.138832
1.43912 0.138952
1.53724 0.441086
1.53902 0.138848
1.639 0.138835
1.73906 0.138889
1.83901 0.138843
1.83982 0.440993
1.93911 0.138945
2.03914 0.138966
2.13651 0.435673
2.14057 0.140382
2.14121 0.145057
2.14474 0.14455
2.14487 0.144678
2.23652 0.232298
2.24053 0.140337
2.24104 0.144884
2.24457 0.144376
2.24866 0.144441
2.25283 0.144576
2.2588 0.146507
2.26281 0.144465
2.26685 0.144475
2.27079 0.14438
2.27486 0.144417
2.27903 0.144552
2.28319 0.144684
2.28729 0.14475
2.29107 0.144496
2.29505 0.144437
2.30113 0.144475
2.30517 0.144481
2.30914 0.144417
2.31318 0.144423
2.31719 0.144394
2.32129 0.144463
2.32541 0.144554
2.32554 0.144683
2.32926 0.144367
2.33355 0.144627
2.33869 0.145726
2.34057 0.140385
2.34256 0.144391
2.34862 0.146417
2.35292 0.144663
2.35305 0.144791
2.35667 0.144381
2.36071 0.144386
2.36474 0.144388
2.36878 0.14439
2.37291 0.144486
2.37689 0.144429
2.37701 0.144558
2.38089 0.144401
2.38845 0.147925
2.3914 0.144825
2.39512 0.144509
2.39525 0.144637
2.39909 0.144449
2.40309 0.144416
2.40716 0.144454
2.41142 0.144678
2.41517 0.144392
2.41921 0.144398
2.42356 0.14472
2.42927 0.146393
2.43363 0.144698
2.43917 0.146214
2.44065 0.140457
2.44263 0.144462
2.44661 0.144403
2.45096 0.144723
2.45475 0.144473
2.45869 0.144381
2.46272 0.144383
2.46682 0.14445
2.47086 0.144457
2.47718 0.14674
2.47731 0.146868
2.48122 0.144726
2.48545 0.144921
2.48557 0.145049
2.48923 0.144667
2.49339 0.144799
2.49704 0.144412
2.50114 0.144479
2.50517 0.144481
2.50914 0.144417
2.51318 0.144419
2.51917 0.144361
2.52327 0.144431
2.5275 0.144628
2.5316 0.144693
2.53651 0.145563
2.54041 0.140226
2.54106 0.144901
2.54465 0.14446
2.54862 0.1444
2.55295 0.144694
2.5567 0.144412
2.56078 0.144452
2.56751 0.147152
2.57081 0.144405
2.57485 0.144412
2.57908 0.144609
2.58325 0.14474
2.58722 0.144678
2.59113 0.144553
2.59497 0.144365
2.59904 0.144399
2.60525 0.146577
2.60913 0.144407
2.61323 0.144476
2.61721 0.144415
2.62202 0.145189
2.62547 0.144615
2.6256 0.144743
2.62925 0.144361
2.63342 0.144493
2.63355 0.144621
2.63909 0.146129
2.64056 0.140372
2.64287 0.144697
2.64665 0.144447
2.65089 0.144647
2.65669 0.146416
2.66073 0.144409
2.66474 0.14438
2.66878 0.144385
2.67281 0.144388
2.67704 0.144584
2.68108 0.144588
2.68531 0.144782
2.68922 0.144657
2.69543 0.14684
2.69556 0.146969
2.69963 0.144986
2.70315 0.144479
2.70719 0.144482
2.71142 0.144679
2.7152 0.144424
2.71917 0.144364
2.7193 0.144493
2.72391 0.145068
2.72798 0.145103
2.73167 0.144755
2.73657 0.143612
2.74048 0.140292
2.74112 0.144967
2.7466 0.146414
2.75097 0.144726
2.75475 0.144476
2.75869 0.144384
2.76273 0.144385
2.76676 0.144387
2.77089 0.144486
2.77484 0.144395
2.77939 0.144912
2.78541 0.146901
2.789 0.14444
2.78913 0.144568
2.79358 0.144988
2.79704 0.14441
2.80114 0.144477
2.80508 0.144386
2.80921 0.144485
2.81325 0.144487
2.81722 0.144423
2.82331 0.14648
2.82744 0.144564
2.83167 0.144761
2.83655 0.145604
2.84049 0.140297
2.84126 0.145101
2.84465 0.144465
2.84862 0.144401
2.85292 0.144664
2.85667 0.144378
2.86071 0.144388
2.86482 0.14446
2.86914 0.144754
2.87498 0.146558
2.87911 0.144641
2.87924 0.144769
2.88392 0.145411
2.88712 0.144582
2.89103 0.144457
2.89116 0.144585
2.89526 0.144651
2.89917 0.144526
2.90304 0.144361
2.90713 0.144425
2.91316 0.146416
2.91716 0.14437
2.92139 0.144568
2.92559 0.14473
2.92931 0.144413
2.9336 0.144674
2.93917 0.146208
2.94064 0.140452
2.94295 0.144777
2.9466 0.144398
2.95099 0.144754
2.95471 0.144437
2.95875 0.144446
2.96475 0.14641
2.96917 0.144784
2.97283 0.144405
2.97705 0.144597
2.98109 0.144601
2.98564 0.145115
2.98942 0.144861
2.99333 0.144737
2.99346 0.144865
2.99704 0.144416
3.00307 0.146408
3.00708 0.144368
3.01147 0.144725
3.01518 0.144408
3.01922 0.144414
3.02329 0.144451
3.02826 0.145381
3.03166 0.144745
3.03659 0.145646
3.04053 0.140339
3.04104 0.144887
3.04463 0.144445
3.04868 0.144454
3.05477 0.146511
3.05868 0.144376
3.05881 0.144504
3.06272 0.144381
3.06285 0.144509
3.06676 0.144386
3.0708 0.144388
3.07483 0.144393
3.07906 0.144589
3.083 0.144494
3.08714 0.144594
3.09345 0.146873
3.09704 0.144414
3.10108 0.144417
3.10512 0.144426
3.10915 0.144427
3.11316 0.144398
3.11729 0.144493
3.12152 0.144691
3.12165 0.144819
3.12536 0.144503
3.13174 0.146845
3.13405 0.143103
3.13867 0.143688
3.13879 0.143816
3.14065 0.140462
3.14479 0.146615
3.1487 0.144476
3.153 0.14474
3.15668 0.144391
3.16082 0.144494
3.16485 0.144496
3.16876 0.144374
3.16921 0.144822
3.17287 0.144442
3.177 0.144545
3.18405 0.147558
3.18418 0.147686
3.18738 0.14484
3.18847 0.145927
3.19116 0.144587
3.1951 0.144492
3.19907 0.144433
3.20317 0.144494
3.20711 0.144399
3.21115 0.144405
3.21522 0.144442
3.22153 0.146725
3.22545 0.144586
3.22557 0.144715
3.22929 0.144399
3.23362 0.14469
3.23888 0.145917
3.24061 0.140417
3.24279 0.144614
3.24663 0.144425
3.25095 0.144715
3.25474 0.144465
3.25868 0.144373
3.25881 0.144501
3.26278 0.144441
3.26682 0.14445
3.27291 0.146504
3.27705 0.14459
3.28108 0.144593
3.28531 0.144788
3.28922 0.144663
3.29339 0.144795
3.297 0.144377
3.3011 0.144443
3.30523 0.144539
3.31147 0.146748
3.31519 0.144414
3.31919 0.144385
3.3233 0.144454
3.32753 0.144652
3.3316 0.144686
3.3365 0.145555
3.33663 0.145684
3.3405 0.140315
3.34102 0.144862
3.34115 0.144991
3.34467 0.144483
3.34861 0.144392
3.35291 0.144655
3.35676 0.14447
3.36276 0.146433
3.3675 0.145127
3.3708 0.144393
3.3749 0.144462
3.37907 0.144597
3.38324 0.144729
3.38721 0.144666
3.38734 0.144795
3.39099 0.144413
3.39112 0.144541
3.39509 0.144482
3.40112 0.146474
3.40124 0.146602
3.40518 0.144491
3.40915 0.144426
3.41322 0.14446
3.41722 0.144431
3.42139 0.144565
3.42542 0.144564
3.42555 0.144692
3.42927 0.144376
3.43356 0.144636
3.43911 0.146148
3.44058 0.140391
3.44289 0.144716
3.44667 0.144465
3.45308 0.146846
3.45671 0.144418
3.46072 0.144393
3.46485 0.144496
3.46921 0.144817
3.4728 0.144372
3.47292 0.1445
3.47703 0.144572
3.48107 0.144575
3.48529 0.14477
3.49138 0.146825
3.4951 0.144492
3.49523 0.14462
3.49939 0.144752
3.50311 0.144435
3.50718 0.144473
3.51131 0.144572
3.51144 0.144701
3.51516 0.14438
3.51932 0.144514
3.52355 0.144708
3.52945 0.146572
3.53361 0.144687
3.53657 0.143606
3.54048 0.140286
3.54291 0.146756
3.54663 0.144423
3.55095 0.144713
3.55474 0.144462
3.55881 0.144499
3.56272 0.144376
3.56284 0.144504
3.56675 0.144381
3.56752 0.145149
3.57086 0.14445
3.57493 0.144487
3.58124 0.146767
3.58579 0.145265
3.58931 0.144754
3.59338 0.144789
3.59351 0.144917
3.59706 0.144437
3.6011 0.144441
3.60523 0.144537
3.6091 0.144379
3.61318 0.144417
3.6192 0.146407
3.6233 0.144459
3.62747 0.144591
3.6316 0.144691
3.63654 0.145595
3.64051 0.140324
3.64103 0.144871
3.64116 0.145
3.64468 0.144492
3.64872 0.144498
3.65302 0.144761
3.65667 0.144382
3.6568 0.14451
3.66078 0.144454
3.66482 0.14446
3.67081 0.146423
3.67498 0.144541
3.67905 0.144579
3.68325 0.144741
3.68735 0.144808
3.69113 0.144554
3.6951 0.144491
3.69914 0.144494
3.70311 0.14443
3.70916 0.146452
3.71323 0.144473
3.71721 0.144412
3.7214 0.144578
3.7256 0.14474
3.72935 0.144455
3.73345 0.144521
3.73358 0.144649
3.73915 0.146188
3.74062 0.140431
3.7428 0.144628
3.74658 0.144377
3.74671 0.144506
3.75088 0.14464
3.75472 0.144452
3.76076 0.146449
3.76473 0.144376
3.76486 0.144505
3.76877 0.144382
3.77281 0.144384
3.77704 0.144581
3.78108 0.144584
3.7853 0.144779
3.78921 0.144654
3.79338 0.144786
3.79351 0.144914
3.80039 0.147763
3.80308 0.144406
3.80709 0.144377
3.81151 0.144765
3.81522 0.144444
3.8192 0.144387
3.8233 0.144453
3.82797 0.145098
3.83163 0.144719
3.83651 0.145561
3.84048 0.14029
3.84112 0.144966
3.84458 0.144396
3.85103 0.146807
3.85468 0.144411
3.85869 0.144382
3.86272 0.144383
3.86676 0.144389
3.8708 0.144391
3.87484 0.144398
3.87901 0.144532
3.88394 0.145431
3.88913 0.14659
3.89371 0.145122
3.89704 0.144416
3.90114 0.144482
3.90524 0.144551
3.90921 0.144487
3.91316 0.144396
3.91718 0.14439
3.92263 0.1458
3.92746 0.146604
3.92759 0.146732
3.9316 0.144687
3.93403 0.14309
3.94045 0.140258
3.94122 0.146241
3.94135 0.146369
3.94468 0.144488
3.94481 0.144617
3.94871 0.144491
3.95301 0.144754
3.95666 0.144375
3.95679 0.144503
3.9607 0.14438
3.96083 0.144508
3.96474 0.144386
3.96885 0.144458
3.97289 0.144464
3.9792 0.146747
3.97933 0.146875
3.98401 0.145501
3.98721 0.144671
3.98734 0.1448
3.99112 0.144546
3.9951 0.144487
3.99913 0.14449
4.00307 0.144391
4.0071 0.144395
4.01127 0.14453
4.0172 0.146423
4.02121 0.144381
4.02556 0.144702
4.02928 0.144386
4.03357 0.144646
4.03915 0.146189
4.04062 0.140432
4.04267 0.1445
4.04658 0.144378
4.05094 0.144702
4.05466 0.144385
4.05879 0.144488
4.0628 0.144462
4.06883 0.146457
4.0729 0.14448
4.07685 0.144392
4.08098 0.144492
4.08534 0.144818
4.08906 0.144502
4.09319 0.144601
4.09713 0.144501
4.10116 0.144504
4.10725 0.14656
4.11148 0.144739
4.11523 0.144453
4.11927 0.144459
4.12324 0.144399
4.1276 0.144725
4.13164 0.144728
4.13651 0.145563
4.14041 0.140225
4.14106 0.144901
4.14461 0.144424
4.14868 0.144457
4.15285 0.144592
4.15881 0.146524
4.16279 0.144451
4.1675 0.14513
4.1709 0.144493
4.17494 0.144496
4.1791 0.144631
4.18394 0.145433
4.18727 0.144731
4.19108 0.144509
4.19704 0.146435
4.20114 0.144484
4.20518 0.14449
4.20918 0.144457
4.21322 0.144464
4.21723 0.144434
4.2214 0.144569
4.22537 0.144505
4.22934 0.144446
4.23405 0.145122
4.23899 0.14401
4.24059 0.140399
4.24258 0.144404
4.24867 0.146461
4.25296 0.144708
4.25309 0.144836
4.25672 0.144426
4.26082 0.144497
4.26486 0.144499
4.26879 0.144404
4.27293 0.144504
4.2769 0.144447
4.27703 0.144576
4.28094 0.14445
4.2885 0.147974
4.29132 0.144745
4.29536 0.144749
4.29911 0.144464
4.30314 0.144462
4.30721 0.1445
4.31131 0.144568
4.31144 0.144697
4.3156 0.144823
4.31932 0.14451
4.32557 0.146727
4.32929 0.144394
4.33358 0.144655
4.33922 0.146263
4.34057 0.140378
4.34256 0.144384
4.34663 0.144421
4.35105 0.144808
4.35473 0.14446
4.35871 0.1444
4.35883 0.144528
4.36274 0.144401
4.36685 0.144473
4.37089 0.144479
4.37704 0.146603
4.37717 0.146731
4.38124 0.144749
4.38534 0.144815
4.38547 0.144943
4.38912 0.144561
4.39341 0.144822
4.39712 0.144497
4.40109 0.144435
4.40509 0.144403
4.40522 0.144531
4.40917 0.14444
4.41554 0.146781
4.41919 0.144385
4.4233 0.144454
4.42753 0.144652
4.43163 0.144717
4.43663 0.145683
4.44044 0.140249
4.44108 0.144925
4.44457 0.144386
4.4447 0.144514
4.44861 0.144392
4.44874 0.144521
4.45304 0.144784
4.45676 0.144467
4.4608 0.144476
4.46753 0.147175
4.4708 0.144397
4.47494 0.144497
4.47911 0.144632
4.48327 0.144763
4.48724 0.144701
4.49102 0.144448
4.49513 0.144517
4.4991 0.144454
4.50518 0.146504
4.50915 0.144427
4.51325 0.144495
4.51723 0.144435
4.5214 0.14457
4.52549 0.144634
4.52562 0.144763
4.5294 0.144509
4.53344 0.144512
4.53357 0.14464
4.53902 0.146059
4.53915 0.146187
4.54062 0.14043
4.54293 0.144755
4.54671 0.144505
4.55088 0.144639
4.55674 0.14647
4.56079 0.144463
4.56486 0.1445
4.56921 0.144822
4.57293 0.144509
4.577 0.144546
4.58104 0.144549
4.58527 0.144743
4.58918 0.144618
4.59542 0.146833
4.59962 0.144979
4.60311 0.144437
4.60721 0.144506
4.61144 0.144703
4.61561 0.144829
4.6192 0.144388
4.61933 0.144516
4.62381 0.144967
4.62394 0.145096
4.6283 0.145419
4.62842 0.145547
4.63358 0.146671
4.6366 0.143636
4.6405 0.140316
4.64115 0.144991
4.64676 0.146566
4.65095 0.144715
4.65474 0.144465
4.65881 0.144501
4.66284 0.144503
4.66678 0.144407
4.67091 0.144507
4.67486 0.144416
4.67941 0.144932
4.68543 0.146921
4.68902 0.14446
4.6936 0.145008
4.69709 0.144462
4.70119 0.144528
4.70513 0.144437
4.70923 0.144501
4.71317 0.144406
4.71724 0.144443
4.72332 0.146498
4.72749 0.144613
4.73162 0.144713
4.73656 0.145617
4.74054 0.140346
4.74131 0.14515
4.74457 0.144386
4.7447 0.144514
4.74871 0.144485
4.753 0.144748
4.75669 0.1444
4.75682 0.144528
4.76073 0.144405
4.76483 0.144477
4.76884 0.144452
4.775 0.146575
4.77913 0.144658
4.77926 0.144787
4.78394 0.145429
4.78714 0.144599
4.79105 0.144474
4.79512 0.144508
4.79902 0.144383
4.80319 0.14451
4.80715 0.144446
4.81325 0.146503
4.81728 0.144488
4.82266 0.145835
4.82564 0.144782
4.82929 0.144401
4.83359 0.144661
4.83916 0.146199
4.84063 0.140443
4.84294 0.144768
4.84666 0.144451
4.85095 0.14471
4.85108 0.144838
4.85473 0.144459
4.85877 0.144468
4.86487 0.146526
4.86884 0.144452
4.87288 0.144459
4.87702 0.144558
4.88105 0.144561
4.88528 0.144756
4.88541 0.144884
4.88919 0.144631
4.89335 0.144763
4.89707 0.144446
4.9031 0.146438
4.9071 0.144393
4.91149 0.144749
4.91556 0.144783
4.91925 0.144438
4.92325 0.14441
4.92761 0.144732
4.93149 0.144575
4.93161 0.144704
4.93652 0.145573
4.93665 0.145701
4.94052 0.140333
4.94104 0.14488
4.94116 0.145008
4.94459 0.144403
4.94869 0.144472
4.95479 0.146529
4.9587 0.144393
4.96284 0.144496
4.96751 0.145137
4.97091 0.144501
4.97491 0.144472
4.97908 0.144607
4.98328 0.14477
4.98725 0.144707
4.99372 0.147147
4.99705 0.144429
5.00115 0.144495
5.0052 0.144507
5.00917 0.144446
5.01318 0.144418
5.01731 0.144513
5.02122 0.14439
5.02538 0.144521
5.02551 0.144649
5.03173 0.146833
5.03185 0.146961
5.03403 0.14309
5.03872 0.143742
5.04058 0.140387
5.04471 0.14654
5.04484 0.146669
5.04865 0.144432
5.05298 0.144726
5.05676 0.144471
5.06083 0.144507
5.06477 0.144416
5.06891 0.144518
5.07292 0.144493
5.07692 0.144466
5.08295 0.146461
5.08709 0.144545
5.09099 0.144419
5.09509 0.144483
5.09907 0.144424
5.10319 0.144515
5.10713 0.144423
5.11124 0.144495
5.11524 0.144465
5.12146 0.14665
5.12543 0.144574
5.12556 0.144703
5.12941 0.144515
5.1336 0.144678
5.13912 0.146158
5.14059 0.140402
5.14258 0.144407
5.14665 0.144444
5.15104 0.1448
5.15469 0.144421
5.1587 0.144396
5.16277 0.144433
5.16752 0.145143
5.17293 0.146527
5.17694 0.144485
5.18114 0.144648
5.18537 0.144842
5.18928 0.144717
5.19341 0.144814
5.19842 0.145798
5.20112 0.144458
5.20515 0.144456
5.21152 0.146794
5.21556 0.14478
5.21927 0.144462
5.22325 0.144403
5.22761 0.144729
5.23164 0.144731
5.2366 0.145659
5.24045 0.14026
5.24109 0.144935
5.24471 0.144525
5.24865 0.14443
5.25285 0.144595
5.25679 0.144504
5.26279 0.146467
5.26747 0.145095
5.2709 0.144493
5.27484 0.144398
5.27917 0.144693
5.28397 0.145463
5.2873 0.144762
5.29108 0.144509
5.29525 0.144641
5.30115 0.146504
5.30518 0.14449
5.30918 0.144457
5.31325 0.14449
5.31725 0.144461
5.32168 0.144849
5.32542 0.144556
5.32554 0.144684
5.32932 0.144431
5.33365 0.144722
5.33878 0.145817
5.33891 0.145945
5.34063 0.140445
5.34294 0.14477
5.34673 0.14452
5.3531 0.146865
5.35673 0.144438
5.3608 0.144478
5.36484 0.144484
5.36888 0.144486
5.37292 0.144493
5.37702 0.144565
5.38106 0.144568
5.38532 0.144794
5.39141 0.146848
5.39512 0.144515
5.39525 0.144644
5.39941 0.144772
5.40316 0.144482
5.4072 0.144489
5.4113 0.144557
5.41143 0.144685
5.41553 0.144755
5.41925 0.144441
5.42358 0.144733
5.42941 0.146534
5.4337 0.144777
5.43662 0.143661
5.4405 0.14031
5.44294 0.14678
5.44665 0.144446
5.45094 0.144705
5.45107 0.144833
5.45476 0.144486
5.4588 0.144491
5.46274 0.144395
5.46677 0.144401
5.47085 0.144439
5.47492 0.144476
5.4812 0.146725
5.48543 0.144903
5.48921 0.144649
5.4934 0.144812
5.49353 0.144941
5.49836 0.145739
5.50106 0.144398
5.50519 0.144498
5.50913 0.144402
5.51323 0.144471
5.51932 0.146524
5.52335 0.144511
5.52755 0.144673
5.53165 0.144742
5.53659 0.145647
5.54044 0.140247
5.54108 0.144923
5.5447 0.144508
5.54874 0.144515
5.55291 0.144649
5.55303 0.144778
5.55668 0.144394
5.56076 0.144435
5.56486 0.144507
5.57086 0.14647
5.57503 0.144588
5.57913 0.144657
5.58394 0.145427
5.58727 0.144726
5.59105 0.144473
5.59512 0.144507
5.59905 0.144412
5.60316 0.144481
5.60918 0.146468
5.61321 0.144454
5.61725 0.144455
5.62167 0.144844
5.62212 0.145292
5.62564 0.14478
5.62936 0.144464
5.63346 0.14453
5.63358 0.144658
5.63913 0.146169
5.6406 0.140413
5.64259 0.144418
5.64666 0.144456
5.65093 0.144687
5.65477 0.144499
5.66077 0.146462
5.66484 0.144482
5.66888 0.144488
5.67292 0.144495
5.67702 0.144563
5.68106 0.144566
5.6856 0.14508
5.68573 0.145208
5.68938 0.144827
5.69342 0.14483
5.69355 0.144958
5.70044 0.147812
5.70313 0.144454
5.70717 0.14446
5.71155 0.144809
5.71559 0.144812
5.71931 0.144499
5.72335 0.144502
5.72347 0.144631
5.72758 0.1447
5.72802 0.145147
5.73168 0.144769
5.73662 0.145673
5.74046 0.140274
5.74098 0.144821
5.7411 0.144949
5.74463 0.144441
5.75108 0.146853
5.75473 0.144457
5.7588 0.144497
5.76284 0.144503
5.76749 0.145113
5.77082 0.144414
5.77486 0.14442
5.77903 0.144555
5.78396 0.145454
5.78915 0.146613
5.79361 0.145016
5.79837 0.145748
5.80107 0.144408
5.8052 0.144508
5.8092 0.144479
5.81328 0.144516
5.81731 0.144518
5.82167 0.144844
5.8275 0.146637
5.82763 0.146766
5.83176 0.144849
5.83407 0.143124
5.84054 0.14035
5.84131 0.146333
5.84471 0.144518
5.84874 0.144521
5.85297 0.144718
5.85675 0.144463
5.86073 0.144406
5.86476 0.144408
5.86887 0.14448
5.87291 0.144486
5.87929 0.146831
5.88396 0.145457
5.8873 0.144756
5.89108 0.144502
5.89524 0.144634
5.89537 0.144763
5.89909 0.144447
5.90318 0.144507
5.90712 0.144408
5.91129 0.144543
5.91722 0.146441
5.92266 0.145837
5.92564 0.144784
5.92936 0.144468
5.93359 0.144662
5.93913 0.146173
5.94061 0.140416
5.94259 0.144422
5.94663 0.144428
5.95096 0.144722
5.95474 0.144471
5.95879 0.144481
5.96283 0.144487
5.96879 0.146415
5.96892 0.146544
5.97286 0.144436
5.977 0.144539
5.981 0.144507
5.98535 0.14483
5.98913 0.144577
5.98926 0.144705
5.99342 0.144833
5.99842 0.145791
6.00111 0.14445
6.00726 0.146572
6.01143 0.144686
6.01156 0.144814
6.01556 0.144785
6.01928 0.144471
6.02332 0.144478
6.02755 0.144675
6.03165 0.14474
6.03662 0.145672
6.04046 0.140272
6.0411 0.144948
6.04463 0.14444
6.04873 0.144512
6.0529 0.144642
6.05874 0.146446
6.06281 0.144469
6.06717 0.144795
6.07092 0.144508
6.07492 0.144482
6.07928 0.144803
6.08302 0.144517
6.08696 0.144423
6.09107 0.144492
6.09837 0.14776
6.10113 0.144468
6.1052 0.144504
6.10923 0.144502
6.11327 0.144508
6.11727 0.144482
6.12157 0.144742
6.1217 0.144871
6.12537 0.144515
6.12935 0.144456
6.13412 0.145194
6.13903 0.144051
6.14063 0.14044
6.14294 0.144765
6.14864 0.146433
6.15309 0.144838
6.15678 0.14449
6.16082 0.144495
6.16485 0.144498
6.1688 0.144406
6.17293 0.144506
6.17697 0.144512
6.18097 0.144484
6.18853 0.148008
6.19123 0.14465
6.19539 0.144782
6.19911 0.144466
6.20317 0.144496
6.20724 0.144529
6.21141 0.144664
6.21153 0.144792
6.21563 0.144857
6.21935 0.144544
6.22557 0.146726
6.22935 0.144456
6.23364 0.144716
6.23913 0.146165
6.2406 0.140408
6.24259 0.144414
6.24669 0.144482
6.25108 0.144838
6.25476 0.144491
6.25874 0.144434
6.26287 0.144533
6.26681 0.144441
6.27092 0.14451
6.27698 0.146536
6.2771 0.146664
6.28127 0.144779
6.28537 0.144845
6.28915 0.144592
6.29344 0.144852
6.2984 0.145775
6.30109 0.144434
6.30522 0.14453
6.30923 0.144501
6.31557 0.146807
6.31932 0.144508
6.32335 0.144511
6.32759 0.144709
6.33165 0.144743
6.33659 0.145643
6.34053 0.140338
6.34104 0.144885
6.34117 0.145013
6.34463 0.144443
6.34867 0.144449
6.35284 0.144584
6.35297 0.144713
6.35672 0.144431
6.36083 0.144502
6.36746 0.147104
6.37089 0.144486
6.37487 0.144426
6.375 0.144555
6.37942 0.144943
6.38396 0.145457
6.3873 0.144755
6.39108 0.144502
6.39524 0.144634
6.39912 0.144477
6.40521 0.146531
6.40918 0.144454
6.41328 0.144522
6.41729 0.144494
6.42171 0.144882
6.42542 0.144562
6.42555 0.14469
6.42933 0.144436
6.43349 0.144564
6.43362 0.144692
6.439 0.146044
6.43913 0.146173
6.44061 0.140416
6.44259 0.144421
6.44663 0.144428
6.45086 0.144624
6.45676 0.146487
6.4608 0.144479
6.46484 0.144486
6.46888 0.144487
6.47292 0.144494
6.47699 0.144531
6.48102 0.144534
6.48115 0.144662
6.48538 0.144857
6.48916 0.144604
6.49538 0.146787
6.50031 0.145665
6.50316 0.144484
6.5072 0.144486
6.51149 0.144749
6.51559 0.144814
6.51931 0.144501
6.52348 0.144633
6.5236 0.144761
6.52803 0.14515
6.5336 0.146694
6.53656 0.143596
6.54047 0.140276
6.54111 0.144952
6.54668 0.146495
6.55098 0.144741
6.55476 0.144491
6.5588 0.144496
6.56284 0.144498
6.56713 0.144753
6.57094 0.144533
6.57494 0.144504
6.57943 0.144959
6.58546 0.146948
6.58936 0.144806
6.59343 0.14484
6.59839 0.145763
6.60108 0.144423
6.60121 0.144551
6.60521 0.144519
6.60925 0.144521
6.61318 0.144426
6.61728 0.14449
6.62337 0.146544
6.6275 0.144628
6.63167 0.144759
6.63661 0.145664
6.64045 0.140264
6.64122 0.145068
6.64472 0.144529
6.64875 0.144527
6.65305 0.144791
6.6567 0.144407
6.66074 0.144413
6.66478 0.144419
6.66891 0.144522
6.67503 0.14661
6.67917 0.144693
6.68397 0.145464
6.68718 0.144634
6.69108 0.144509
6.69518 0.144575
6.69916 0.144516
6.70309 0.144417
6.70719 0.144481
6.71328 0.146538
6.71732 0.144528
6.72142 0.144597
6.72555 0.144693
6.72933 0.144439
6.73363 0.1447
6.73914 0.146176
6.74061 0.140419
6.7426 0.144425
6.74663 0.144427
6.75099 0.144752
6.75477 0.144501
6.75882 0.144511
6.76478 0.14644
6.76885 0.14446
6.77289 0.144466
6.77699 0.14453
6.78102 0.144533
6.78115 0.144662
6.78538 0.144856
6.78929 0.144731
6.79333 0.144735
6.79838 0.145758
6.80313 0.146469
6.8072 0.14449
6.81152 0.14478
6.81559 0.144813
6.81931 0.1445
6.82335 0.144504
6.82803 0.145149
6.83155 0.144642
6.83168 0.14477
6.83659 0.145644
6.8405 0.140307
6.84114 0.144982
6.84463 0.144443
6.84873 0.144512
6.85479 0.146538
6.85883 0.144526
6.86281 0.14447
6.86752 0.145142
6.87091 0.144505
6.87485 0.144411
6.8794 0.144927
6.88395 0.145441
6.88728 0.14474
6.89369 0.147114
6.89836 0.14574
6.90119 0.144528
6.9051 0.144406
6.9092 0.144478
6.91327 0.144515
6.91731 0.144514
6.92135 0.14452
6.92538 0.144522
6.93179 0.146896
6.9341 0.143154
6.93875 0.14377
6.9406 0.140415
6.94471 0.146538
6.94875 0.144523
6.95298 0.14472
6.95679 0.144496
6.96082 0.144502
6.96477 0.144411
6.96881 0.144416
6.97291 0.144485
6.97689 0.144429
6.97701 0.144557
6.98413 0.147636
6.98842 0.145876
6.99111 0.144536
6.99512 0.144508
6.99909 0.144449
7.00318 0.144509
7.00723 0.144518
7.01127 0.144524
7.01559 0.144815
7.0213 0.146486
7.02542 0.144564
7.02555 0.144693
7.02933 0.144439
7.03363 0.1447
7.03914 0.14618
7.04061 0.140423
7.04273 0.144557
7.04664 0.144435
7.05106 0.144825
7.05472 0.144446
7.05873 0.14442
7.0628 0.144461
7.06723 0.144852
7.0729 0.146492
7.07694 0.144484
7.08098 0.144487
7.08536 0.14484
7.08908 0.144524
7.09328 0.144686
7.09843 0.145801
7.10109 0.144429
7.10522 0.144527
7.11153 0.146806
7.11525 0.144472
7.11931 0.144504
7.12335 0.144508
7.12758 0.144705
7.13168 0.14477
7.13661 0.145671
7.14052 0.140334
7.14116 0.145009
7.14469 0.144502
7.14876 0.14454
7.15296 0.144705
7.15681 0.144517
7.16277 0.146444
7.16353 0.147212
7.16716 0.144784
7.17087 0.144467
7.17498 0.144535
7.17914 0.14467
7.18395 0.145441
7.18728 0.14474
7.19106 0.144486
7.19523 0.144618
7.20119 0.146544
7.20512 0.144433
7.20525 0.144561
7.20925 0.144528
7.21326 0.144499
7.21729 0.144501
7.22172 0.14489
7.22542 0.144565
7.22555 0.144693
7.2294 0.144506
7.23369 0.144766
7.23921 0.146246
7.24068 0.14049
7.24286 0.144686
7.24299 0.144815
7.24667 0.144467
7.25312 0.146878
7.25677 0.144482
7.26081 0.144487
7.26488 0.144521
7.26891 0.144523
7.27295 0.144529
7.27699 0.144535
7.28103 0.144538
7.28539 0.144861
7.29135 0.146787
7.29147 0.146916
7.29583 0.145222
7.29935 0.144711
7.30319 0.144519
7.30723 0.144522
7.3114 0.144657
7.31153 0.144785
7.31559 0.144819
7.31935 0.144536
7.32364 0.144797
7.32944 0.146562
7.33364 0.144709
7.33662 0.143659
7.34049 0.140304
7.34261 0.146454
7.34274 0.146583
7.34681 0.144603
7.35104 0.1448
7.35479 0.144514
7.35882 0.144516
7.36276 0.144424
7.36712 0.144746
7.37087 0.144464
7.37494 0.144497
7.38138 0.146905
7.38535 0.144826
7.38929 0.144732
7.39346 0.144864
7.39841 0.145787
7.4011 0.144446
7.4052 0.144511
7.40927 0.144544
7.41327 0.144515
7.41933 0.146537
7.42337 0.144523
7.42759 0.144717
7.4317 0.144786
7.4366 0.145659
7.44048 0.140291
7.44112 0.144966
7.44125 0.145095
7.44474 0.144552
7.44865 0.14443
7.45298 0.144724
7.45682 0.144535
7.46087 0.144545
7.46487 0.144516
7.4709 0.146506
7.47506 0.144624
7.47914 0.144662
7.48394 0.145432
7.48727 0.144731
7.49105 0.144478
7.49534 0.144734
7.49906 0.144418
7.50319 0.144518
7.50921 0.146505
7.51325 0.14449
7.51728 0.144492
7.52171 0.144881
7.52555 0.144688
7.52939 0.144501
7.53349 0.144566
7.53362 0.144695
7.53913 0.146171
7.5406 0.140414
7.54272 0.144548
7.54669 0.144488
7.55096 0.14472
7.5548 0.144532
7.56077 0.146459
7.56089 0.146588
7.56483 0.144476
7.56887 0.144482
7.57294 0.144515
7.57698 0.144521
7.58102 0.144525
7.58537 0.144848
7.58915 0.144594
7.59335 0.144757
7.59348 0.144885
7.60033 0.147704
7.60046 0.147832
7.60315 0.144474
7.60722 0.144512
7.61145 0.144705
7.61561 0.144836
7.6193 0.144491
7.62347 0.144623
7.6277 0.144821
7.63167 0.144761
7.63654 0.1456
7.64048 0.140294
7.641 0.144841
7.64112 0.144969
7.64465 0.144462
7.651 0.144759
7.65113 0.144887
7.65478 0.144508
7.65879 0.144483
7.66286 0.144519
7.66721 0.144841
7.67083 0.144426
7.67497 0.144526
7.67901 0.144532
7.68397 0.145463
7.68948 0.146941
7.69365 0.145056
7.69841 0.145788
7.70111 0.144448
7.70521 0.144517
7.70924 0.144519
7.71328 0.144525
7.71722 0.144426
7.72158 0.144752
7.72171 0.14488
7.72763 0.146771
7.7318 0.144885
7.7341 0.14316
7.74061 0.140422
7.74125 0.146275
7.74138 0.146404
7.74474 0.144554
7.74865 0.144428
7.75301 0.144754
7.75682 0.14453
7.76086 0.144539
7.7649 0.144545
7.76888 0.144489
7.77295 0.144526
7.7793 0.14684
7.784 0.145497
7.78734 0.144796
7.79112 0.144542
7.79531 0.144705
7.79916 0.144518
7.80319 0.144516
7.80725 0.144546
7.81129 0.144552
7.81142 0.14468
7.81732 0.146543
7.82142 0.144595
7.82555 0.144691
7.8294 0.144503
7.83362 0.144697
7.83914 0.146177
7.84061 0.140421
7.8426 0.144426
7.84664 0.144433
7.85097 0.144726
7.85109 0.144855
7.85475 0.144476
7.85882 0.144516
7.86286 0.144522
7.86882 0.144434
7.86895 0.144562
7.87286 0.144436
7.877 0.144539
7.8811 0.144605
7.88545 0.144928
7.88923 0.144675
7.89343 0.144838
7.89845 0.145822
7.90114 0.144482
7.9072 0.146504
7.91155 0.144812
7.91562 0.144846
7.91931 0.144498
7.92334 0.144501
7.92761 0.14473
7.93167 0.144764
7.93661 0.145664
7.94052 0.140327
7.94103 0.144874
7.94116 0.145003
7.94468 0.144496
7.94869 0.144467
7.95478 0.146524
7.95876 0.14445
7.95889 0.144579
7.96277 0.144425
7.96715 0.144781
7.97093 0.144527
7.97497 0.144529
7.97914 0.144664
7.98394 0.145434
7.98727 0.144733
7.99109 0.144511
7.99743 0.146818
8.00108 0.14442
8.00121 0.144548
8.00515 0.144459
8.00925 0.144527
8.01329 0.144534
8.0173 0.144505
8.02127 0.144445
8.0254 0.144537
8.02937 0.144478
8.03414 0.145216
8.03876 0.143781
8.04062 0.140426
8.04488 0.146708
8.04879 0.144568
8.05308 0.144827
8.05677 0.144479
8.06084 0.144515
8.06487 0.144517
8.06891 0.144523
8.07292 0.144497
8.07693 0.144471
8.08093 0.144442
8.08709 0.144545
8.08721 0.144674
8.09115 0.144579
8.09516 0.14455
8.09913 0.144487
8.10322 0.144546
8.10726 0.144548
8.11136 0.14462
8.11149 0.144748
8.11533 0.144555
8.11934 0.14453
8.12559 0.146744
8.12937 0.144474
8.13366 0.144734
8.13914 0.146183
8.14062 0.140427
8.14292 0.144752
8.14671 0.144501
8.15109 0.144849
8.15481 0.144533
8.15885 0.144542
8.16286 0.144517
8.16683 0.14446
8.17302 0.146611
8.17712 0.144666
8.18142 0.144927
8.18539 0.144864
8.18917 0.144611
8.19346 0.144871
8.19845 0.145825
8.20114 0.144484
8.20524 0.144549
8.20925 0.14452
8.21559 0.146831
8.21934 0.144531
8.22338 0.144535
8.22764 0.144763
8.23171 0.144797
8.23658 0.145632
8.24048 0.140295
8.24113 0.14497
8.24462 0.144431
8.24875 0.144531
8.25289 0.144631
8.25677 0.144477
8.26286 0.146533
8.26715 0.144776
8.2709 0.14449
8.27497 0.144527
8.27917 0.144693
8.28397 0.145464
8.2873 0.144762
8.29108 0.144509
8.29525 0.144641
8.29916 0.144515
8.30515 0.144455
8.30528 0.144583
8.30925 0.144523
8.31322 0.144463
8.31729 0.144496
8.32171 0.144885
8.32545 0.144591
8.32558 0.14472
8.32943 0.144532
8.33365 0.144726
8.3392 0.146241
8.34067 0.140485
8.34285 0.144681
8.34298 0.14481
8.34664 0.144431
8.35321 0.14697
8.3568 0.144512
8.36078 0.144455
8.36485 0.144489
8.36891 0.144521
8.37294 0.144516
8.37698 0.144522
8.38114 0.144654
8.38127 0.144782
8.38537 0.144848
8.39146 0.146903
8.39582 0.145209
8.39925 0.144604
8.39937 0.144733
8.40322 0.144541
8.40725 0.144543
8.41155 0.144807
8.41562 0.14484
8.41937 0.144558
8.42353 0.14469
8.42808 0.145207
8.43369 0.146782
8.43668 0.143716
8.44049 0.140298
8.44292 0.146768
8.4467 0.144497
8.451 0.144756
8.45481 0.144533
8.45884 0.14453
8.46287 0.144532
8.46713 0.14476
8.47085 0.144447
8.47492 0.14448
8.48133 0.146857
8.48146 0.146986
8.48575 0.145226
8.4894 0.144844
8.49344 0.144848
8.49843 0.145801
8.50112 0.144461
8.50519 0.144494
8.50916 0.14443
8.5132 0.144436
8.51733 0.144536
8.52339 0.144542
8.52752 0.144639
8.53168 0.14477
8.53662 0.145674
8.54056 0.140369
8.5412 0.145044
8.54463 0.144439
8.54867 0.144445
8.55309 0.144837
8.55681 0.14452
8.56085 0.144529
8.56489 0.144535
8.57092 0.14653
8.57509 0.144648
8.57929 0.144814
8.58396 0.145456
8.58717 0.144626
8.59108 0.144501
8.59533 0.144727
8.59918 0.144539
8.60322 0.144541
8.60924 0.146528
8.61324 0.144483
8.61731 0.144516
8.62173 0.144904
8.62557 0.144712
8.62942 0.144524
8.63352 0.14459
8.63365 0.144718
8.63916 0.146195
8.64063 0.140438
8.64262 0.144443
8.64669 0.144481
8.65098 0.144744
8.65477 0.144493
8.66086 0.146549
8.66486 0.144504
8.6689 0.144506
8.67293 0.144508
8.67697 0.144514
8.68114 0.144646
8.68536 0.14484
8.68914 0.144587
8.69337 0.144781
8.6935 0.144909
8.70048 0.147856
8.70317 0.144498
8.70715 0.144438
8.71144 0.144697
8.71564 0.14486
8.71932 0.144515
8.72349 0.144647
8.72772 0.144844
8.7317 0.144785
8.7366 0.145658
8.74054 0.140353
8.74106 0.1449
8.74118 0.145028
8.74471 0.144521
8.75102 0.1468
8.75481 0.144532
8.75875 0.144444
8.76288 0.14454
8.7672 0.14483
8.77092 0.144513
8.77496 0.144519
8.77932 0.144845
8.784 0.145487
8.78951 0.146966
8.79367 0.145077
8.79802 0.1454
8.80117 0.144507
8.80524 0.144545
8.80924 0.144516
8.81328 0.144522
8.81732 0.144524
8.82136 0.14453
8.82539 0.144533
8.8317 0.144793
8.83414 0.143196
8.84055 0.14036
8.84132 0.146343
8.84472 0.144529
8.84866 0.144438
8.84879 0.144566
8.85309 0.144829
8.85683 0.144539
8.86084 0.144513
8.86488 0.14452
8.86892 0.144526
8.87286 0.144435
8.88036 0.147902
8.88401 0.145503
8.88734 0.144802
8.89112 0.144548
8.89532 0.144711
8.89917 0.144524
8.9032 0.144522
8.90726 0.144552
8.9112 0.144461
8.91133 0.144589
8.91732 0.146549
8.92143 0.144601
8.92556 0.144697
8.92943 0.14454
8.93366 0.144734
8.93914 0.146183
8.94062 0.140427
8.9428 0.144623
8.94674 0.144532
8.95097 0.144729
8.9511 0.144857
8.95475 0.144478
8.95886 0.14455
8.9629 0.144556
8.96885 0.14648
8.97289 0.144466
8.977 0.144538
8.98109 0.144604
8.98545 0.144927
8.98923 0.144673
8.99346 0.144867
8.99803 0.145404
9.00117 0.144512
9.00723 0.14654
9.01159 0.144844
9.01565 0.144878
9.01934 0.144529
9.02331 0.14447
9.02767 0.144796
9.03171 0.144798
9.03667 0.14573
9.04052 0.140327
9.04116 0.145003
9.04465 0.144464
9.04866 0.144438
9.05292 0.144666
9.05879 0.146501
9.0628 0.144458
9.06722 0.144842
9.07093 0.144521
9.07496 0.144522
9.07935 0.144878
9.07948 0.145006
9.08301 0.144499
9.08704 0.144502
9.09102 0.144442
9.0974 0.146791
9.09753 0.146919
9.10112 0.144458
9.10525 0.144556
9.10928 0.144553
9.11332 0.14456
9.11729 0.144499
9.12171 0.144888
9.12539 0.144532
9.12937 0.144473
9.13366 0.144733
9.13882 0.143846
9.14068 0.140491
9.14286 0.144688
9.14299 0.144816
9.14869 0.146488
9.14882 0.146617
9.15299 0.144735
9.15674 0.144452
9.16084 0.14452
9.16488 0.144522
9.16888 0.144493
9.17299 0.144562
9.17696 0.144505
9.18113 0.144637
9.18856 0.148033
9.19125 0.144675
9.19529 0.144679
9.1992 0.144553
9.20323 0.144552
9.20726 0.144555
9.21137 0.144623
9.21149 0.144752
9.21556 0.144781
9.21934 0.144534
9.22559 0.146747
9.22937 0.144477
9.23366 0.144737
9.23918 0.146218
9.23931 0.146346
9.24065 0.140461
9.24264 0.144466
9.24674 0.144535
9.25106 0.144821
9.25478 0.144504
9.25885 0.144545
9.26286 0.144519
9.26684 0.144463
9.27088 0.144469
9.27703 0.146589
9.28139 0.144894
9.28536 0.144832
9.28548 0.14496
9.28926 0.144707
9.29343 0.144839
9.29804 0.14541
9.30118 0.144518
9.30515 0.144454
9.30928 0.144553
9.31559 0.146833
9.31937 0.144565
9.32341 0.144568
9.32755 0.144669
9.33171 0.144796
9.33664 0.145701
9.34068 0.140491
9.34119 0.145039
9.34472 0.144531
9.34876 0.144538
9.35302 0.144766
9.35677 0.144484
9.36078 0.144458
9.36716 0.146803
9.37091 0.1445
9.37498 0.144538
9.3795 0.145023
9.38392 0.145409
9.38709 0.144547
9.39113 0.144551
9.39516 0.144554
9.39917 0.144526
9.40516 0.146486
9.40529 0.146615
9.40923 0.144506
9.41324 0.144478
9.4173 0.144511
9.42173 0.144899
9.42217 0.145347
9.42557 0.144707
9.42944 0.14455
9.43354 0.144616
9.43367 0.144744
9.43922 0.14626
9.44056 0.140375
9.443 0.144828
9.44678 0.144578
9.45092 0.144681
9.45682 0.146547
9.46079 0.14447
9.46486 0.144503
9.4689 0.144505
9.47293 0.144507
9.47697 0.144513
9.48126 0.144773
9.48536 0.14484
9.48914 0.144586
9.49536 0.146769
9.50032 0.145683
9.50324 0.144564
9.50727 0.144566
9.51151 0.144763
9.51567 0.14489
9.51925 0.144444
9.52355 0.144704
9.5281 0.145221
9.53374 0.146828
9.53669 0.14373
9.54053 0.140344
9.54118 0.14502
9.54685 0.14666
9.55101 0.144774
9.5548 0.144523
9.5588 0.144494
9.56286 0.144523
9.56719 0.144817
9.57097 0.144566
9.57495 0.144506
9.57943 0.14496
9.58578 0.147269
9.58943 0.14487
9.59347 0.144874
9.59813 0.145508
9.60115 0.144487
9.60159 0.144935
9.60521 0.14452
9.60928 0.144553
9.61332 0.14456
9.61735 0.144562
9.62341 0.146585
9.62751 0.144638
9.63171 0.1448
9.63665 0.145704
9.64065 0.140464
9.6413 0.14514
9.64469 0.1445
9.64872 0.144502
9.65305 0.144796
9.6568 0.144514
9.66085 0.144524
9.66492 0.144561
9.66896 0.144567
9.67511 0.14669
9.67931 0.144839
9.68399 0.145482
9.68719 0.144652
9.6911 0.144527
9.6952 0.144593
9.69918 0.144533
9.70324 0.144563
9.70727 0.144561
9.71333 0.146587
9.71733 0.144542
9.72144 0.144611
9.72157 0.144739
9.72557 0.144706
9.72944 0.14455
9.73367 0.144744
9.73921 0.146251
9.74056 0.140366
9.74299 0.14482
9.74668 0.144472
9.75094 0.144703
9.75107 0.144832
9.75473 0.144453
9.75876 0.144458
9.76482 0.14648
9.76889 0.1445
9.77293 0.144507
9.77697 0.144509
9.78126 0.144769
9.78536 0.144835
9.78927 0.14471
9.7933 0.144713
9.79846 0.145834
9.80317 0.146514
9.80724 0.144534
9.81153 0.14479
9.81566 0.144886
9.81932 0.144506
9.82335 0.144509
9.82765 0.144769
9.83158 0.144675
9.83171 0.144803
9.83662 0.145676
9.84066 0.140468
9.84117 0.145015
9.84463 0.144445
9.84867 0.144447
9.85483 0.146571
9.85877 0.144466
9.86284 0.144503
9.8672 0.144824
9.87091 0.144507
9.87495 0.144513
9.87925 0.144777
9.88393 0.145419
9.88707 0.144527
9.89379 0.14722
9.89808 0.14546
9.90155 0.144887
9.90526 0.14457
9.90924 0.144509
9.91327 0.144516
9.91734 0.144549
9.9216 0.144777
9.92539 0.144527
9.93173 0.146834
9.93186 0.146963
9.93416 0.143221
9.93881 0.143837
9.94067 0.140482
9.94477 0.1466
9.9449 0.146729
9.94868 0.144458
9.95311 0.144849
9.95681 0.144524
9.96082 0.144498
9.96486 0.144505
9.96884 0.144448
9.97288 0.144455
9.97698 0.144527
9.98416 0.147668
9.98845 0.145908
9.99114 0.144568
9.99518 0.144567
9.99915 0.144508

